4.212729036808013916e-01
1.292995929718017578e+00
3.045346438884735107e-01
1.401861310005187988e+00
2.030105113983154297e+00
9.805243015289306641e-01
4.770577847957611084e-01
-4.643022418022155762e-01
9.374435245990753174e-02
-4.727536439895629883e-01
-1.930690109729766846e-01
-4.875083565711975098e-01
-3.531587719917297363e-01
-1.134844183921813965e+00
6.143283247947692871e-01
5.565651133656501770e-02
-4.531368911266326904e-01
3.814058899879455566e-01
3.163559734821319580e-02
-3.638588786125183105e-01
-5.771507620811462402e-01
-7.356593012809753418e-01
-1.043044030666351318e-01
-1.269870102405548096e-01
3.786244094371795654e-01
1.427050590515136719e+00
9.470437765121459961e-01
-5.511326789855957031e-01
1.158581003546714783e-01
-8.919321894645690918e-01
1.479909569025039673e-01
1.238823175430297852e+00
7.441515922546386719e-01
1.133297681808471680e+00
4.679318070411682129e-01
-2.315430045127868652e-01
5.065165758132934570e-01
-2.057273983955383301e-01
-3.466931283473968506e-01
-2.951273322105407715e-02
4.285424053668975830e-01
-8.302143961191177368e-02
3.044220805168151855e-01
-5.725859850645065308e-02
-2.407560199499130249e-01
-2.646847963333129883e-01
-1.508261263370513916e-01
-2.313875257968902588e-01
-2.022275179624557495e-01
-5.831212401390075684e-01
2.119152545928955078e-01
2.517665624618530273e-01
4.222727119922637939e-01
-3.437040746212005615e-01
7.371621131896972656e-01
-5.179818272590637207e-01
-5.564913749694824219e-01
-2.942944765090942383e-01
-7.620872464030981064e-03
-5.093979239463806152e-01
-5.794266462326049805e-01
-6.064081788063049316e-01
-9.177753329277038574e-02
4.445719346404075623e-02
2.047915458679199219e-01
2.699569165706634521e-01
3.111719489097595215e-01
-1.106625795364379883e-01
2.672251164913177490e-01
-1.355412453413009644e-01
3.235358893871307373e-01
2.770733237266540527e-01
4.833447933197021484e-01
-2.696922719478607178e-01
3.551032543182373047e-01
2.871588468551635742e-01
4.778616428375244141e-01
6.794164180755615234e-01
6.259717345237731934e-01
3.627568781375885010e-01
1.739856749773025513e-01
-1.498313397169113159e-01
-7.194264531135559082e-01
-8.609810471534729004e-02
2.558038830757141113e-01
3.743644952774047852e-01
2.692322134971618652e-01
-4.345765337347984314e-02
-1.977118700742721558e-01
-5.791428685188293457e-01
5.190043523907661438e-02
-4.285030961036682129e-01
-9.494040906429290771e-02
-4.449176192283630371e-01
-8.397330641746520996e-01
1.925777047872543335e-01
-1.019333899021148682e-01
-5.100119709968566895e-01
-1.530061662197113037e-01
-3.124055564403533936e-01
-4.942107200622558594e-01
3.736937344074249268e-01
1.098999142646789551e+00
-3.605386614799499512e-01
6.549556851387023926e-01
3.269168734550476074e-01
-1.633645594120025635e-01
2.515028417110443115e-01
2.556280791759490967e-01
3.713769316673278809e-01
3.871956467628479004e-02
-2.671524286270141602e-01
1.566551327705383301e-01
3.800500929355621338e-01
-5.971994400024414062e-01
-5.478109121322631836e-01
1.108231022953987122e-01
-1.462037861347198486e-02
-1.662436127662658691e-01
4.464219212532043457e-01
1.113875731825828552e-01
-3.270543515682220459e-01
5.669489502906799316e-01
-2.897278368473052979e-01
-4.178887605667114258e-01
-8.040212988853454590e-01
-2.049050480127334595e-01
-7.059211730957031250e-01
4.386363551020622253e-03
-3.163184523582458496e-01
1.097092777490615845e-01
2.805422246456146240e-01
4.160988032817840576e-01
3.986982107162475586e-01
3.440238833427429199e-01
2.810135483741760254e-01
4.695340991020202637e-01
2.882710397243499756e-01
5.793808102607727051e-01
6.447772979736328125e-01
4.639636576175689697e-01
-1.757137030363082886e-01
-2.733519971370697021e-01
-2.805634140968322754e-01
-1.944993287324905396e-01
-2.636887729167938232e-01
-4.041509926319122314e-01
-4.760283827781677246e-01
-5.862156748771667480e-01
-4.033820033073425293e-01
-2.606664597988128662e-01
2.576691210269927979e-01
4.804355651140213013e-02
2.127057686448097229e-02
3.493578135967254639e-01
-1.753251254558563232e-01
3.167702257633209229e-01
-2.424302995204925537e-01
1.632528305053710938e-01
-3.687891364097595215e-01
-5.142661929130554199e-01
-2.686059772968292236e-01
-1.867909282445907593e-01
3.945571780204772949e-01
5.373484492301940918e-01
-3.988424241542816162e-01
5.219249129295349121e-01
-3.648106455802917480e-01
3.529543578624725342e-01
3.075106143951416016e-01
-5.066992044448852539e-01
4.277167022228240967e-01
-8.951214700937271118e-02
3.040067553520202637e-01
2.441890537738800049e-03
4.428423643112182617e-01
-5.304367542266845703e-01
-4.654518514871597290e-02
-9.673195481300354004e-01
-3.082426078617572784e-02
-5.976357460021972656e-01
-3.894545510411262512e-02
1.348363514989614487e-02
-1.825821995735168457e-01
-4.214644432067871094e-01
6.382519751787185669e-02
5.744756460189819336e-01
2.176442146301269531e-01
6.100525856018066406e-01
1.822582781314849854e-01
-4.738968610763549805e-02
-2.271282821893692017e-01
-8.473709821701049805e-01
9.144512563943862915e-02
2.955749630928039551e-01
-1.114119216799736023e-01
1.712995618581771851e-01
1.657195687294006348e-01
-4.111139848828315735e-02
-6.750892400741577148e-01
4.783799946308135986e-01
-3.141669631004333496e-01
-4.630747139453887939e-01
2.738803625106811523e-01
-7.054135799407958984e-01
2.819192782044410706e-02
-2.749109826982021332e-02
-4.049125015735626221e-01
-5.078783631324768066e-01
-2.126904577016830444e-01
9.366743564605712891e-01
1.000384807586669922e+00
2.788354158401489258e-01
2.640314698219299316e-01
-3.876382112503051758e-01
1.280153393745422363e-01
-1.515375971794128418e-01
7.160626649856567383e-01
1.716432534158229828e-02
6.170162558555603027e-02
-3.449139297008514404e-01
-2.825788557529449463e-01
-6.202455759048461914e-01
8.145742863416671753e-02
-3.231215104460716248e-02
1.446891427040100098e-01
8.384416252374649048e-02
4.309097528457641602e-01
8.384970575571060181e-02
2.298853248357772827e-01
1.258466690778732300e-01
4.857462346553802490e-01
-5.301421284675598145e-01
-7.574388384819030762e-01
-4.063556790351867676e-01
-3.941976130008697510e-01
9.270808845758438110e-02
2.754400670528411865e-01
4.756405949592590332e-02
-4.760890007019042969e-01
-1.966648846864700317e-01
-1.038329396396875381e-02
7.288720011711120605e-01
3.904294371604919434e-01
4.765260517597198486e-01
2.894293665885925293e-01
7.297410070896148682e-02
-1.674981266260147095e-01
5.396192669868469238e-01
3.162351846694946289e-01
6.630444526672363281e-01
-1.550197601318359375e-01
1.289614010602235794e-02
-6.480752229690551758e-01
-2.053005993366241455e-01
-9.378725290298461914e-02
-2.559524178504943848e-01
3.720264136791229248e-01
8.628425598144531250e-01
4.682033360004425049e-01
2.293346524238586426e-01
-5.327646136283874512e-01
3.632153272628784180e-01
-2.688520550727844238e-01
2.479695379734039307e-01
-1.060744076967239380e-01
-6.914862990379333496e-02
-5.070335268974304199e-01
6.213538348674774170e-02
-2.391272634267807007e-01
4.931849241256713867e-02
-4.995507597923278809e-01
1.345638483762741089e-01
-2.221430540084838867e-01
6.901996135711669922e-01
1.753684878349304199e-01
6.286197304725646973e-01
9.456511139869689941e-01
5.612498521804809570e-01
6.246945261955261230e-01
1.228925287723541260e-01
-1.364616900682449341e-01
-6.163046956062316895e-01
-7.802336215972900391e-01
-1.704833060503005981e-01
-5.870330333709716797e-01
-8.236344456672668457e-01
-3.909871578216552734e-01
-2.039618194103240967e-01
-6.808159947395324707e-01
1.400201767683029175e-01
2.890797555446624756e-01
1.871917843818664551e-01
-9.109332412481307983e-02
9.603267312049865723e-01
-3.352453708648681641e-01
6.647805571556091309e-01
3.064295053482055664e-01
4.237760305404663086e-01
-5.266865491867065430e-01
5.793700739741325378e-02
-3.149220719933509827e-03
-5.683610439300537109e-01
7.873857021331787109e-01
-9.269247949123382568e-02
4.015766680240631104e-01
3.708584010601043701e-01
5.994545221328735352e-01
5.222171545028686523e-01
1.880942583084106445e-01
4.993816018104553223e-01
-4.642279446125030518e-01
-7.405260950326919556e-02
-5.239224433898925781e-01
-1.098483681678771973e+00
-6.392057538032531738e-01
-7.022625803947448730e-01
-2.832289040088653564e-01
-6.895802021026611328e-01
-3.534520864486694336e-01
4.227223694324493408e-01
2.009320408105850220e-01
8.639476448297500610e-02
1.606887131929397583e-01
2.596760690212249756e-01
2.911601401865482330e-02
3.044792637228965759e-02
5.329379439353942871e-01
3.821889460086822510e-01
4.332177340984344482e-01
8.242802321910858154e-02
-7.106718420982360840e-01
3.229166269302368164e-01
7.835105061531066895e-02
2.799746394157409668e-02
1.739338785409927368e-01
4.136711061000823975e-01
8.888031244277954102e-01
3.302675485610961914e-01
-7.493927143514156342e-03
1.425650715827941895e-01
-2.394004957750439644e-03
-2.375336885452270508e-01
-3.832642734050750732e-02
-6.042132973670959473e-01
-9.447102546691894531e-01
-9.337564110755920410e-01
1.894463151693344116e-01
-2.631730437278747559e-01
-3.438216149806976318e-01
-9.537214040756225586e-02
-2.649095356464385986e-01
4.045280814170837402e-01
-1.963880211114883423e-01
5.419263243675231934e-01
-2.829377055168151855e-01
1.600007712841033936e-01
-1.067425832152366638e-01
7.595426589250564575e-02
-2.089783102273941040e-01
-1.198664829134941101e-01
-2.945708334445953369e-01
3.654377162456512451e-02
2.107902020215988159e-01
2.467932552099227905e-01
8.059815168380737305e-01
3.476285040378570557e-01
9.205992221832275391e-01
6.496866233646869659e-03
2.348837107419967651e-01
-3.556271269917488098e-02
-8.482508659362792969e-01
-6.848415136337280273e-01
-9.861361235380172729e-02
3.036093711853027344e-01
-7.117933779954910278e-02
-9.619366526603698730e-01
-9.074770659208297729e-02
-3.420870900154113770e-01
-3.596120178699493408e-01
-3.582109808921813965e-01
-7.615396976470947266e-01
2.199499607086181641e-01
6.893979758024215698e-02
-3.708282113075256348e-01
1.665517240762710571e-01
1.081098675727844238e+00
9.482806921005249023e-02
-5.571102499961853027e-01
-8.299193382263183594e-01
-1.225778222084045410e+00
-2.474464774131774902e-01
6.118707060813903809e-01
6.775385141372680664e-01
1.094684004783630371e+00
6.101756691932678223e-01
8.343029022216796875e-01
5.526212453842163086e-01
5.593547224998474121e-01
-3.005513250827789307e-01
2.628256976604461670e-01
-5.884589552879333496e-01
6.759802997112274170e-02
-8.982967734336853027e-01
3.960565924644470215e-01
-7.126636505126953125e-01
-6.534440815448760986e-02
-4.801801741123199463e-01
4.275344014167785645e-01
4.822415113449096680e-01
5.055913329124450684e-01
-6.185208559036254883e-01
1.924182623624801636e-01
-5.562036633491516113e-01
1.014345884323120117e-01
-3.114680349826812744e-01
4.524077773094177246e-01
1.370676636695861816e+00
9.277935028076171875e-01
3.988210856914520264e-01
-6.661289185285568237e-02
-5.134387314319610596e-02
-1.358875781297683716e-01
1.273930072784423828e-01
4.675631821155548096e-01
1.658141314983367920e-01
-3.048052191734313965e-01
-2.643093466758728027e-01
-6.353521347045898438e-02
1.081104129552841187e-01
-1.075598150491714478e-01
-2.039384562522172928e-03
-8.226209282875061035e-01
2.184461057186126709e-01
-3.622632026672363281e-01
-1.442525070160627365e-02
4.366461187601089478e-02
-6.048942208290100098e-01
-2.317389398813247681e-01
-5.232227444648742676e-01
2.888509035110473633e-01
3.368935883045196533e-01
7.462218403816223145e-01
3.314277529716491699e-01
1.352049559354782104e-01
-6.836701035499572754e-01
-4.977209270000457764e-01
-2.928109169006347656e-01
1.808869838714599609e-02
-2.750683762133121490e-02
1.110937446355819702e-01
3.889730870723724365e-01
-4.241498932242393494e-02
3.876826167106628418e-01
7.601286768913269043e-01
1.095986962318420410e+00
4.675581455230712891e-01
-1.818020939826965332e-01
3.095697462558746338e-01
-3.356271088123321533e-01
-3.977358639240264893e-01
-3.538058698177337646e-01
-3.953587710857391357e-01
-1.318906396627426147e-01
-1.716152764856815338e-02
1.601373404264450073e-01
-1.067345440387725830e-01
-5.483567714691162109e-01
-1.292304694652557373e-01
1.382469106465578079e-02
1.741290986537933350e-01
-3.383237719535827637e-01
3.406982123851776123e-02
6.639831066131591797e-01
-8.737286180257797241e-02
-1.098743155598640442e-01
9.464409202337265015e-02
-2.351009473204612732e-02
2.388187199831008911e-01
-2.283292077481746674e-02
2.445141673088073730e-01
4.387818276882171631e-01
-6.416003406047821045e-02
3.316335678100585938e-01
2.803411707282066345e-02
3.689533472061157227e-01
-3.561142385005950928e-01
3.441804051399230957e-01
6.068421006202697754e-01
3.669349551200866699e-01
-1.537385731935501099e-01
-2.041722647845745087e-02
-5.387945771217346191e-01
9.208489209413528442e-02
2.683397233486175537e-01
-1.423494070768356323e-01
-2.800700254738330841e-03
4.239059686660766602e-01
2.037300467491149902e-01
-1.812279224395751953e-03
4.219619035720825195e-01
-4.571609497070312500e-01
-3.952286764979362488e-02
-2.469106018543243408e-01
-1.155548930168151855e+00
3.509592413902282715e-01
-5.290697216987609863e-01
-5.225789546966552734e-01
-1.016400814056396484e+00
-1.327926479279994965e-02
5.233474373817443848e-01
-5.534983053803443909e-02
-3.032983839511871338e-01
