1.521417051553726196e-01
-8.973585069179534912e-02
2.414962947368621826e-01
-3.845686092972755432e-02
5.558764189481735229e-02
2.523001432418823242e-01
-7.403516024351119995e-02
1.772530935704708099e-02
-9.902083128690719604e-02
1.454921066761016846e-01
-4.429828822612762451e-01
-8.395381271839141846e-02
-3.081612884998321533e-01
-2.342887371778488159e-01
-1.940292418003082275e-01
-1.972415000200271606e-01
-1.796844899654388428e-01
2.853433834388852119e-03
6.320230662822723389e-02
-1.235895678400993347e-01
-2.918170690536499023e-01
-2.342590987682342529e-01
1.687970310449600220e-01
4.388931095600128174e-01
-2.483331263065338135e-01
3.795446753501892090e-01
3.168171346187591553e-01
-4.135507643222808838e-01
-1.259521394968032837e-01
-8.525130748748779297e-01
-3.246150612831115723e-01
-6.195090413093566895e-01
-4.460154771804809570e-01
3.394818305969238281e-01
1.123734593391418457e+00
5.953030586242675781e-01
3.452848494052886963e-01
2.953580319881439209e-01
-6.891824305057525635e-02
-8.585263788700103760e-02
-5.227819681167602539e-01
-7.660446166992187500e-01
-1.467597950249910355e-02
-6.353697776794433594e-01
-1.266147494316101074e-01
-4.644237160682678223e-01
-5.858932435512542725e-02
-3.443355262279510498e-01
-3.054958581924438477e-01
-3.106756508350372314e-02
-3.251340985298156738e-02
-1.311083734035491943e-01
-1.380880177021026611e-01
1.852654963731765747e-01
3.836709260940551758e-02
-1.531852781772613525e-02
-4.409280121326446533e-01
4.010525345802307129e-01
3.829088062047958374e-03
4.135807752609252930e-01
2.787011265754699707e-01
1.636445969343185425e-01
-4.593282565474510193e-02
1.153123676776885986e-01
-1.946771889925003052e-01
2.091979384422302246e-01
-3.860228657722473145e-01
-1.996626108884811401e-01
-6.713891029357910156e-02
-4.414477050304412842e-01
-3.054668009281158447e-01
-1.288964599370956421e-01
-3.966997191309928894e-02
-3.492575585842132568e-01
4.253184199333190918e-01
1.074949264526367188e+00
4.652141928672790527e-01
1.063897386193275452e-01
6.436300873756408691e-01
1.319794505834579468e-01
-2.731738388538360596e-01
-3.061187565326690674e-01
-4.924719035625457764e-01
-5.847778916358947754e-01
-3.497861027717590332e-01
-5.605863332748413086e-01
-5.106863379478454590e-01
-1.061307266354560852e-01
-3.472816050052642822e-01
-1.905612051486968994e-01
-3.481293320655822754e-01
-1.234728023409843445e-01
8.162613958120346069e-03
-3.303054347634315491e-02
1.875894218683242798e-01
1.696252226829528809e-01
2.682898342609405518e-01
1.106170415878295898e-01
5.345202684402465820e-01
-2.967639565467834473e-01
-1.646702885627746582e-01
1.451891064643859863e-01
2.912662029266357422e-01
-6.242781877517700195e-01
1.167647615075111389e-01
-2.165589481592178345e-01
-1.900095492601394653e-01
-9.016861766576766968e-02
-2.151099890470504761e-01
-1.063344776630401611e-01
1.995061933994293213e-01
-2.001176923513412476e-01
-1.039931029081344604e-01
-4.381474852561950684e-02
9.407390654087066650e-02
-9.348005801439285278e-02
-3.170480579137802124e-02
-1.929045319557189941e-01
9.694390743970870972e-02
1.487431526184082031e-01
9.320567846298217773e-01
8.180650472640991211e-01
4.030393362045288086e-01
4.859261810779571533e-01
-3.919025883078575134e-02
-1.940732002258300781e-01
-2.429810315370559692e-01
-6.262512207031250000e-01
-2.857819497585296631e-01
-4.790152311325073242e-01
-5.364288687705993652e-01
-2.116515189409255981e-01
-3.528145253658294678e-01
-1.136411279439926147e-01
-4.657637178897857666e-01
-3.063815087080001831e-02
-3.966760635375976562e-01
-3.624877333641052246e-01
6.544609367847442627e-02
-2.634725272655487061e-01
5.811860412359237671e-02
2.400018274784088135e-01
-3.177012875676155090e-02
1.460937857627868652e-01
-2.088875323534011841e-02
-2.093471437692642212e-01
-8.002079278230667114e-02
-2.105851769447326660e-01
-2.613949775695800781e-01
-1.736969053745269775e-01
-2.301829010248184204e-01
-2.872893810272216797e-01
-1.231218129396438599e-01
2.316840738058090210e-01
1.106166958808898926e+00
5.020357966423034668e-01
2.510160505771636963e-01
7.467032670974731445e-01
4.095216989517211914e-01
5.229504033923149109e-02
-1.659353077411651611e-01
-3.973279595375061035e-01
-7.964581996202468872e-02
-4.881623014807701111e-02
-4.194816946983337402e-02
-4.817663431167602539e-01
-3.859479129314422607e-01
-5.481331944465637207e-01
-4.259381592273712158e-01
5.100748687982559204e-02
-2.393302042037248611e-03
-4.911197721958160400e-01
3.280136287212371826e-01
-7.089595496654510498e-02
-3.013717755675315857e-02
-5.538443848490715027e-02
-6.831037998199462891e-02
-4.868241548538208008e-01
-2.027153782546520233e-02
4.565941914916038513e-02
-3.357289433479309082e-01
1.275809705257415771e-01
8.920781314373016357e-02
2.984972670674324036e-04
-3.924587666988372803e-01
1.824592798948287964e-01
-3.451570272445678711e-01
2.476297616958618164e-01
1.304024606943130493e-01
-7.913044840097427368e-02
-1.317395567893981934e-01
-2.673681639134883881e-02
4.570421576499938965e-01
8.931117057800292969e-01
5.439542531967163086e-01
-6.173725426197052002e-02
6.312934756278991699e-01
2.810641229152679443e-01
1.367218792438507080e-01
-6.244183182716369629e-01
8.991654962301254272e-02
-9.101348519325256348e-01
-6.401904225349426270e-01
-3.440816402435302734e-01
-9.087768197059631348e-01
2.526651322841644287e-01
-9.309341758489608765e-02
-2.440761923789978027e-01
-2.657882571220397949e-01
-4.145240187644958496e-01
-2.390177249908447266e-01
-1.732658147811889648e-01
-1.148640215396881104e-01
1.297453492879867554e-01
-1.203476637601852417e-01
9.820495732128620148e-03
-1.535282135009765625e-01
1.334836632013320923e-01
3.526866734027862549e-01
1.067547053098678589e-01
2.855398952960968018e-01
-1.696032881736755371e-01
4.559278860688209534e-02
5.376973189413547516e-03
1.571820676326751709e-01
2.151759862899780273e-01
1.864473372697830200e-01
-1.904807388782501221e-01
1.338751316070556641e-01
1.411653310060501099e-01
3.073519654572010040e-02
9.904875606298446655e-02
-2.089459002017974854e-01
-4.931417107582092285e-02
-1.669065505266189575e-01
-2.658322155475616455e-01
5.607723072171211243e-02
5.073466897010803223e-02
-9.778422862291336060e-02
-1.370819061994552612e-01
-2.006062567234039307e-01
-2.747369408607482910e-01
-2.124428898096084595e-01
-4.225166738033294678e-01
-1.605817377567291260e-01
-1.236464977264404297e-01
-7.299846410751342773e-01
-5.410531759262084961e-01
-4.508792459964752197e-01
-5.490230917930603027e-01
7.931456565856933594e-01
9.899072051048278809e-01
2.820194363594055176e-01
1.562487035989761353e-01
6.376152038574218750e-01
1.148215979337692261e-01
-2.999901771545410156e-01
-2.255596220493316650e-01
-1.740720272064208984e-01
-5.232045054435729980e-01
-5.303113460540771484e-01
-6.925636529922485352e-01
-2.467969357967376709e-01
-4.599491655826568604e-01
-4.386787414550781250e-01
-3.870222568511962891e-01
-3.573970794677734375e-01
9.256064891815185547e-03
-2.236384153366088867e-02
-4.163911938667297363e-02
-7.132878899574279785e-02
2.620631754398345947e-01
3.406023234128952026e-02
2.220898717641830444e-01
2.398515045642852783e-01
6.428345292806625366e-02
1.969780772924423218e-01
4.696060419082641602e-01
2.429840900003910065e-02
4.781281650066375732e-01
-1.287970989942550659e-01
4.287111759185791016e-01
-7.931500673294067383e-02
1.314203888177871704e-01
2.460237890481948853e-01
-1.728219678625464439e-03
-6.496168673038482666e-02
6.764017790555953979e-02
-1.103048250079154968e-01
-5.138304233551025391e-01
-2.226732820272445679e-01
-5.268760919570922852e-01
-1.717537343502044678e-01
-3.011656701564788818e-01
3.232769668102264404e-01
-3.093664050102233887e-01
-1.348649710416793823e-01
1.119871214032173157e-01
-5.381019413471221924e-02
-1.656227409839630127e-01
-9.822092950344085693e-03
-3.189282715320587158e-01
-4.950202703475952148e-01
-5.883795768022537231e-02
-1.436016410589218140e-01
-1.067777276039123535e-01
-2.369209527969360352e-01
-2.325232513248920441e-02
-3.748854696750640869e-01
1.016821265220642090e+00
3.393343091011047363e-01
1.020231842994689941e-01
2.608441710472106934e-01
9.265583753585815430e-02
-2.099447101354598999e-01
-2.881982624530792236e-01
-6.005835533142089844e-01
-3.754256069660186768e-01
-7.850138545036315918e-01
-8.301454037427902222e-02
8.331001996994018555e-01
8.688011765480041504e-01
5.900738835334777832e-01
-4.165947437286376953e-03
2.953858375549316406e-01
-5.380154252052307129e-01
-2.007073312997817993e-01
-5.462248325347900391e-01
-5.943334102630615234e-01
-6.701223254203796387e-01
-4.453530311584472656e-01
-2.683071494102478027e-01
1.943309158086776733e-01
-3.447900414466857910e-01
3.300498798489570618e-02
-6.477984786033630371e-01
-3.229492604732513428e-01
1.020035147666931152e-01
5.271129775792360306e-03
-4.973044991493225098e-02
1.987333223223686218e-02
1.541320681571960449e-01
2.033937573432922363e-01
1.844538561999797821e-02
2.670409977436065674e-01
-5.249445512890815735e-02
-2.042825520038604736e-02
4.060249924659729004e-01
3.780275210738182068e-02
7.256630063056945801e-02
4.531946405768394470e-02
2.681825160980224609e-01
8.805321902036666870e-02
-2.986969351768493652e-01
1.916024088859558105e-01
1.651139259338378906e-01
1.200402826070785522e-01
2.468733638525009155e-01
-3.751756250858306885e-02
2.310858219861984253e-01
-2.607475519180297852e-01
2.289306968450546265e-01
3.373893350362777710e-02
-2.777797877788543701e-01
-1.636357419192790985e-02
-5.254388973116874695e-02
-4.333545267581939697e-01
4.119421541690826416e-01
-3.339657783508300781e-01
-8.662256598472595215e-02
-6.100414395332336426e-01
-2.177417725324630737e-01
7.982997223734855652e-03
-1.750188171863555908e-01
1.187767982482910156e-01
-3.467929735779762268e-02
8.855126053094863892e-02
-5.514606460928916931e-02
-1.289731413125991821e-01
1.094140291213989258e+00
-6.265096366405487061e-02
3.970008492469787598e-01
4.035729467868804932e-01
4.551148414611816406e-02
-1.475091129541397095e-01
-3.341211378574371338e-01
-3.574492633342742920e-01
-1.408973783254623413e-01
-3.083274960517883301e-01
8.222944289445877075e-02
-3.683410584926605225e-01
-1.348429024219512939e-01
-5.194285511970520020e-01
-1.191578991711139679e-02
-1.980414241552352905e-01
-2.934380173683166504e-01
5.206913687288761139e-03
-2.834524810314178467e-01
-1.089814677834510803e-01
-4.563726484775543213e-02
1.041279911994934082e+00
7.375327348709106445e-01
-1.580750346183776855e-01
4.064956903457641602e-01
4.163854420185089111e-01
-2.075653076171875000e-01
-4.710704982280731201e-01
-3.769631087779998779e-01
-5.420354008674621582e-01
-5.148422718048095703e-01
-5.992896556854248047e-01
-4.039072990417480469e-01
-3.402868211269378662e-01
-2.038370519876480103e-01
-3.166778385639190674e-01
-4.557141363620758057e-01
-2.048649638891220093e-01
-4.158939719200134277e-01
5.912500992417335510e-02
-2.746857106685638428e-01
-1.060764566063880920e-01
2.313909493386745453e-02
1.583919972181320190e-01
5.207706689834594727e-01
4.386201500892639160e-02
2.872217297554016113e-01
-1.714063808321952820e-02
1.380871683359146118e-01
5.374786853790283203e-01
-3.783050477504730225e-01
2.004405111074447632e-01
-2.920100390911102295e-01
-1.406239867210388184e-01
1.163233891129493713e-01
-1.138996146619319916e-02
-2.917130589485168457e-01
-3.976627066731452942e-02
1.250249147415161133e-01
-1.417974680662155151e-01
2.035064399242401123e-01
-2.115139216184616089e-01
-1.154173240065574646e-01
2.450090795755386353e-01
-3.003321290016174316e-01
-1.742490567266941071e-02
-3.509798347949981689e-01
1.035903114825487137e-02
-2.153598368167877197e-01
-1.700154095888137817e-01
-2.090806365013122559e-01
8.404061198234558105e-02
7.114225625991821289e-02
-2.993130981922149658e-01
-4.500659927725791931e-02
-7.489609532058238983e-03
-3.477827906608581543e-01
-9.422992169857025146e-02
1.049868345260620117e+00
4.961770474910736084e-01
5.097311735153198242e-01
3.020493313670158386e-02
-5.549606308341026306e-02
-2.260147333145141602e-01
-1.598900258541107178e-01
-2.930018901824951172e-01
7.593532558530569077e-03
-3.414331674575805664e-01
4.473695158958435059e-02
-5.511459112167358398e-01
-2.605076432228088379e-01
1.009623929858207703e-01
-6.012779474258422852e-01
2.168872952461242676e-01
2.070575505495071411e-01
-3.947035670280456543e-01
-1.274590641260147095e-01
7.764427363872528076e-02
2.050482183694839478e-01
1.465386301279067993e-01
1.585351675748825073e-01
-1.663355827331542969e-01
3.958282060921192169e-03
1.863564550876617432e-01
-1.570792347192764282e-01
2.002547495067119598e-02
3.483736813068389893e-01
-5.389674901962280273e-01
1.989694982767105103e-01
-1.855173110961914062e-01
-7.569713145494461060e-02
1.878001391887664795e-01
-5.756547451019287109e-01
-1.777960211038589478e-01
-3.041995465755462646e-01
4.176123067736625671e-02
-3.775185346603393555e-01
9.615302085876464844e-03
-1.460985094308853149e-01
-1.951969265937805176e-01
5.827494896948337555e-03
5.066343024373054504e-02
-2.558046579360961914e-01
1.472027692943811417e-02
3.864227533340454102e-01
2.617478966712951660e-01
2.374899536371231079e-01
2.956052422523498535e-01
2.596169710159301758e-01
-4.429160654544830322e-01
-8.959961682558059692e-02
1.106674671173095703e+00
-6.916308403015136719e-02
-4.417923390865325928e-01
