2.885256707668304443e-01
2.672474384307861328e-01
2.983272373676300049e-01
1.210381612181663513e-01
-1.363052129745483398e-01
-5.482423678040504456e-02
4.115950316190719604e-02
7.803219556808471680e-02
-6.094633340835571289e-01
-7.564061284065246582e-01
-1.343804895877838135e-01
-7.508277148008346558e-02
1.539756059646606445e-01
1.317327022552490234e-01
4.792739152908325195e-01
2.129338085651397705e-01
9.216380715370178223e-01
-2.922387048602104187e-02
4.593372344970703125e-01
3.481499850749969482e-01
-5.933408066630363464e-02
3.506475090980529785e-01
3.935091793537139893e-01
5.882321596145629883e-01
6.045836210250854492e-01
-4.566643238067626953e-01
-5.639969706535339355e-01
-2.529840171337127686e-01
-3.994272649288177490e-01
-2.384096235036849976e-01
3.325419723987579346e-01
3.299354016780853271e-01
3.684017360210418701e-01
-3.026674091815948486e-01
5.540951490402221680e-01
-8.214809000492095947e-02
2.129999548196792603e-01
2.145024836063385010e-01
-1.627583205699920654e-01
-4.090698063373565674e-01
-5.948809981346130371e-01
-6.638074517250061035e-01
5.125160813331604004e-01
-1.917561143636703491e-01
6.251584291458129883e-01
5.707191228866577148e-01
4.552354812622070312e-01
4.596465826034545898e-01
3.955143392086029053e-01
-2.730930224061012268e-02
-2.722669541835784912e-01
-1.014285460114479065e-01
-9.834615886211395264e-02
-3.515363633632659912e-01
3.929622471332550049e-01
1.279004216194152832e-01
9.324553012847900391e-01
3.314212262630462646e-01
-8.044418878853321075e-03
-1.679781228303909302e-01
-5.883237123489379883e-01
-2.580494284629821777e-01
-4.234261214733123779e-01
-6.997895836830139160e-01
-1.935715824365615845e-01
-4.210337698459625244e-01
7.239056378602981567e-02
3.499132394790649414e-01
2.945369482040405273e-01
1.318372368812561035e+00
-2.337657213211059570e-01
6.516366004943847656e-01
4.517602026462554932e-01
2.407418489456176758e-01
5.045911073684692383e-01
5.759408473968505859e-01
1.798010170459747314e-01
-2.792027890682220459e-01
-4.846080243587493896e-01
-3.620089292526245117e-01
1.295458227396011353e-01
-2.366087436676025391e-01
6.039854884147644043e-01
5.493171215057373047e-01
3.077989816665649414e-01
3.141920566558837891e-01
1.826650351285934448e-01
-1.878344565629959106e-01
4.637926816940307617e-02
-2.899935245513916016e-01
2.174441665410995483e-01
-1.903252750635147095e-01
-8.786752820014953613e-02
2.608247399330139160e-01
-3.312095999717712402e-01
8.479377031326293945e-01
-4.612303078174591064e-01
3.077902197837829590e-01
-1.307515352964401245e-01
5.415529012680053711e-01
1.168169155716896057e-01
8.395841717720031738e-02
-6.758712977170944214e-02
3.213885426521301270e-02
-3.258383572101593018e-01
7.165124416351318359e-01
-1.215513870120048523e-01
8.935448527336120605e-02
3.204405307769775391e-01
-8.081784844398498535e-01
1.732014715671539307e-01
-4.186299443244934082e-01
1.524551361799240112e-01
-1.012565195560455322e-01
-2.384483441710472107e-02
3.459427654743194580e-01
3.760783076286315918e-01
-7.131604850292205811e-02
8.719719648361206055e-01
3.092277050018310547e-01
-3.672118112444877625e-02
1.767914183437824249e-02
-4.517257213592529297e-02
1.402135193347930908e-01
4.568139314651489258e-01
-3.884690999984741211e-01
-2.532760202884674072e-01
-3.640611171722412109e-01
-2.447306513786315918e-01
3.307304680347442627e-01
-2.604472935199737549e-01
6.682257652282714844e-01
8.016551285982131958e-02
4.590794742107391357e-01
6.150423288345336914e-01
3.737208545207977295e-01
4.059717655181884766e-01
-6.253971159458160400e-02
-5.901399627327919006e-02
-5.764130353927612305e-01
-6.473137736320495605e-01
-1.531185954809188843e-01
-3.749860227108001709e-01
-5.219619721174240112e-02
5.576158165931701660e-01
3.009468615055084229e-01
6.319806575775146484e-01
3.199796192348003387e-03
2.853986620903015137e-01
2.604108750820159912e-01
1.386136114597320557e-01
7.260514795780181885e-02
-1.694576591253280640e-01
-4.649558067321777344e-01
2.281957268714904785e-01
-3.164267539978027344e-01
-1.327009946107864380e-01
3.689073324203491211e-01
2.364150136709213257e-01
1.126600146293640137e+00
4.558014571666717529e-01
3.187096416950225830e-01
-4.368457794189453125e-01
-2.395287901163101196e-01
-5.733261704444885254e-01
7.856182008981704712e-02
-5.763374567031860352e-01
-2.102444916963577271e-01
-1.016564816236495972e-01
-2.933880090713500977e-01
1.793697327375411987e-01
-4.216516017913818359e-02
4.445772171020507812e-01
-2.269905526190996170e-03
3.590660393238067627e-01
1.263300061225891113e+00
5.038157105445861816e-01
5.144653916358947754e-01
-7.466054707765579224e-02
7.659295201301574707e-02
-1.476328670978546143e-01
-2.092472612857818604e-01
-2.686727046966552734e-01
-2.628242373466491699e-01
-4.499540925025939941e-01
-4.184920787811279297e-01
-1.170151233673095703e-01
-3.040059506893157959e-01
1.633761674165725708e-01
3.987728953361511230e-01
3.815110325813293457e-01
5.000661015510559082e-01
4.451285302639007568e-01
3.652034699916839600e-01
1.765714734792709351e-01
3.151816129684448242e-01
-3.626735806465148926e-01
9.851931780576705933e-02
-3.097797632217407227e-01
-5.659633874893188477e-01
-1.218405887484550476e-01
3.443906307220458984e-01
-2.229167148470878601e-05
8.750461041927337646e-02
-2.525206506252288818e-01
-2.925976216793060303e-01
1.382277160882949829e-01
-4.453915730118751526e-02
1.854057908058166504e-01
3.808169662952423096e-01
4.998926520347595215e-01
3.325073421001434326e-01
-7.022265791893005371e-01
2.854994535446166992e-01
-3.704831004142761230e-01
4.020161032676696777e-01
1.958315074443817139e-01
3.041612803936004639e-01
4.093632847070693970e-02
2.457202821969985962e-01
3.800372481346130371e-01
4.525430798530578613e-01
3.158375322818756104e-01
2.857834100723266602e-01
-1.680474728345870972e-01
5.999501422047615051e-02
9.831883758306503296e-02
1.293105483055114746e-01
-2.682647705078125000e-01
-4.887914657592773438e-02
-5.325810313224792480e-01
-6.672682762145996094e-01
-3.565818965435028076e-01
-3.288867175579071045e-01
2.184916734695434570e-01
6.841053813695907593e-02
-1.090514510869979858e-01
2.646012306213378906e-01
9.652701020240783691e-01
-1.377390027046203613e-01
1.452737092971801758e+00
-4.299974068999290466e-02
5.211195945739746094e-01
4.629985243082046509e-02
1.846799850463867188e-01
-5.581949651241302490e-02
5.106184482574462891e-01
1.033018343150615692e-03
2.338411957025527954e-01
1.536555141210556030e-01
8.098796010017395020e-02
3.321312367916107178e-01
2.859889268875122070e-01
2.606704533100128174e-01
-3.520665317773818970e-02
-7.029570173472166061e-03
2.810403704643249512e-01
6.097619980573654175e-02
2.147293686866760254e-01
-4.008615612983703613e-01
-4.836480319499969482e-01
1.283706724643707275e-01
-1.516309678554534912e-01
5.244477987289428711e-01
-5.669327825307846069e-02
1.159823656082153320e+00
1.018528640270233154e-02
3.245399892330169678e-01
4.363841563463211060e-02
1.866502314805984497e-01
-7.717206142842769623e-03
-1.778031587600708008e-01
6.749422103166580200e-02
-6.731617450714111328e-02
-3.743486702442169189e-01
-5.146794915199279785e-01
-4.436952471733093262e-01
-2.172941118478775024e-01
-2.706877700984477997e-02
2.268205583095550537e-01
1.086434602737426758e+00
-2.506989240646362305e-01
1.187128424644470215e+00
-3.213704098016023636e-03
3.996603190898895264e-01
-1.061803698539733887e-01
-2.911266982555389404e-01
-3.844951093196868896e-01
1.200384050607681274e-01
-2.915484011173248291e-01
-3.419729322195053101e-02
2.465824782848358154e-01
2.162316590547561646e-01
6.536575965583324432e-04
6.456180810928344727e-01
3.888475894927978516e-01
4.735977947711944580e-01
3.768561035394668579e-02
-3.698760271072387695e-02
3.846140950918197632e-02
8.838362991809844971e-02
1.943947970867156982e-01
-5.855157598853111267e-02
-1.894584894180297852e-01
-1.905782669782638550e-01
-4.138369560241699219e-01
-5.202993750572204590e-01
5.218318700790405273e-01
-1.300730258226394653e-01
-4.024293720722198486e-01
5.446012616157531738e-01
2.200551629066467285e-01
5.663289427757263184e-01
-1.682342737913131714e-01
5.095453858375549316e-01
4.155839085578918457e-01
5.298377871513366699e-01
4.112569987773895264e-01
1.054039359092712402e+00
-6.354228854179382324e-01
-1.478688716888427734e-01
-5.776519700884819031e-02
6.614154577255249023e-02
-5.142263770103454590e-01
6.783921122550964355e-01
1.146418899297714233e-01
9.517212212085723877e-02
1.373434543609619141e+00
6.340577602386474609e-01
2.505797445774078369e-01
2.873019874095916748e-01
-2.912624776363372803e-01
-1.093008294701576233e-01
-3.717380166053771973e-01
6.493660807609558105e-02
-3.817047774791717529e-01
-3.795068562030792236e-01
-1.271736621856689453e-01
2.640569508075714111e-01
-4.515455663204193115e-01
7.784299850463867188e-01
2.225513011217117310e-01
3.250671923160552979e-01
3.854958713054656982e-01
2.266682386398315430e-01
6.042788624763488770e-01
1.289395391941070557e-01
4.770854488015174866e-03
-2.236215323209762573e-01
-7.011933326721191406e-01
-3.853735327720642090e-01
-1.661796718835830688e-01
3.597854971885681152e-01
-4.207036793231964111e-01
1.381366014480590820e+00
-3.273834586143493652e-01
1.408466458320617676e+00
7.300269603729248047e-01
-2.179793715476989746e-01
6.703801751136779785e-01
-2.808519303798675537e-01
-9.546095877885818481e-02
-2.443374842405319214e-01
-1.406743656843900681e-03
-2.819502949714660645e-01
-3.585431575775146484e-01
5.192584544420242310e-02
2.405942790210247040e-02
-6.331094354391098022e-02
1.076026797294616699e+00
4.960111081600189209e-01
1.025835156440734863e+00
3.568558990955352783e-01
4.585258662700653076e-03
-4.447922408580780029e-01
-5.457075238227844238e-01
2.832712139934301376e-03
-2.037321925163269043e-01
8.598838001489639282e-02
-3.552969396114349365e-01
-2.551843822002410889e-01
-5.202598571777343750e-01
1.167783588171005249e-01
3.975776024162769318e-03
2.926336228847503662e-01
3.238133192062377930e-01
3.701108694076538086e-01
1.933249980211257935e-01
1.145144179463386536e-01
2.156314551830291748e-01
1.985774934291839600e-01
-1.507105082273483276e-01
-2.905144914984703064e-02
-4.711143374443054199e-01
3.335396647453308105e-01
-3.287196755409240723e-01
5.243080258369445801e-01
2.691039070487022400e-02
7.010016441345214844e-01
-4.078096747398376465e-01
4.167863428592681885e-01
-7.168465852737426758e-02
5.753623843193054199e-01
-5.420388281345367432e-02
5.937651395797729492e-01
-9.726269543170928955e-02
-3.253776133060455322e-01
-5.018416419625282288e-02
-2.931444048881530762e-01
2.861887514591217041e-01
2.457794249057769775e-01
1.075018495321273804e-01
1.829542815685272217e-01
2.563661932945251465e-01
5.604164600372314453e-01
2.965479493141174316e-01
3.316490948200225830e-01
-3.861159682273864746e-01
-3.109236359596252441e-01
7.794435322284698486e-02
-1.859014667570590973e-02
1.846110373735427856e-01
7.735251635313034058e-02
-1.024549677968025208e-01
3.122271001338958740e-01
-4.692083597183227539e-02
4.773811697959899902e-01
-3.040025532245635986e-01
-3.287039101123809814e-01
-4.469543695449829102e-01
1.624167896807193756e-02
-2.712137401103973389e-01
2.641201615333557129e-01
-7.901503145694732666e-02
3.782381117343902588e-01
5.271542072296142578e-01
2.090648561716079712e-01
8.435217291116714478e-02
4.005831480026245117e-01
2.420475333929061890e-01
6.675212383270263672e-01
-5.617983937263488770e-01
-2.151462882757186890e-01
-3.896689414978027344e-01
-1.506707817316055298e-01
-1.229180395603179932e-02
2.269537299871444702e-01
-1.516860425472259521e-01
6.984787583351135254e-01
5.322707295417785645e-01
3.385652303695678711e-01
2.896157801151275635e-01
6.791855096817016602e-01
-2.010127156972885132e-02
-1.518864333629608154e-01
-2.570877671241760254e-01
-6.083802580833435059e-01
-6.131269931793212891e-01
-4.367484748363494873e-01
5.345692113041877747e-02
-3.397068083286285400e-01
8.123397231101989746e-01
4.078393280506134033e-01
6.744874715805053711e-01
4.461221992969512939e-01
4.104807674884796143e-01
-1.013402417302131653e-01
8.732542395591735840e-03
-3.630985021591186523e-01
-6.449717283248901367e-01
-1.468717455863952637e-01
2.144488878548145294e-02
-3.353514373302459717e-01
3.821912109851837158e-01
4.878334999084472656e-01
5.888128876686096191e-01
2.337978631258010864e-01
1.818568706512451172e-01
-7.887148112058639526e-02
-5.278298165649175644e-03
-5.584087371826171875e-01
-5.198985934257507324e-01
-8.553370833396911621e-03
-2.278803884983062744e-01
-1.440378427505493164e-01
2.419253289699554443e-01
4.086680710315704346e-01
-9.750884026288986206e-02
-4.619078710675239563e-02
1.300744712352752686e-01
3.327860832214355469e-01
3.469512760639190674e-01
-3.634784743189811707e-02
-1.729523390531539917e-02
-4.348952770233154297e-01
-2.717719227075576782e-02
-3.187592625617980957e-01
2.309704422950744629e-01
1.777560859918594360e-01
3.043642044067382812e-01
3.514015972614288330e-01
6.339960694313049316e-01
8.257094025611877441e-01
9.774020910263061523e-01
-1.769000738859176636e-01
-1.099157407879829407e-01
-5.033757090568542480e-01
-2.879038155078887939e-01
-2.195280343294143677e-01
-4.745866358280181885e-01
-4.778605103492736816e-01
-6.878350973129272461e-01
-5.232479423284530640e-02
