3.503987193107604980e-01
-2.245380729436874390e-02
1.708517968654632568e-01
1.673933267593383789e-01
-1.346491277217864990e-03
2.419778704643249512e-01
4.296756982803344727e-01
1.650351285934448242e-01
3.906390368938446045e-01
-1.414189487695693970e-01
2.858778834342956543e-01
-1.509149968624114990e-01
-1.265727281570434570e-01
-3.082616031169891357e-01
-1.448115557432174683e-01
-1.169363856315612793e-01
-9.990473091602325439e-02
1.172104328870773315e-01
-8.641843795776367188e-01
-7.942905426025390625e-01
-7.238583564758300781e-01
-6.114900112152099609e-01
-1.677461862564086914e-01
1.376635283231735229e-01
1.747719049453735352e-01
1.306949704885482788e-01
5.585776567459106445e-01
6.708216667175292969e-01
5.863310098648071289e-01
-2.200781404972076416e-01
-8.221326023340225220e-02
-7.606909275054931641e-01
-1.905323565006256104e-01
-5.545982718467712402e-01
4.583347961306571960e-02
-4.976242780685424805e-01
2.987288534641265869e-01
2.909096479415893555e-01
2.957361638545989990e-01
1.090355403721332550e-02
9.530252218246459961e-02
1.262398958206176758e-01
5.046028271317481995e-02
4.095166921615600586e-01
1.040715351700782776e-02
-4.665914475917816162e-01
-5.350425839424133301e-01
-3.639866411685943604e-01
7.125547528266906738e-02
-3.001817762851715088e-01
-1.264201998710632324e-01
-3.567585349082946777e-01
-9.562742114067077637e-01
-3.206158876419067383e-01
1.293794363737106323e-01
7.170051336288452148e-01
1.273042559623718262e-01
2.321495302021503448e-02
6.807720661163330078e-01
-2.995706535875797272e-02
4.175534248352050781e-01
1.642584800720214844e-01
1.055884808301925659e-01
-6.393594294786453247e-02
-2.206883952021598816e-02
3.118736743927001953e-01
9.985995292663574219e-02
-2.637429237365722656e-01
-8.592421561479568481e-02
-2.159973978996276855e-01
-1.150115281343460083e-01
-1.786920726299285889e-01
4.652125537395477295e-01
2.139780521392822266e-01
-1.465552151203155518e-01
-2.568913400173187256e-01
-7.315270900726318359e-01
-7.369717955589294434e-01
-4.237627685070037842e-01
-7.448864579200744629e-01
-7.279293239116668701e-02
-8.796110749244689941e-02
7.288933992385864258e-01
7.891150116920471191e-01
1.027898907661437988e+00
2.411900013685226440e-01
1.147640645503997803e-01
2.093674242496490479e-01
1.762244850397109985e-02
-1.148064434528350830e-01
-3.991477191448211670e-01
-4.837188124656677246e-01
-7.270455360412597656e-01
-4.015755653381347656e-01
-8.111166954040527344e-01
-2.179166078567504883e-01
-4.856035113334655762e-01
-2.969978842884302139e-03
3.822104334831237793e-01
4.831320047378540039e-01
5.597674250602722168e-01
4.675901308655738831e-02
3.449876606464385986e-02
-4.416425712406635284e-03
2.635295987129211426e-01
8.959777951240539551e-01
3.337225615978240967e-01
2.161851823329925537e-01
-9.826273471117019653e-02
-4.092116653919219971e-01
-3.282665014266967773e-01
-6.391488015651702881e-02
-2.484673261642456055e-01
-4.512427151203155518e-01
-2.052978724241256714e-01
3.378269672393798828e-01
3.528171777725219727e-01
-2.834365665912628174e-01
-2.921833097934722900e-01
-1.869188696146011353e-01
1.295797377824783325e-01
1.013489440083503723e-01
1.373829543590545654e-01
5.594615936279296875e-01
-9.670779854059219360e-02
-2.624231576919555664e-01
-3.166341483592987061e-01
1.065646335482597351e-01
2.712686657905578613e-01
8.276747167110443115e-02
-8.074666559696197510e-02
-3.976185321807861328e-01
-3.922556713223457336e-02
-2.919409051537513733e-02
-2.214853465557098389e-01
-6.172913312911987305e-01
-2.112696170806884766e-01
-6.804172396659851074e-01
-4.576245546340942383e-01
-1.378159373998641968e-01
-3.785369992256164551e-01
1.166153103113174438e-01
2.056283950805664062e-01
4.407058358192443848e-01
7.601493597030639648e-01
5.501644015312194824e-01
5.364168882369995117e-01
4.058395326137542725e-01
4.402929544448852539e-02
-1.600131690502166748e-01
-5.962142944335937500e-01
-3.301542401313781738e-01
-3.370339274406433105e-01
-4.213462769985198975e-01
2.018602564930915833e-02
-1.513028144836425781e-01
2.987015843391418457e-01
3.435364663600921631e-01
-2.486112527549266815e-02
3.040518462657928467e-01
2.607007622718811035e-01
1.201636344194412231e-01
-3.032376170158386230e-01
-1.169306755065917969e+00
-1.026657342910766602e+00
4.530458152294158936e-01
3.358392417430877686e-01
-3.179207742214202881e-01
-1.153494939208030701e-01
-5.236203670501708984e-01
1.043084189295768738e-01
1.727694720029830933e-01
-4.252446591854095459e-01
-3.415870666503906250e-01
4.285709261894226074e-01
7.555971741676330566e-01
7.857480049133300781e-01
5.276672244071960449e-01
3.050166368484497070e-01
-2.469512671232223511e-01
-2.104720622301101685e-01
-8.536196947097778320e-01
4.494074285030364990e-01
-2.879727445542812347e-02
3.035466372966766357e-01
2.869933843612670898e-01
2.262979447841644287e-01
5.234733223915100098e-02
2.145079970359802246e-01
-1.275612473487854004e+00
-9.318928122520446777e-01
-3.876649737358093262e-01
-3.826788663864135742e-01
-5.150945782661437988e-01
-3.215923309326171875e-01
-2.233335822820663452e-01
-1.954934187233448029e-02
3.982864692807197571e-02
8.349074721336364746e-01
8.586837053298950195e-01
1.122304916381835938e+00
-2.097285091876983643e-01
-1.354185305535793304e-02
-1.113067567348480225e-02
-8.292223811149597168e-01
-7.061818242073059082e-02
1.405518054962158203e-01
-3.236513733863830566e-01
-5.037696361541748047e-01
-4.891157448291778564e-01
-8.000549077987670898e-01
-4.144251346588134766e-01
2.645040154457092285e-01
5.796881318092346191e-01
9.038954377174377441e-01
9.767318516969680786e-02
2.567039132118225098e-01
-5.356090664863586426e-01
-1.457435488700866699e-01
2.318758964538574219e-01
3.903235197067260742e-01
1.223879158496856689e-01
-2.512046396732330322e-01
6.715711206197738647e-02
9.136369824409484863e-02
-1.274448931217193604e-01
1.335355341434478760e-01
1.960286945104598999e-01
-8.399792015552520752e-02
2.558854818344116211e-01
-2.042114734649658203e-01
2.371427714824676514e-01
1.072598174214363098e-01
-1.707268208265304565e-01
-1.216939017176628113e-01
-5.175378918647766113e-01
-4.622699320316314697e-01
-6.195103377103805542e-02
-4.169575572013854980e-01
9.194932878017425537e-02
-1.664171218872070312e-01
-8.486341685056686401e-02
3.606064319610595703e-01
-3.276202678680419922e-01
-3.672993779182434082e-01
1.166986674070358276e-02
-1.122340559959411621e-02
-4.225124716758728027e-01
-3.323916792869567871e-01
-4.601028263568878174e-01
-3.026850819587707520e-01
-3.039268217980861664e-02
-3.290809988975524902e-01
5.623335018754005432e-02
-5.619314685463905334e-02
-7.577186822891235352e-02
7.686301600188016891e-03
3.174580335617065430e-01
3.096382021903991699e-01
9.095614403486251831e-02
1.126366630196571350e-01
-2.561740875244140625e-01
-2.235227376222610474e-01
-3.951503336429595947e-01
-3.789187073707580566e-01
-2.071197926998138428e-01
-4.210657253861427307e-02
-1.501412242650985718e-01
1.655831933021545410e-01
-5.405286550521850586e-01
2.510446906089782715e-01
-2.291231900453567505e-01
3.977311849594116211e-01
4.224582612514495850e-01
4.580701589584350586e-01
-9.833868592977523804e-02
-7.709334045648574829e-02
-3.349190950393676758e-01
1.888408362865447998e-01
-4.095972478389739990e-01
-4.121464788913726807e-01
-2.571884989738464355e-01
7.063548564910888672e-01
-7.738647609949111938e-02
3.526503145694732666e-01
8.904498070478439331e-02
6.159417033195495605e-01
-3.471222519874572754e-01
-2.041556537151336670e-01
-4.504650533199310303e-01
-4.590792655944824219e-01
-4.778450131416320801e-01
-2.987930774688720703e-01
-6.880868673324584961e-01
-3.111830949783325195e-01
-9.962169826030731201e-02
2.178204655647277832e-01
-1.936901360750198364e-01
3.651349544525146484e-01
2.184823341667652130e-02
3.287622928619384766e-01
5.557004213333129883e-01
-3.043023347854614258e-01
-7.143059372901916504e-02
5.677837729454040527e-01
6.444395184516906738e-01
4.406669735908508301e-01
9.764430671930313110e-02
-7.582415938377380371e-01
-6.200760602951049805e-01
-8.926617503166198730e-01
-8.434594273567199707e-01
-1.692695021629333496e-01
2.589971423149108887e-01
-6.843857467174530029e-02
6.641486883163452148e-01
5.090581774711608887e-01
-5.740965008735656738e-01
-1.664631515741348267e-01
-6.142601370811462402e-01
1.847525089979171753e-01
7.881170511245727539e-02
-2.332591712474822998e-01
3.060725927352905273e-01
-1.598999202251434326e-01
5.241933465003967285e-02
-4.185966551303863525e-01
-3.975202739238739014e-01
-3.134558200836181641e-01
-5.645635128021240234e-01
-2.497344277799129486e-02
-2.319595068693161011e-01
4.038858413696289062e-01
-4.093072190880775452e-02
4.425629675388336182e-01
3.674103692173957825e-02
3.597049713134765625e-01
-3.006671667098999023e-01
5.233821272850036621e-01
3.566647171974182129e-01
7.568362951278686523e-01
-3.281984627246856689e-01
-9.064738154411315918e-01
-8.096007108688354492e-01
-7.094560861587524414e-01
-7.402163743972778320e-02
-1.705637425184249878e-01
-1.634045541286468506e-01
-3.955107182264328003e-02
4.329703748226165771e-01
1.342739015817642212e-01
3.169057667255401611e-01
3.608006536960601807e-01
5.419211462140083313e-02
-5.864962935447692871e-01
-8.160914182662963867e-01
-2.550620138645172119e-01
4.843538999557495117e-02
6.115530729293823242e-01
3.067476153373718262e-01
3.802436590194702148e-01
2.746477723121643066e-02
3.846361637115478516e-01
-8.594531565904617310e-02
6.616958882659673691e-03
1.094026118516921997e-01
2.559336833655834198e-02
6.770601868629455566e-02
1.866763979196548462e-01
-2.509266734123229980e-01
-3.355453610420227051e-01
-4.415182769298553467e-01
-3.891384601593017578e-01
-2.613288462162017822e-01
7.132025063037872314e-02
-1.603177934885025024e-01
-2.135956138372421265e-01
3.416682034730911255e-02
7.869251817464828491e-02
-1.016320288181304932e-02
4.344025552272796631e-01
2.290794998407363892e-01
5.425075292587280273e-01
3.387433588504791260e-01
-1.865500770509243011e-02
9.676190465688705444e-02
2.009419538080692291e-02
-4.301798343658447266e-01
-5.506059154868125916e-02
1.878813356161117554e-01
1.317166686058044434e-01
-1.002841591835021973e-01
-1.913759559392929077e-01
-2.281283438205718994e-01
-1.055870950222015381e-02
-1.625680327415466309e-01
6.208704784512519836e-02
3.036524355411529541e-01
5.653071403503417969e-01
1.521585322916507721e-02
2.698854207992553711e-01
-1.714434176683425903e-01
-2.744493484497070312e-01
-6.984395384788513184e-01
-4.406883418560028076e-01
-3.180453777313232422e-01
7.316021621227264404e-02
-5.108577609062194824e-01
-4.192163646221160889e-01
-4.972191751003265381e-01
1.924918144941329956e-01
-3.509722277522087097e-02
3.506857454776763916e-01
-7.797337323427200317e-02
-4.971228539943695068e-01
-2.475501000881195068e-01
-6.506806015968322754e-01
-8.410111069679260254e-01
-5.022943019866943359e-01
-5.205626040697097778e-02
4.820754826068878174e-01
6.871883869171142578e-01
9.050059914588928223e-01
1.189714744687080383e-01
5.482013821601867676e-01
-7.191360741853713989e-02
7.652860879898071289e-01
-6.108319163322448730e-01
-8.816218376159667969e-02
2.520985342562198639e-02
-4.119383692741394043e-01
-2.986387349665164948e-02
-2.994015514850616455e-01
-2.800139188766479492e-01
7.891598343849182129e-02
7.595007773488759995e-03
7.743309251964092255e-03
2.548228502273559570e-01
1.701825298368930817e-02
-1.976423263549804688e-01
-3.246789053082466125e-02
-1.995622813701629639e-01
2.419505417346954346e-01
-2.802917733788490295e-02
-6.300126910209655762e-01
-4.916265606880187988e-01
-5.016019344329833984e-01
1.133662555366754532e-02
-3.386763036251068115e-01
-1.230526417493820190e-01
-4.619216918945312500e-01
8.569718152284622192e-02
2.624830603599548340e-01
1.076282501220703125e+00
1.711699366569519043e-01
-1.500816047191619873e-01
-1.334650814533233643e-01
-2.271807566285133362e-02
1.373862773180007935e-01
4.319634735584259033e-01
-1.699395477771759033e-01
-3.970817327499389648e-01
-5.969559550285339355e-01
-1.915054023265838623e-01
-1.033230870962142944e-01
2.199769765138626099e-01
1.199595183134078979e-01
-3.868510480970144272e-03
-6.924792379140853882e-02
-3.578979074954986572e-01
8.989217877388000488e-02
1.345238238573074341e-01
4.211869239807128906e-01
3.941040635108947754e-01
1.728203743696212769e-01
1.879530549049377441e-01
-2.559743523597717285e-01
-1.710596233606338501e-01
-2.383359074592590332e-01
-4.437134265899658203e-01
-1.863850280642509460e-02
2.730837464332580566e-01
-4.254762530326843262e-01
-3.712518140673637390e-02
1.242853328585624695e-02
-1.454032957553863525e-01
3.127782344818115234e-01
-7.829549312591552734e-01
-5.817037224769592285e-01
-4.443664848804473877e-01
2.213468253612518311e-01
3.034387230873107910e-01
-4.636657889932394028e-03
1.952859573066234589e-02
4.532734453678131104e-01
5.910719037055969238e-01
2.139950543642044067e-01
6.414939165115356445e-01
3.412346839904785156e-01
-6.625791192054748535e-01
1.119685471057891846e-01
4.228655099868774414e-01
1.435429323464632034e-03
-3.232083618640899658e-01
-4.898045957088470459e-01
-4.858437180519104004e-01
-4.220919609069824219e-01
-5.996099710464477539e-01
-3.265400826930999756e-01
1.255276352167129517e-01
1.276584863662719727e-01
1.853446215391159058e-01
6.438785791397094727e-02
