8.335680365562438965e-01
5.175174474716186523e-01
6.067351698875427246e-01
5.910186171531677246e-01
3.411323428153991699e-01
-2.413480542600154877e-04
2.062832750380039215e-02
1.247700750827789307e-01
6.282296776771545410e-02
-1.322673439979553223e+00
-9.244912303984165192e-03
-1.585998535156250000e-01
4.209091365337371826e-01
1.617940068244934082e-01
2.148808538913726807e-01
-2.117502987384796143e-01
8.847414255142211914e-01
-5.408674478530883789e-01
1.126094102859497070e+00
-2.637482583522796631e-01
-1.433595299720764160e+00
-1.046700596809387207e+00
-3.101387023925781250e-01
-2.052378356456756592e-01
6.089805364608764648e-01
1.093308568000793457e+00
8.266288042068481445e-02
3.511182665824890137e-01
-1.958474516868591309e-01
1.356134265661239624e-01
3.576742410659790039e-01
3.862532600760459900e-02
9.798969030380249023e-01
-2.729575932025909424e-01
5.824365615844726562e-01
2.085730135440826416e-01
1.672313809394836426e-01
5.534495115280151367e-01
7.310025095939636230e-01
-2.481094598770141602e-01
-5.911250114440917969e-01
-1.843820333480834961e+00
7.655566334724426270e-01
-6.773301362991333008e-01
8.462488055229187012e-01
3.049892485141754150e-01
1.767496764659881592e-01
4.297645092010498047e-01
6.303475499153137207e-01
1.392373442649841309e-01
-4.507665038108825684e-01
-1.481737852096557617e+00
9.967581182718276978e-02
-1.173173189163208008e+00
4.123235344886779785e-01
-2.746912539005279541e-01
8.361713886260986328e-01
4.437618851661682129e-01
8.933883309364318848e-01
-4.566125869750976562e-01
-5.583521127700805664e-01
-7.044188976287841797e-01
-1.852664500474929810e-01
-1.758799314498901367e+00
2.967696785926818848e-01
7.107232511043548584e-02
-3.399304151535034180e-01
5.419161319732666016e-01
-1.531525999307632446e-01
1.169802069664001465e+00
-1.334380656480789185e-01
1.173373937606811523e+00
-1.203702539205551147e-01
-9.061794281005859375e-01
2.003998458385467529e-01
1.048138022422790527e+00
6.958029270172119141e-01
2.893674373626708984e-01
-3.677369281649589539e-02
-7.682411670684814453e-01
-1.840356588363647461e-01
-2.022918462753295898e-01
5.257519707083702087e-02
8.671120405197143555e-01
6.074969768524169922e-01
6.322667002677917480e-01
3.075452148914337158e-01
-4.030744731426239014e-01
4.527740478515625000e-01
-4.085266888141632080e-01
-1.144226640462875366e-01
6.081644296646118164e-01
-7.820851802825927734e-01
6.449810266494750977e-01
-6.753814816474914551e-01
8.425480723381042480e-01
-2.227588415145874023e+00
-5.496985912322998047e-01
-8.952745199203491211e-01
3.377512395381927490e-01
7.921302318572998047e-01
3.239195644855499268e-01
4.329586774110794067e-02
6.785852909088134766e-01
-5.342484116554260254e-01
8.581206798553466797e-01
2.977622747421264648e-01
-3.465758264064788818e-01
8.389276266098022461e-01
-4.825863540172576904e-01
5.873937532305717468e-02
-7.653893232345581055e-01
-8.201823830604553223e-01
4.167468287050724030e-04
-8.963963985443115234e-01
1.192030310630798340e+00
3.793349266052246094e-01
-1.996908932924270630e-01
6.744065284729003906e-01
3.846357166767120361e-01
7.016786932945251465e-01
-1.116587370634078979e-01
-3.768862485885620117e-01
-5.633102655410766602e-01
9.537511467933654785e-01
-3.864484131336212158e-01
-6.655034422874450684e-01
1.617291569709777832e-01
-3.350926637649536133e-01
3.758642971515655518e-01
6.802596896886825562e-02
9.578167200088500977e-01
-1.032238721847534180e+00
-1.159887790679931641e+00
7.156916260719299316e-01
-6.143385916948318481e-02
9.794465303421020508e-01
4.071069061756134033e-01
3.966853022575378418e-01
2.298185080289840698e-01
-1.207162499427795410e+00
-5.686471238732337952e-02
-2.657538652420043945e-01
-3.286303877830505371e-01
5.738483667373657227e-01
6.274556517601013184e-01
6.151739358901977539e-01
3.085649609565734863e-01
1.538804769515991211e-01
-9.923127293586730957e-02
2.323495298624038696e-01
-2.994041144847869873e-01
1.265685558319091797e-01
-1.009608745574951172e+00
3.564655780792236328e-01
-2.141662389039993286e-01
-6.486737132072448730e-01
1.144144162535667419e-01
4.393343627452850342e-01
7.668109536170959473e-01
-8.195652961730957031e-01
3.739565908908843994e-01
-5.506472587585449219e-01
4.400056228041648865e-02
-3.512389063835144043e-01
-4.071356728672981262e-02
-1.904587596654891968e-01
-1.027684926986694336e+00
3.523882329463958740e-01
-5.478798598051071167e-02
-1.268640309572219849e-01
-1.586463898420333862e-01
7.268385291099548340e-01
-1.277163743972778320e+00
4.524571299552917480e-01
4.812788367271423340e-01
5.336703062057495117e-01
9.550720453262329102e-01
2.305258959531784058e-01
3.796274662017822266e-01
-2.552413381636142731e-02
-1.416181921958923340e-01
-2.119017094373703003e-01
-3.256352841854095459e-01
2.602569758892059326e-01
-8.131068348884582520e-01
-5.934080481529235840e-01
-2.474082708358764648e-01
-7.787405252456665039e-01
9.591511487960815430e-01
1.256843954324722290e-01
6.768980026245117188e-01
4.475232362747192383e-01
3.459334075450897217e-01
3.676736354827880859e-01
-2.566411197185516357e-01
-1.526142954826354980e+00
-3.337334692478179932e-01
-2.561753392219543457e-01
5.321365967392921448e-02
-4.826465845108032227e-01
1.050072789192199707e+00
4.597989618778228760e-01
5.489124059677124023e-01
2.331154048442840576e-01
-2.709546089172363281e-01
4.105839133262634277e-01
8.381835371255874634e-02
-1.213237419724464417e-01
5.645898580551147461e-01
5.456549525260925293e-01
2.834253609180450439e-01
-4.471025764942169189e-01
3.842347562313079834e-01
-1.539412379264831543e+00
-1.095679163932800293e+00
-4.754198789596557617e-01
-6.293638348579406738e-01
-3.148007690906524658e-01
5.267041325569152832e-01
8.907901644706726074e-01
1.360946178436279297e+00
8.488138914108276367e-01
6.559393405914306641e-01
4.523758888244628906e-01
7.927283644676208496e-01
-7.271042466163635254e-02
4.746833443641662598e-01
-2.043836861848831177e-01
-2.326762676239013672e-01
-6.174685359001159668e-01
-1.041950583457946777e+00
-1.442903041839599609e+00
-9.677413702011108398e-01
3.344255387783050537e-01
1.111813932657241821e-01
-7.256851792335510254e-01
1.665759980678558350e-01
4.749534726142883301e-01
3.450773656368255615e-01
5.929587483406066895e-01
-8.338668942451477051e-01
2.223670929670333862e-01
-3.614149987697601318e-01
9.316024184226989746e-01
4.382390379905700684e-01
1.219498872756958008e+00
8.237653970718383789e-01
5.277755856513977051e-01
7.611966729164123535e-01
2.430305629968643188e-01
6.805701255798339844e-01
4.942846000194549561e-01
2.913142368197441101e-02
1.345780789852142334e-01
-4.618430733680725098e-01
1.984238326549530029e-01
-6.065696477890014648e-01
5.099207535386085510e-02
-4.149875938892364502e-01
-1.807910442352294922e+00
7.437577247619628906e-01
-8.201025426387786865e-02
3.982030749320983887e-01
1.891477266326546669e-03
1.200015664100646973e+00
-9.224204346537590027e-03
-1.527345180511474609e-01
-3.204401135444641113e-01
-4.727169871330261230e-01
1.002146974205970764e-01
-2.897466123104095459e-01
5.003929734230041504e-01
5.213643908500671387e-01
-4.276129305362701416e-01
-1.323191881179809570e+00
-4.884171187877655029e-01
-1.152330711483955383e-01
3.162928298115730286e-02
1.397188752889633179e-01
6.985664367675781250e-01
-4.830443263053894043e-01
1.050253272056579590e+00
-6.808926463127136230e-01
4.183845818042755127e-01
1.156275346875190735e-01
7.708116173744201660e-01
-1.679314523935317993e-01
-1.122820749878883362e-01
-2.600707709789276123e-01
-9.799156785011291504e-01
3.642344772815704346e-01
3.855353891849517822e-01
-3.832870721817016602e-01
8.391007781028747559e-01
2.514458894729614258e-01
9.049487709999084473e-01
2.636050432920455933e-02
4.876216053962707520e-01
1.679366338066756725e-03
1.362173408269882202e-01
6.426208615303039551e-01
1.987092941999435425e-01
1.184110492467880249e-01
-6.503282785415649414e-01
-5.265532732009887695e-01
-1.981104493141174316e+00
1.197346925735473633e+00
-5.071907639503479004e-01
-1.811405718326568604e-01
3.616220131516456604e-02
-9.668336510658264160e-01
-1.422645330429077148e+00
-4.910557270050048828e-01
4.496583938598632812e-01
8.532446026802062988e-01
1.017219305038452148e+00
7.264057993888854980e-01
1.820368647575378418e+00
8.008215576410293579e-02
-8.242920041084289551e-01
3.188221156597137451e-01
3.994511663913726807e-01
-1.907449513673782349e-01
8.296930789947509766e-01
-4.175369441509246826e-01
2.227613776922225952e-01
1.062636733055114746e+00
3.502544462680816650e-01
4.680902063846588135e-01
3.038320243358612061e-01
-3.835485875606536865e-02
2.527616620063781738e-01
-1.332103013992309570e-01
9.605170041322708130e-02
-1.574776768684387207e-01
-9.586862921714782715e-01
-5.980377197265625000e-01
1.033169776201248169e-01
-6.616804599761962891e-01
1.562428474426269531e+00
-8.717676997184753418e-01
-1.779575347900390625e+00
-6.242358684539794922e-01
-8.776224851608276367e-01
7.954785823822021484e-01
8.741191625595092773e-01
2.642595767974853516e+00
8.212954998016357422e-01
-3.687842190265655518e-01
-7.566842436790466309e-01
-1.342498660087585449e-01
4.455246627330780029e-01
-1.848460435867309570e-01
1.062787175178527832e+00
-1.674869656562805176e+00
2.821720123291015625e+00
-7.655134052038192749e-02
1.923838108777999878e-01
7.854984998703002930e-01
-8.853529691696166992e-01
-5.123808979988098145e-01
1.700072139501571655e-01
1.118544340133666992e-01
4.460064768791198730e-01
-1.724032640457153320e+00
3.982185721397399902e-01
-2.951595783233642578e-01
-3.085500299930572510e-01
4.701039195060729980e-01
6.329865455627441406e-01
9.849423170089721680e-01
-1.822626683861017227e-03
2.265893518924713135e-01
-1.755996048450469971e-01
-1.469507366418838501e-01
-1.647655367851257324e-01
-7.036581635475158691e-01
4.300925880670547485e-02
-5.068774223327636719e-01
-4.123685956001281738e-01
-1.117780566215515137e+00
-4.570401087403297424e-02
-4.693200886249542236e-01
4.927218258380889893e-01
-1.543455868959426880e-01
3.168051540851593018e-01
2.163380235433578491e-01
1.400033384561538696e-01
1.989009976387023926e-01
3.119160830974578857e-01
2.757027149200439453e-01
-3.254428803920745850e-01
-6.156380772590637207e-01
8.660199642181396484e-01
-2.482902258634567261e-01
6.591760516166687012e-01
5.371733009815216064e-02
9.820804595947265625e-01
-5.374807119369506836e-01
4.978878200054168701e-01
-9.039899706840515137e-01
7.422750592231750488e-01
-2.250171601772308350e-01
4.473370909690856934e-01
7.415525913238525391e-01
-8.375548720359802246e-01
-2.609468400478363037e-01
-1.351960301399230957e-01
5.387037396430969238e-01
6.557703614234924316e-01
-1.061426103115081787e-01
8.304487466812133789e-01
-3.015735652297735214e-03
5.558193922042846680e-01
5.153912305831909180e-02
6.994349956512451172e-01
-5.202537775039672852e-01
-1.415259718894958496e+00
1.327760964632034302e-01
4.984645843505859375e-01
1.912092715501785278e-01
1.452618539333343506e-01
-5.677965283393859863e-01
6.346729993820190430e-01
5.743523314595222473e-02
2.957209944725036621e-01
2.405189126729965210e-01
-1.006287455558776855e+00
-1.582935571670532227e+00
3.194742798805236816e-01
-3.383906483650207520e-01
8.632256388664245605e-01
-2.164136916399002075e-01
5.097965002059936523e-01
7.218518853187561035e-01
8.390361815690994263e-02
-2.081198543310165405e-01
7.115687131881713867e-01
-3.889603912830352783e-01
1.254884600639343262e+00
-8.550138473510742188e-01
-8.529446721076965332e-01
5.895103216171264648e-01
-2.631672322750091553e-01
1.075961515307426453e-01
8.511901497840881348e-01
-7.225653529167175293e-01
4.396696984767913818e-01
5.575801134109497070e-01
6.720727682113647461e-02
-2.386420369148254395e-01
7.924393415451049805e-01
-1.346553564071655273e-01
8.519803732633590698e-02
-6.075163483619689941e-01
-7.069525122642517090e-01
-4.978785812854766846e-01
-3.482971787452697754e-01
1.332071572542190552e-01
-1.135413885116577148e+00
2.191366434097290039e+00
2.329072952270507812e-01
3.482501208782196045e-01
2.701041996479034424e-01
2.218708395957946777e-02
2.776457369327545166e-01
-2.902553649619221687e-03
3.549682199954986572e-01
-8.385003805160522461e-01
-1.078416854143142700e-01
2.575929760932922363e-01
-4.540022313594818115e-01
-1.546066533774137497e-02
5.319245457649230957e-01
1.540178775787353516e+00
-5.798750519752502441e-01
1.803095042705535889e-01
-6.549718976020812988e-01
5.996640920639038086e-01
1.019958257675170898e-01
-4.751789867877960205e-01
-5.630424618721008301e-01
-1.044257164001464844e+00
-1.065283179283142090e+00
-1.036463975906372070e-01
9.764773249626159668e-01
1.730434447526931763e-01
2.339692786335945129e-02
1.665242910385131836e-01
2.248886376619338989e-01
7.206404209136962891e-01
1.478907167911529541e-01
3.552698493003845215e-01
-1.624087691307067871e-01
-1.615732312202453613e-01
-6.600201129913330078e-01
-3.334511816501617432e-01
-6.488869339227676392e-02
-3.492381274700164795e-01
4.189335554838180542e-02
8.384770900011062622e-02
1.483216285705566406e+00
6.805956959724426270e-01
4.569988846778869629e-01
-4.663440287113189697e-01
-9.870701432228088379e-01
-8.815063163638114929e-03
4.757302701473236084e-01
1.484390720725059509e-02
1.439437717199325562e-01
-8.578898906707763672e-01
-4.822452962398529053e-01
