8.983355760574340820e-01
3.772505521774291992e-01
3.958646357059478760e-01
8.901910781860351562e-01
5.330055952072143555e-01
3.087201118469238281e-01
1.183155179023742676e-02
-1.072173416614532471e-01
-6.598325818777084351e-02
-1.621242463588714600e-01
-1.000985130667686462e-02
-4.162063002586364746e-01
2.910553514957427979e-01
-2.882059812545776367e-01
-2.148233950138092041e-01
-3.212784230709075928e-01
1.132027953863143921e-01
-2.497914731502532959e-01
-4.016886651515960693e-01
-2.382233142852783203e-01
2.606302797794342041e-01
-2.387272268533706665e-01
6.742508709430694580e-02
-3.763975203037261963e-01
4.153017699718475342e-02
-5.031907558441162109e-02
1.948625147342681885e-01
2.361691594123840332e-01
7.875394225120544434e-01
-2.591716870665550232e-02
6.206444501876831055e-01
-9.952008724212646484e-02
2.424935251474380493e-01
-5.924154520034790039e-01
6.965955346822738647e-02
-1.037982344627380371e+00
4.625113680958747864e-02
-2.886796593666076660e-01
-3.265049457550048828e-01
-7.188755273818969727e-01
-9.132938385009765625e-01
8.156435191631317139e-02
-3.849662840366363525e-01
-5.816063284873962402e-01
-6.451002359390258789e-01
2.293799668550491333e-01
6.267352104187011719e-01
1.249349862337112427e-01
6.931430101394653320e-01
1.057221651077270508e+00
2.849759161472320557e-01
1.048742771148681641e+00
-1.117220520973205566e+00
-5.426073446869850159e-02
-1.475093811750411987e-01
-5.383993983268737793e-01
-7.181658744812011719e-01
-3.548877537250518799e-01
-2.317381501197814941e-01
2.469070404767990112e-01
1.659182459115982056e-02
7.473348081111907959e-02
4.158217310905456543e-01
4.398643374443054199e-01
-1.725891828536987305e-01
-7.769653201103210449e-02
3.916524648666381836e-01
1.091867759823799133e-01
-3.513027429580688477e-01
6.631625443696975708e-02
2.971702255308628082e-02
-1.510917581617832184e-02
-3.122097551822662354e-01
4.879716783761978149e-02
-2.207317799329757690e-01
1.451075077056884766e-02
-4.722030758857727051e-01
-5.806537270545959473e-01
-4.015303850173950195e-01
-2.843277156352996826e-01
-5.936183929443359375e-01
-4.174302816390991211e-01
-2.240457385778427124e-01
1.569353975355625153e-02
3.860661387443542480e-01
2.767635285854339600e-01
1.905654966831207275e-01
-2.931620478630065918e-01
5.182595849037170410e-01
-4.071846306324005127e-01
-2.965165078639984131e-01
-9.880156517028808594e-01
-2.825342118740081787e-01
1.907072216272354126e-01
-1.529186517000198364e-01
-2.347369790077209473e-01
2.893287241458892822e-01
4.554683566093444824e-01
7.527295947074890137e-01
3.355205953121185303e-01
-7.354677654802799225e-03
5.767610669136047363e-02
5.670589804649353027e-01
4.488588571548461914e-01
-6.095712631940841675e-02
4.317240417003631592e-01
-1.082596331834793091e-01
9.858564287424087524e-02
-9.152327775955200195e-01
-5.670809149742126465e-01
-1.954236328601837158e-01
-7.853309810161590576e-02
-1.913985013961791992e-01
-6.276867389678955078e-01
-5.927651748061180115e-02
1.862577795982360840e-01
2.045558542013168335e-01
-2.305251806974411011e-01
2.421255558729171753e-01
1.855332106351852417e-01
4.135617613792419434e-02
-4.734511971473693848e-01
-2.815248370170593262e-01
-1.723175644874572754e-01
-3.648711144924163818e-01
-6.128126978874206543e-01
-1.686120927333831787e-01
5.974779129028320312e-01
3.014046549797058105e-01
1.680230945348739624e-01
5.929859727621078491e-02
1.111078560352325439e-01
3.230990171432495117e-01
6.135974824428558350e-02
-5.307107418775558472e-02
-2.987733185291290283e-01
-1.934096813201904297e-01
9.129110723733901978e-03
-1.496545821428298950e-01
-1.161642447113990784e-01
-2.349167168140411377e-01
2.863469719886779785e-01
1.007303744554519653e-01
-3.341279923915863037e-02
5.455402135848999023e-01
-4.043091535568237305e-01
-7.502068281173706055e-01
-8.460100293159484863e-01
-7.543727755546569824e-01
-2.482629567384719849e-01
4.807902276515960693e-01
-5.348413810133934021e-02
5.787731334567070007e-02
1.611575037240982056e-01
1.937589198350906372e-01
7.274083793163299561e-02
-2.665636539459228516e-01
-3.677527606487274170e-02
5.468589663505554199e-01
3.954407870769500732e-01
-2.805021703243255615e-01
1.480837315320968628e-01
-3.089455366134643555e-01
3.561044037342071533e-01
-1.882233768701553345e-01
-4.481750726699829102e-01
9.406060725450515747e-02
-2.603755891323089600e-01
-3.835036456584930420e-01
-3.417997956275939941e-01
9.940092265605926514e-02
2.589145004749298096e-01
2.415094077587127686e-01
7.189697772264480591e-02
4.672538340091705322e-01
2.039422839879989624e-01
6.128204241394996643e-02
-3.834632039070129395e-01
-2.520220875740051270e-01
-4.607723355293273926e-01
-2.165787518024444580e-01
-1.568551808595657349e-01
-4.458879679441452026e-02
4.534870982170104980e-01
1.819835901260375977e-01
2.831379473209381104e-01
2.913380414247512817e-02
1.184325814247131348e-01
2.445441633462905884e-01
2.103668898344039917e-01
-2.022983282804489136e-01
-5.209573078900575638e-03
5.780590772628784180e-01
-1.334510296583175659e-01
-2.448459863662719727e-01
-7.026631832122802734e-01
-2.870297431945800781e-01
-2.199979573488235474e-01
1.405487768352031708e-03
-3.580842614173889160e-01
-2.124792337417602539e-01
5.065926313400268555e-01
-3.153414726257324219e-01
-1.848566830158233643e-01
-6.774051189422607422e-01
-1.181621402502059937e-01
5.203304886817932129e-01
2.666318789124488831e-02
-4.650447070598602295e-01
4.554498195648193359e-01
2.316039428114891052e-02
4.712748825550079346e-01
-3.103821072727441788e-03
5.097024440765380859e-01
6.238622665405273438e-01
-4.184147715568542480e-02
-2.837346196174621582e-01
-3.211362361907958984e-01
-1.511894762516021729e-01
-2.640054821968078613e-01
-6.547080874443054199e-01
-1.191988512873649597e-01
-4.722870290279388428e-01
-2.036277800798416138e-01
-1.018214970827102661e-01
-2.938212156295776367e-01
7.756990194320678711e-02
4.957998394966125488e-01
-1.024250388145446777e-01
1.623723506927490234e-01
2.459790408611297607e-01
4.610016196966171265e-02
-2.477910667657852173e-01
-2.712656557559967041e-01
7.002273201942443848e-01
-1.460178382694721222e-02
-5.001672506332397461e-01
-2.564157843589782715e-01
-4.176168143749237061e-02
1.227772831916809082e-01
1.867138892412185669e-01
-5.064871907234191895e-01
8.387805521488189697e-02
-1.673025339841842651e-01
6.315091252326965332e-02
-4.185579419136047363e-01
4.219279587268829346e-01
-6.356760859489440918e-01
-2.629376351833343506e-01
-1.143918633460998535e+00
-9.487510323524475098e-01
-3.912761509418487549e-01
-8.208213448524475098e-01
-7.688427809625864029e-03
-2.792159914970397949e-01
9.905008226633071899e-02
2.392987012863159180e-01
2.179464399814605713e-01
4.263102076947689056e-03
2.555921971797943115e-01
1.432085335254669189e-01
1.768291741609573364e-01
-4.107858836650848389e-01
-3.028868734836578369e-01
-1.032777130603790283e-01
-2.620057761669158936e-01
-5.478398799896240234e-01
-8.973070979118347168e-01
-2.775494456291198730e-01
1.661049202084541321e-02
3.012802898883819580e-01
3.137770295143127441e-01
1.939586400985717773e-01
1.137158721685409546e-01
9.076604247093200684e-01
4.555650427937507629e-02
2.375668659806251526e-02
-2.062152326107025146e-01
8.070399612188339233e-02
-4.673793315887451172e-01
-3.844297528266906738e-01
-1.135037541389465332e+00
-4.221506416797637939e-01
-4.424848854541778564e-01
3.909662067890167236e-01
5.146734789013862610e-02
5.659985542297363281e-01
8.220906555652618408e-02
1.721073687076568604e-01
6.731431186199188232e-02
-8.220801502466201782e-02
1.851871609687805176e-02
-5.560755357146263123e-02
-4.250855147838592529e-01
-1.421917080879211426e-01
-2.787916362285614014e-01
-1.711936891078948975e-01
-3.172799944877624512e-01
-2.452292144298553467e-01
-1.468378156423568726e-01
7.943774759769439697e-02
3.057498335838317871e-01
-3.519283831119537354e-01
-7.175874710083007812e-02
-2.883706986904144287e-01
1.623138636350631714e-01
-4.940185248851776123e-01
-1.219229698181152344e-01
3.985275328159332275e-02
-1.765810698270797729e-01
-4.028912782669067383e-01
-2.466581463813781738e-01
-2.841334044933319092e-01
2.291746204718947411e-03
-1.461314409971237183e-01
-1.402643322944641113e-01
5.168788433074951172e-01
6.306558251380920410e-01
3.501007556915283203e-01
-2.737223207950592041e-01
-3.845446556806564331e-02
2.826875448226928711e-01
-1.139373540878295898e+00
-9.542307257652282715e-01
-2.471986860036849976e-01
-5.336657632142305374e-04
-2.678671181201934814e-01
-1.532966345548629761e-01
3.322123587131500244e-01
3.415281884372234344e-03
2.108959853649139404e-01
-3.181594610214233398e-01
2.655907869338989258e-01
4.632197320461273193e-02
2.391123771667480469e-01
-1.063800081610679626e-01
-4.809892773628234863e-01
1.767100393772125244e-01
-2.001969218254089355e-01
-1.470954064279794693e-02
-6.767935156822204590e-01
3.790692239999771118e-02
-1.664123982191085815e-01
-3.430239856243133545e-01
-5.823073387145996094e-01
-6.915680170059204102e-01
5.559204891324043274e-02
1.325868070125579834e-02
6.961761713027954102e-01
-2.309162467718124390e-01
2.010214626789093018e-01
4.854480028152465820e-01
6.288295388221740723e-01
-1.352054029703140259e-01
-1.761503517627716064e-01
4.534154757857322693e-02
-2.532662153244018555e-01
9.599166363477706909e-02
-9.153702259063720703e-01
-8.285143226385116577e-02
1.475652307271957397e-01
4.016584157943725586e-01
9.388257563114166260e-02
1.458520442247390747e-01
1.186859458684921265e-01
3.352425694465637207e-01
1.096681430935859680e-01
1.809636503458023071e-01
3.337796628475189209e-01
4.679360389709472656e-01
3.334410488605499268e-02
-3.852254450321197510e-01
-5.450053215026855469e-01
-7.236597537994384766e-01
-1.427462697029113770e-01
-8.686623573303222656e-01
2.402289956808090210e-01
-2.792751193046569824e-01
-6.623800843954086304e-02
1.492160465568304062e-02
1.803252398967742920e-01
3.906471133232116699e-01
4.468685388565063477e-01
8.521110564470291138e-02
-1.518419571220874786e-02
5.785851478576660156e-01
2.790284156799316406e-01
3.555648028850555420e-01
-2.029074132442474365e-01
2.767018675804138184e-01
3.509522378444671631e-01
-1.230869367718696594e-01
-3.280227184295654297e-01
-4.318758845329284668e-01
2.213543951511383057e-01
-2.447299659252166748e-03
4.685140028595924377e-02
-4.331475496292114258e-01
1.960702389478683472e-01
-4.426827132701873779e-01
1.215950027108192444e-01
-2.980832457542419434e-01
1.481432318687438965e-01
-1.668764054775238037e-01
-1.100719347596168518e-01
-4.217422902584075928e-01
-4.283382594585418701e-01
-2.375639975070953369e-01
-5.137323141098022461e-01
-6.990789771080017090e-01
-1.774336248636245728e-01
-2.760294973850250244e-01
-6.917060818523168564e-04
-5.513371229171752930e-01
1.153567880392074585e-01
4.169951975345611572e-01
3.235547542572021484e-01
-5.520921945571899414e-02
5.220639705657958984e-02
-2.997455596923828125e-01
7.418096065521240234e-02
-7.888517379760742188e-01
-1.567461155354976654e-02
2.036928385496139526e-01
3.840739727020263672e-01
-2.346932739019393921e-01
6.080442070960998535e-01
-3.468178510665893555e-01
1.383004896342754364e-02
2.354231476783752441e-02
-4.937524795532226562e-01
-7.274015247821807861e-02
2.214275449514389038e-01
-4.303939342498779297e-01
4.606717526912689209e-01
3.627690076828002930e-01
1.404933929443359375e-01
-7.017381489276885986e-02
-4.923548996448516846e-01
-1.178829148411750793e-01
-1.784166097640991211e-01
-3.979701995849609375e-01
-4.895268678665161133e-01
-4.403611272573471069e-02
4.441114366054534912e-01
1.625502258539199829e-01
-1.506803631782531738e-01
3.509067296981811523e-01
-1.591127812862396240e-01
-1.879409700632095337e-01
-5.749258399009704590e-01
1.279085874557495117e-01
6.746620684862136841e-02
-2.890323996543884277e-01
-3.409308493137359619e-01
2.412976622581481934e-01
2.896096408367156982e-01
-3.140920028090476990e-02
1.760740429162979126e-01
4.333527684211730957e-01
2.156217992305755615e-01
-2.428401261568069458e-01
-4.077187180519104004e-01
-6.085465103387832642e-02
2.392491102218627930e-01
1.527346670627593994e-01
1.648452281951904297e-01
9.572106599807739258e-02
4.483101665973663330e-01
-2.465354502201080322e-01
-4.268266260623931885e-01
-2.899864614009857178e-01
-4.449407160282135010e-01
-3.166919946670532227e-01
-4.325026869773864746e-01
-3.790775239467620850e-01
-9.881054610013961792e-02
-2.449111193418502808e-01
5.455169826745986938e-02
-1.339297890663146973e-01
2.057788968086242676e-01
-2.935841977596282959e-01
-2.543673515319824219e-01
-5.172458291053771973e-01
-7.814083993434906006e-02
3.028390929102897644e-03
1.558123230934143066e-01
-3.574389815330505371e-01
-6.031078845262527466e-02
1.963930279016494751e-01
3.893438577651977539e-01
2.089131772518157959e-01
-2.637453675270080566e-01
9.193356335163116455e-02
2.041371762752532959e-01
3.583930432796478271e-02
-1.822375059127807617e-01
-1.537401825189590454e-01
1.658980101346969604e-01
-2.216271013021469116e-01
-9.364034980535507202e-02
2.353694885969161987e-01
1.022981628775596619e-01
3.212627470493316650e-01
-4.914306700229644775e-01
-7.816743850708007812e-02
3.707380294799804688e-01
3.837965801358222961e-02
-3.928244113922119141e-02
-3.594451546669006348e-01
-8.315810561180114746e-02
-2.272528856992721558e-01
-2.065628021955490112e-01
