-1.482429027557373047e+00
-3.874954283237457275e-01
-5.953574925661087036e-02
-7.994312644004821777e-01
-6.119889020919799805e-01
1.851227879524230957e-01
-3.752914965152740479e-01
-3.271483480930328369e-01
4.384588599205017090e-01
-3.371676504611968994e-01
6.834222078323364258e-01
3.588941991329193115e-01
4.448074996471405029e-01
4.708604216575622559e-01
2.701954245567321777e-01
-7.203745841979980469e-02
3.489851355552673340e-01
-1.031648591160774231e-01
2.715972661972045898e-01
-7.423144578933715820e-01
-7.783318161964416504e-01
5.838342905044555664e-01
5.256362259387969971e-03
2.720053791999816895e-01
-3.155840635299682617e-01
8.639322519302368164e-01
-2.443393021821975708e-01
5.070755481719970703e-01
-4.155955016613006592e-01
2.630390413105487823e-02
2.089251875877380371e-01
-2.128971368074417114e-01
2.357586026191711426e-01
5.174798965454101562e-01
1.577416248619556427e-02
3.090751767158508301e-01
8.432046324014663696e-02
8.562251925468444824e-01
4.266667962074279785e-01
2.169079780578613281e-01
1.845043301582336426e-01
3.599940240383148193e-01
-4.601982608437538147e-02
-1.526901274919509888e-01
1.497177965939044952e-02
-2.302072793245315552e-01
3.945828974246978760e-02
-2.079049646854400635e-01
-8.367739319801330566e-01
-5.430907011032104492e-01
-3.260886669158935547e-01
-3.849600255489349365e-01
-6.598948687314987183e-02
2.677069008350372314e-01
5.498527735471725464e-02
5.398988723754882812e-01
9.174360632896423340e-01
1.096229434013366699e+00
8.887994289398193359e-01
7.363245487213134766e-01
1.156845986843109131e-01
-1.233819648623466492e-01
-3.780755698680877686e-01
-3.993251621723175049e-01
-2.620689803734421730e-03
-8.397620320320129395e-01
-4.618551135063171387e-01
-6.269630044698715210e-02
-3.060341477394104004e-01
-2.856156043708324432e-02
-3.349474668502807617e-01
6.329459697008132935e-02
1.512469351291656494e-01
-5.122540593147277832e-01
1.182954311370849609e-01
-5.563145875930786133e-01
-1.391073316335678101e-01
5.985605716705322266e-01
-1.873172968626022339e-01
6.372452378273010254e-01
1.227930113673210144e-01
2.081827521324157715e-01
4.077506959438323975e-01
-9.036430716514587402e-02
4.807428270578384399e-02
1.897946745157241821e-01
3.840508759021759033e-01
-1.570853739976882935e-01
8.728463202714920044e-02
4.201754331588745117e-01
4.550416469573974609e-01
5.485959053039550781e-01
7.621534466743469238e-01
4.807929694652557373e-01
4.457782208919525146e-01
3.852623105049133301e-01
-8.181251585483551025e-02
-5.337979197502136230e-01
-1.822587847709655762e-01
-3.842182755470275879e-01
-6.425309181213378906e-02
3.977581560611724854e-01
-2.986223697662353516e-01
-2.520243525505065918e-01
-4.898563325405120850e-01
-5.611819624900817871e-01
-3.189899325370788574e-01
1.364071369171142578e-01
-6.738828420639038086e-01
3.075061179697513580e-02
-3.643884360790252686e-01
-8.578399419784545898e-01
-6.262190341949462891e-01
6.656069159507751465e-01
4.236036539077758789e-02
1.008656099438667297e-01
-7.657298445701599121e-01
6.157606840133666992e-01
7.738884687423706055e-01
-1.400626540184020996e+00
2.703640609979629517e-02
9.770331978797912598e-01
5.568434000015258789e-01
1.020143389701843262e+00
4.819011390209197998e-01
7.920585870742797852e-01
2.677763402462005615e-01
-1.144598722457885742e+00
-3.443955779075622559e-01
-4.682454168796539307e-01
1.657759428024291992e+00
2.172688722610473633e+00
-3.097022175788879395e-01
1.113257408142089844e+00
2.408804744482040405e-01
6.212887167930603027e-01
-1.124603599309921265e-01
1.399673521518707275e-01
-7.457084208726882935e-02
-7.297968268394470215e-01
-5.964502692222595215e-01
-6.275131702423095703e-01
-3.885300084948539734e-02
-4.033485352993011475e-01
-1.927707344293594360e-02
-4.159433245658874512e-01
-2.165266722440719604e-01
1.397191435098648071e-01
-2.980013489723205566e-01
1.411918163299560547e+00
-3.093664050102233887e-01
6.582682728767395020e-01
-1.762880012392997742e-02
1.102795243263244629e+00
2.870341241359710693e-01
7.165508866310119629e-01
1.428791582584381104e-01
-4.748838245868682861e-01
-1.059864908456802368e-01
-9.650912880897521973e-01
-5.911573767662048340e-01
-6.240732595324516296e-02
-3.700912371277809143e-02
-5.697316527366638184e-01
-4.646450579166412354e-01
-5.035620927810668945e-01
4.987398982048034668e-01
5.958338975906372070e-01
6.584190130233764648e-01
7.517187595367431641e-01
7.551909089088439941e-01
5.267134308815002441e-01
3.553223013877868652e-01
-2.262056320905685425e-01
-8.712170273065567017e-02
-1.004493236541748047e+00
-7.393968701362609863e-01
-4.900655448436737061e-01
2.830652892589569092e-01
-2.889018952846527100e-01
4.105007350444793701e-01
5.515362024307250977e-01
4.148483574390411377e-01
1.266590952873229980e-01
-1.237584426999092102e-01
-1.934822201728820801e-01
-3.373572230339050293e-02
9.710168093442916870e-02
-1.655975729227066040e-01
-1.736144125461578369e-01
2.397378683090209961e-01
-3.320692777633666992e-01
4.302253723144531250e-01
-1.541481614112854004e-01
5.207984447479248047e-01
-3.189024031162261963e-01
3.305951058864593506e-01
-7.772448658943176270e-01
-3.421158790588378906e-01
-6.424149870872497559e-02
2.373209446668624878e-01
-8.513212203979492188e-02
5.067228674888610840e-01
1.131841093301773071e-01
-1.855542697012424469e-02
4.336486756801605225e-01
2.169589977711439133e-03
3.100839257240295410e-01
6.360546685755252838e-04
-6.884224712848663330e-02
6.510063409805297852e-01
-6.717503815889358521e-02
8.327277898788452148e-01
2.850202918052673340e-01
-1.546770483255386353e-01
1.576851457357406616e-01
-2.864785194396972656e-01
4.041016697883605957e-01
7.031846046447753906e-01
-4.510521292686462402e-01
-6.700721979141235352e-01
-7.226042747497558594e-01
-1.141907215118408203e+00
-3.190722167491912842e-01
4.500603377819061279e-01
3.120720684528350830e-01
4.484967887401580811e-01
-2.303824722766876221e-01
1.015918999910354614e-01
-5.713366344571113586e-02
2.056230455636978149e-01
2.793439626693725586e-01
-6.133519485592842102e-02
1.185683235526084900e-01
-3.390186429023742676e-01
-1.667266935110092163e-01
3.172782957553863525e-01
-1.050441786646842957e-01
-5.007255673408508301e-01
1.268427848815917969e+00
-1.008126854896545410e+00
6.054572463035583496e-01
7.393667101860046387e-01
1.490072369575500488e+00
9.183099865913391113e-01
9.301957488059997559e-01
-8.222805857658386230e-01
7.756941318511962891e-01
-2.503229677677154541e-01
-6.161693111062049866e-02
3.552919626235961914e-01
-2.686342298984527588e-01
3.348180949687957764e-01
-6.917307972908020020e-01
7.761115431785583496e-01
1.525255799293518066e+00
1.466116607189178467e-01
2.437117546796798706e-01
-3.301210701465606689e-01
5.862772464752197266e-01
-7.439311742782592773e-01
5.102933645248413086e-01
-5.166568979620933533e-02
5.535994172096252441e-01
-6.494802236557006836e-01
6.056396365165710449e-01
-6.887608766555786133e-01
-1.326304525136947632e-01
3.724202215671539307e-01
-2.364833503961563110e-01
-1.299640685319900513e-01
5.398745834827423096e-02
-9.624475240707397461e-01
-6.846955418586730957e-02
-5.670034885406494141e-01
-2.359339594841003418e-01
3.736356496810913086e-01
4.300960525870323181e-02
7.000882625579833984e-01
2.966767549514770508e-01
-4.832393825054168701e-01
3.617258965969085693e-01
-1.067858561873435974e-01
1.647562026977539062e+00
8.497954905033111572e-02
5.055403113365173340e-01
-9.455724954605102539e-01
6.789185404777526855e-01
-6.821583509445190430e-01
4.301479756832122803e-01
-6.948903799057006836e-01
6.494042873382568359e-01
-5.441012233495712280e-02
1.114256381988525391e+00
8.146087825298309326e-02
6.330769062042236328e-01
2.713654339313507080e-01
3.925352990627288818e-01
6.717612850479781628e-04
-4.335142374038696289e-01
3.667956590652465820e-01
-8.106560111045837402e-01
-7.080568373203277588e-02
6.115560978651046753e-02
2.378530502319335938e-01
-1.403939127922058105e-01
-6.414721608161926270e-01
-5.071789622306823730e-01
-3.657770454883575439e-01
-7.230656743049621582e-01
6.438235640525817871e-01
-4.112204909324645996e-01
1.537043303251266479e-01
-3.248735666275024414e-01
6.533052921295166016e-01
5.113509297370910645e-01
2.360893636941909790e-01
3.787058591842651367e-01
4.257347583770751953e-01
1.014759778976440430e+00
4.992810785770416260e-01
4.811491817235946655e-05
2.696127295494079590e-01
5.863901972770690918e-01
1.171012043952941895e+00
6.967704296112060547e-01
8.555667400360107422e-01
2.013689577579498291e-01
-4.093894362449645996e-01
-1.028699159622192383e+00
1.793226599693298340e-01
-1.670230507850646973e+00
-6.417686939239501953e-01
-7.359951734542846680e-01
5.648619532585144043e-01
1.231261715292930603e-01
3.446714580059051514e-01
7.030095458030700684e-01
-2.778171896934509277e-01
2.692812085151672363e-01
-6.902260780334472656e-01
8.951263874769210815e-02
-1.528156995773315430e-01
2.721488475799560547e-01
6.450741291046142578e-01
-1.470691412687301636e-01
6.295484304428100586e-01
-2.895006239414215088e-01
5.817971229553222656e-01
-5.869550108909606934e-01
-6.424050033092498779e-02
3.934481441974639893e-01
-1.050470590591430664e+00
3.641312420368194580e-01
2.970811128616333008e-01
6.194167137145996094e-01
-1.166758656501770020e+00
-6.535937637090682983e-02
-1.996584683656692505e-01
-4.599110409617424011e-02
7.110047619789838791e-03
3.205808997154235840e-01
-4.823711514472961426e-01
-1.200071722269058228e-01
4.348948299884796143e-01
7.245526909828186035e-01
4.106986522674560547e-01
4.544311761856079102e-01
5.294390767812728882e-02
1.460013538599014282e-01
-1.219669505953788757e-01
-6.526634693145751953e-01
-1.093922406435012817e-01
5.635083466768264771e-02
2.435501664876937866e-01
1.729409024119377136e-02
1.222850233316421509e-01
1.135677006095647812e-02
1.727426797151565552e-01
-1.203910931944847107e-01
1.130907144397497177e-02
7.989915460348129272e-02
-5.515250563621520996e-02
-5.766087174415588379e-01
-5.650656223297119141e-01
-1.002421006560325623e-01
-6.461108922958374023e-01
-4.632087051868438721e-01
-6.904139518737792969e-01
-1.555796116590499878e-01
-2.286138832569122314e-01
5.701078176498413086e-01
-2.078428268432617188e-01
9.434467554092407227e-01
-4.679091572761535645e-01
5.500057339668273926e-01
1.347748935222625732e-01
2.724871039390563965e-01
-2.202186919748783112e-02
1.109029769897460938e+00
3.179288506507873535e-01
3.699106574058532715e-01
-1.863501369953155518e-01
6.091446280479431152e-01
-2.025436460971832275e-01
3.993105590343475342e-01
-4.768451750278472900e-01
6.073080897331237793e-01
-8.092360198497772217e-02
3.804073203355073929e-04
-1.083456948399543762e-01
9.036577492952346802e-02
-2.755683101713657379e-02
-1.131945922970771790e-01
-7.620052099227905273e-01
-4.223515689373016357e-01
4.133250415325164795e-01
4.427425563335418701e-01
3.598916530609130859e-01
5.443350672721862793e-01
4.711657464504241943e-01
3.620126545429229736e-01
3.513282537460327148e-01
2.264251708984375000e-01
-5.624272823333740234e-01
-2.659725211560726166e-02
-2.820212841033935547e-01
2.536739110946655273e-01
1.102192252874374390e-01
-6.337971240282058716e-02
-1.181518957018852234e-01
6.559682637453079224e-02
-1.798772811889648438e-02
4.788552597165107727e-02
-8.095636963844299316e-02
4.515423476696014404e-01
-3.054016968235373497e-03
-3.313585817813873291e-01
-3.565469980239868164e-01
5.714349150657653809e-01
-5.425611734390258789e-01
1.821958571672439575e-01
4.301290810108184814e-01
1.620837002992630005e-01
5.898045897483825684e-01
1.617047563195228577e-02
-1.296516414731740952e-02
-1.255167484283447266e+00
-6.442714333534240723e-01
5.237654969096183777e-02
1.497375369071960449e+00
3.912902995944023132e-02
5.033178329467773438e-01
-1.982283145189285278e-01
8.916469216346740723e-01
-6.756400465965270996e-01
-1.541417390108108521e-01
2.715456187725067139e-01
4.433326125144958496e-01
-7.130877375602722168e-01
-6.614320874214172363e-01
-6.362431049346923828e-01
1.166918754577636719e+00
8.742567896842956543e-01
1.387849211692810059e+00
2.896924912929534912e-01
3.931621909141540527e-01
-2.252089418470859528e-02
-8.009973168373107910e-02
3.858340904116630554e-02
-4.659664034843444824e-01
-3.657779842615127563e-02
1.138244569301605225e-01
-4.629056453704833984e-01
-6.434268355369567871e-01
-1.113883703947067261e-01
-2.162393778562545776e-01
-1.130391731858253479e-01
-2.906930744647979736e-01
-1.141972560435533524e-02
-4.219112992286682129e-01
-8.233331888914108276e-02
-3.586401939392089844e-01
6.535543799400329590e-01
1.687602996826171875e+00
9.509621262550354004e-01
-3.491463363170623779e-01
1.002481818199157715e+00
6.822626590728759766e-01
2.330018132925033569e-01
2.542671263217926025e-01
-5.151638984680175781e-01
2.451303601264953613e-01
-1.698407381772994995e-01
5.281654000282287598e-02
-5.931781530380249023e-01
-6.634317040443420410e-01
-2.783423364162445068e-01
-3.690825104713439941e-01
-1.457305103540420532e-01
-2.267455309629440308e-01
-4.394950270652770996e-01
1.119768500328063965e+00
9.369728565216064453e-01
2.076885938644409180e+00
1.589300036430358887e+00
1.012038946151733398e+00
2.131086438894271851e-01
-4.245674014091491699e-01
-4.836277067661285400e-01
-2.023047953844070435e-01
-7.722838222980499268e-02
-2.784821689128875732e-01
