-4.153446257114410400e-01
-5.088545083999633789e-01
-1.383356750011444092e-01
-4.859176650643348694e-02
-8.126025199890136719e-01
-5.157862976193428040e-02
1.359095722436904907e-01
-1.030446290969848633e-01
-3.156842291355133057e-01
3.307828605175018311e-01
-1.455133035778999329e-02
-1.087283492088317871e+00
1.694193720817565918e+00
9.446409940719604492e-01
6.787836551666259766e-01
8.604717850685119629e-01
7.284376770257949829e-02
3.022480197250843048e-02
1.951406598091125488e-01
-1.881703138351440430e-01
-1.513576626777648926e+00
-1.231543064117431641e+00
-1.052942395210266113e+00
-5.823102593421936035e-01
-7.645425796508789062e-01
-6.646004915237426758e-01
-1.535529792308807373e-01
-5.706443786621093750e-01
2.166931927204132080e-01
-2.484156936407089233e-01
-4.771315455436706543e-01
1.613477021455764771e-01
-1.027377128601074219e+00
2.005774080753326416e-01
1.559349894523620605e-01
5.958689376711845398e-02
7.933183759450912476e-02
3.831544816493988037e-01
-1.897662431001663208e-01
-1.528025269508361816e-01
-1.975405961275100708e-01
-2.221216261386871338e-02
2.661593854427337646e-01
-3.312406837940216064e-01
6.358644366264343262e-01
1.279872059822082520e-01
-1.655434668064117432e-01
1.845314353704452515e-01
1.896037459373474121e-01
-1.691580563783645630e-01
-1.534386277198791504e-01
6.396041512489318848e-01
-5.174487233161926270e-01
7.884663343429565430e-02
1.408001631498336792e-01
5.230168104171752930e-01
-5.488582849502563477e-01
-4.454677104949951172e-01
2.209855020046234131e-01
2.409623116254806519e-01
2.670617997646331787e-01
7.259786725044250488e-01
1.568781286478042603e-01
-2.765618860721588135e-01
-2.071478068828582764e-01
6.422863602638244629e-01
-6.034559607505798340e-01
-6.212726831436157227e-01
-2.758301496505737305e-01
-3.915357887744903564e-01
-6.622465699911117554e-02
-6.520016193389892578e-01
4.999302327632904053e-01
2.553443796932697296e-02
-4.938982427120208740e-01
-1.736531257629394531e-01
-7.312235236167907715e-02
-1.499807536602020264e-01
-1.250071376562118530e-01
1.152715981006622314e-01
-4.708092287182807922e-02
8.954965323209762573e-02
-1.557479649782180786e-01
-1.316335499286651611e-01
-3.267695605754852295e-01
-5.459959805011749268e-02
-1.111039280891418457e+00
-2.378799766302108765e-01
-7.772941887378692627e-02
-8.158476352691650391e-01
1.796992063522338867e+00
4.598695635795593262e-01
1.138090133666992188e+00
6.552526950836181641e-01
3.709350526332855225e-01
-7.489576339721679688e-01
-2.624972462654113770e-01
-8.509163856506347656e-01
7.281233072280883789e-01
-5.909982919692993164e-01
-8.586361408233642578e-01
-4.302638769149780273e-01
9.463639557361602783e-02
-5.209041833877563477e-01
1.903897225856781006e-01
-5.774405598640441895e-02
-3.024861812591552734e-01
1.193681806325912476e-01
8.092582225799560547e-02
2.967427298426628113e-02
3.549151420593261719e-01
2.002724707126617432e-01
-1.424847915768623352e-02
2.640710175037384033e-01
3.719514608383178711e-01
3.875387609004974365e-01
1.621744930744171143e-01
-4.355372786521911621e-01
3.809563219547271729e-01
-2.360865473747253418e-01
-3.244902193546295166e-02
-5.596223473548889160e-01
2.554152905941009521e-01
5.152393579483032227e-01
-7.148716449737548828e-01
-2.491022348403930664e-01
3.326694965362548828e-01
-7.671320438385009766e-01
-2.793523669242858887e-01
-1.900960206985473633e-01
-5.502249002456665039e-01
-1.810566782951354980e-01
-5.963077545166015625e-01
3.050649464130401611e-01
-5.815424919128417969e-01
-5.488706007599830627e-02
-8.392230272293090820e-01
7.849031686782836914e-01
1.323413252830505371e+00
6.372976303100585938e-01
7.087912559509277344e-01
2.539565861225128174e-01
-2.068446725606918335e-01
2.148539870977401733e-01
2.476756721735000610e-01
-1.306920647621154785e+00
-5.807005167007446289e-01
1.618747711181640625e+00
6.014568805694580078e-01
-7.962597608566284180e-01
-4.176476299762725830e-01
-1.324542909860610962e-01
-9.556774497032165527e-01
1.311697840690612793e+00
-1.401188075542449951e-01
-1.665706485509872437e-01
3.255007266998291016e-01
-3.469662666320800781e-01
-9.494570493698120117e-01
-3.656202554702758789e-01
-5.118882656097412109e-01
-7.891638278961181641e-01
2.335933893918991089e-01
1.439040713012218475e-02
2.658441066741943359e-01
3.523205816745758057e-01
-1.319344788789749146e-01
-3.875429332256317139e-01
-4.335239231586456299e-01
-3.337565362453460693e-01
5.975279957056045532e-02
-3.927865922451019287e-01
5.005202293395996094e-01
-6.795892715454101562e-01
6.070827841758728027e-01
8.667117357254028320e-01
-1.470887780189514160e+00
1.302801966667175293e+00
1.035835146903991699e+00
5.816451311111450195e-01
1.505728840827941895e+00
1.123263835906982422e+00
2.786515355110168457e-01
-2.419932931661605835e-01
9.230099320411682129e-01
-9.569349288940429688e-01
-7.373209595680236816e-01
-3.143202364444732666e-01
-3.741214871406555176e-01
-1.198679953813552856e-01
-1.657550811767578125e+00
-1.884301602840423584e-01
-5.872989892959594727e-01
-7.921413779258728027e-01
-3.867027759552001953e-01
-2.697926014661788940e-02
-3.978839218616485596e-01
-2.008211985230445862e-02
-1.585588604211807251e-01
-1.439635753631591797e-01
8.346656560897827148e-01
-5.657228082418441772e-02
4.223970323801040649e-02
4.713450372219085693e-01
-2.863731682300567627e-01
3.334527313709259033e-01
7.379812598228454590e-01
2.315865606069564819e-01
2.305274158716201782e-01
-3.161497414112091064e-01
-8.771941810846328735e-02
-2.127125114202499390e-01
-2.890028357505798340e-01
1.447899341583251953e-01
4.380102753639221191e-01
5.324648320674896240e-02
2.041306346654891968e-01
1.878597028553485870e-02
-1.219977587461471558e-01
-2.223383784294128418e-01
-1.733330264687538147e-02
-4.333568811416625977e-01
-4.527969956398010254e-01
-2.636330425739288330e-01
5.523499473929405212e-02
-5.031680464744567871e-01
1.683648377656936646e-01
2.047119196504354477e-04
9.220629930496215820e-02
-5.060372501611709595e-02
-3.065250813961029053e-01
2.625450491905212402e-01
-3.917409479618072510e-01
-1.706801354885101318e-01
1.802108734846115112e-01
-4.806898534297943115e-01
-3.698613643646240234e-01
1.473670825362205505e-02
1.904901117086410522e-01
-3.267806023359298706e-02
-3.127721324563026428e-02
5.076650902628898621e-02
-2.844078838825225830e-01
-6.077073812484741211e-01
1.090934351086616516e-01
-6.040667295455932617e-01
5.251358151435852051e-01
1.077541470527648926e+00
1.350472450256347656e+00
-3.502985537052154541e-01
1.123959660530090332e+00
-3.774241507053375244e-01
-5.019509792327880859e-01
-6.997665762901306152e-01
-1.406167984008789062e+00
-9.709903001785278320e-01
-4.810725748538970947e-01
-1.120822787284851074e+00
3.455766942352056503e-03
-2.882333695888519287e-01
-3.616052567958831787e-01
-5.822666287422180176e-01
-3.361620008945465088e-01
-2.176102697849273682e-01
-4.509487152099609375e-01
2.449857890605926514e-01
-4.866213202476501465e-01
2.269039750099182129e-01
1.354405581951141357e-01
6.377170234918594360e-02
-6.072017922997474670e-02
5.637265443801879883e-01
-1.052514687180519104e-01
4.373942911624908447e-01
2.635532617568969727e-01
-2.268009930849075317e-01
-4.661099612712860107e-02
5.012104511260986328e-01
5.214357003569602966e-02
4.469766914844512939e-01
2.009518742561340332e-01
3.699433505535125732e-01
-1.092809736728668213e-01
1.482300609350204468e-01
4.940002262592315674e-01
1.106539294123649597e-01
1.695277169346809387e-02
9.809669107198715210e-02
2.333565652370452881e-01
-4.039729237556457520e-01
-5.684048533439636230e-01
-4.358875751495361328e-01
-6.210703253746032715e-01
-8.080370426177978516e-01
1.947864741086959839e-01
3.080438822507858276e-02
-5.395668745040893555e-01
-1.835745871067047119e-01
2.843212187290191650e-01
-1.975845545530319214e-01
2.038435935974121094e-01
2.885902822017669678e-01
-7.225019931793212891e-01
-1.287416815757751465e-01
2.855865843594074249e-02
-1.282753944396972656e-01
-7.816815376281738281e-02
-1.339427754282951355e-02
-1.518668681383132935e-01
-4.106503129005432129e-01
3.728567361831665039e-01
1.974590122699737549e-01
-4.420443177223205566e-01
2.296860516071319580e-01
-3.616813123226165771e-01
-4.533388614654541016e-01
-1.941170394420623779e-01
-1.485772848129272461e+00
1.245574235916137695e+00
4.317611157894134521e-01
1.289473295211791992e+00
-3.480663597583770752e-01
7.621552348136901855e-01
-1.193930625915527344e+00
-2.550935149192810059e-01
-5.639776587486267090e-01
-3.920301496982574463e-01
-1.713403105735778809e+00
-7.313981652259826660e-01
2.131340026855468750e+00
1.194165349006652832e-01
-5.903894826769828796e-02
6.905882358551025391e-01
-1.026949435472488403e-01
6.780121922492980957e-01
-3.653857707977294922e-01
-6.264471411705017090e-01
-5.338289141654968262e-01
-2.817115280777215958e-03
-3.176492750644683838e-01
-3.983725905418395996e-01
-1.925132721662521362e-01
-2.965102195739746094e-01
-3.077450692653656006e-01
2.737102508544921875e-01
-2.497323751449584961e-01
-7.683920860290527344e-01
4.012652486562728882e-02
5.351000279188156128e-02
7.540686428546905518e-02
1.844210028648376465e-01
4.589006006717681885e-01
2.777795791625976562e-01
-3.886693716049194336e-01
-2.326570823788642883e-02
4.365884363651275635e-01
1.228545010089874268e-01
4.510996639728546143e-01
5.135374069213867188e-01
3.987631499767303467e-01
-1.372399087995290756e-02
4.569820165634155273e-01
2.308343052864074707e-01
-4.964130818843841553e-01
-7.692587375640869141e-01
2.335036396980285645e-01
-1.020314455032348633e+00
6.166311502456665039e-01
5.295300111174583435e-02
-3.036499023437500000e-01
-3.125011920928955078e-01
-2.144944667816162109e-01
9.765026718378067017e-02
2.542314529418945312e-01
3.703431785106658936e-01
4.324009120464324951e-01
4.453873336315155029e-01
3.994212746620178223e-01
-3.475743532180786133e-01
3.877147287130355835e-02
1.714691519737243652e-01
-2.096271067857742310e-01
9.895586967468261719e-02
-5.597582459449768066e-01
4.587480798363685608e-02
-2.981358468532562256e-01
-2.741447389125823975e-01
3.542173802852630615e-01
-6.221386790275573730e-01
1.568050980567932129e-01
-7.442560978233814240e-03
1.070993021130561829e-01
-9.745835065841674805e-01
3.704305887222290039e-01
2.013002783060073853e-01
-4.775952696800231934e-01
1.849447190761566162e-01
1.609262377023696899e-01
-2.994372248649597168e-01
-4.601698815822601318e-01
5.354593396186828613e-01
-4.410560727119445801e-01
-2.586548328399658203e-01
1.459270000457763672e+00
1.040464282035827637e+00
1.303557991981506348e+00
1.925421878695487976e-02
-5.863885283470153809e-01
-5.031009316444396973e-01
-5.772359967231750488e-01
-1.167811870574951172e+00
-3.809982538223266602e-01
-6.501544713973999023e-01
-2.810813188552856445e-01
3.590494394302368164e-02
-6.717176437377929688e-01
-3.342995941638946533e-01
-8.197041749954223633e-01
-2.439310550689697266e-01
-3.126845955848693848e-01
-2.755817472934722900e-01
-6.222317367792129517e-02
-1.964005380868911743e-01
9.639641642570495605e-01
5.805663019418716431e-02
2.319936156272888184e-01
-7.759328186511993408e-02
1.786543726921081543e-01
8.903979063034057617e-01
-2.120066881179809570e-01
2.324748486280441284e-01
2.722499668598175049e-01
2.170369327068328857e-01
-1.339755058288574219e-01
1.968343555927276611e-01
-2.801021039485931396e-01
-4.758148789405822754e-01
9.643854200839996338e-02
-1.349349915981292725e-01
3.002263307571411133e-01
-5.545967072248458862e-02
-3.385360836982727051e-01
4.644019305706024170e-01
-3.806158304214477539e-01
3.298346698284149170e-01
-6.324089169502258301e-01
8.912087976932525635e-02
-2.936504483222961426e-01
-4.040534049272537231e-02
-1.938118487596511841e-01
-4.128565639257431030e-02
1.469162404537200928e-01
-1.653527170419692993e-01
-5.244930386543273926e-01
-1.258594840764999390e-01
-2.509419620037078857e-01
-2.524244487285614014e-01
-8.657123446464538574e-01
3.785454332828521729e-01
4.323698580265045166e-01
-8.422322273254394531e-01
3.244677782058715820e-01
1.381473660469055176e+00
3.897833526134490967e-01
2.130175381898880005e-01
2.150457054376602173e-01
-1.904855221509933472e-01
-8.064864873886108398e-01
-3.749371767044067383e-01
-1.234129667282104492e+00
-3.050546050071716309e-01
-8.926671147346496582e-01
-2.465374469757080078e-01
6.647332906723022461e-01
-5.932341814041137695e-01
-5.385783910751342773e-01
1.592927694320678711e+00
4.289089441299438477e-01
5.676741003990173340e-01
7.925228476524353027e-01
-1.255702972412109375e-01
-4.564084112644195557e-01
1.116544842720031738e+00
2.953281253576278687e-02
-3.107272386550903320e-01
9.203979372978210449e-02
-1.025289177894592285e+00
-2.326145321130752563e-01
-3.738988339900970459e-01
-4.616163671016693115e-01
4.658149182796478271e-01
-6.295463442802429199e-01
-2.488963454961776733e-01
-4.294844269752502441e-01
1.765678822994232178e-01
-2.195461094379425049e-02
-1.496267765760421753e-01
-1.950573623180389404e-01
-2.990505099296569824e-01
-3.590923845767974854e-01
4.419867098331451416e-01
-4.053446277976036072e-02
-1.071208342909812927e-02
4.606509506702423096e-01
-2.336419820785522461e-01
2.062414288520812988e-01
2.242874652147293091e-01
6.552024483680725098e-01
-1.292351186275482178e-01
-1.538151949644088745e-01
1.292725801467895508e-01
3.047146201133728027e-01
3.053778409957885742e-01
