2.332779020071029663e-02
-3.956235051155090332e-01
3.999440968036651611e-01
-2.697289884090423584e-01
-9.346924722194671631e-02
1.512359827756881714e-01
-6.035952270030975342e-02
-2.562794387340545654e-01
8.194361627101898193e-02
7.767939940094947815e-03
-1.491712331771850586e-01
-4.638870805501937866e-02
4.649977684020996094e-01
8.833596855401992798e-02
6.362137198448181152e-01
8.930216729640960693e-02
6.928443908691406250e-01
-3.313693702220916748e-01
-8.878450393676757812e-01
-3.794854581356048584e-01
-8.002448081970214844e-01
-1.520454585552215576e-01
6.929489970207214355e-02
-1.147598400712013245e-02
3.448141515254974365e-01
1.699235886335372925e-01
7.713057994842529297e-01
-1.944848299026489258e-01
7.417667508125305176e-01
-6.871270388364791870e-02
7.654765248298645020e-01
4.250194430351257324e-01
6.103094220161437988e-01
6.983857154846191406e-01
3.969835638999938965e-01
-1.603572666645050049e-01
5.916793942451477051e-01
-1.228296011686325073e-01
4.619320333003997803e-01
2.325241267681121826e-01
2.643332183361053467e-01
1.289807632565498352e-02
3.348077237606048584e-01
-1.605356633663177490e-01
-1.429180145263671875e+00
-7.427206039428710938e-01
-7.247806191444396973e-01
-3.923561871051788330e-01
-2.792464792728424072e-01
-2.005764842033386230e-01
5.385578274726867676e-01
-1.548525393009185791e-01
2.081130743026733398e-01
2.795819342136383057e-01
3.005142211914062500e-01
1.704465299844741821e-01
4.169987738132476807e-01
4.254002869129180908e-01
6.400611400604248047e-01
1.108280569314956665e-01
1.419310271739959717e-01
-1.515311002731323242e-01
-3.137984275817871094e-01
-9.101840853691101074e-02
9.669061005115509033e-02
3.484141826629638672e-02
9.502048790454864502e-02
-2.722890973091125488e-01
5.396981239318847656e-01
8.341903984546661377e-02
-1.158700108528137207e+00
-8.348094224929809570e-01
-1.959772258996963501e-01
-7.481525540351867676e-01
4.562998563051223755e-02
2.869475781917572021e-01
2.216055542230606079e-01
7.512612342834472656e-01
2.111792862415313721e-01
3.703390061855316162e-01
1.931869983673095703e-01
2.543030977249145508e-01
3.799722790718078613e-01
1.865818351507186890e-01
5.921061635017395020e-01
2.949633598327636719e-01
4.370736777782440186e-01
5.555899143218994141e-01
4.643156826496124268e-01
-6.968303024768829346e-02
-1.580392837524414062e+00
3.124967515468597412e-01
-2.794127464294433594e-01
1.172030940651893616e-01
-2.123959958553314209e-01
2.521987259387969971e-01
-4.030882418155670166e-01
1.150602549314498901e-01
-2.238813489675521851e-01
-3.978719413280487061e-01
-2.153202742338180542e-01
3.953104615211486816e-01
4.162376224994659424e-01
-3.170214891433715820e-01
6.292889714241027832e-01
1.556686609983444214e-01
-3.116888999938964844e-01
6.723170280456542969e-01
-1.844140291213989258e-01
2.291822582483291626e-01
2.218605130910873413e-01
-2.586245164275169373e-02
6.861848384141921997e-02
-3.714423626661300659e-02
1.181840747594833374e-01
-3.724407032132148743e-02
-3.150210082530975342e-01
4.786056876182556152e-01
-1.217645883560180664e+00
-1.005865812301635742e+00
-2.928265631198883057e-01
-2.581443190574645996e-01
1.165418550372123718e-01
-6.924393028020858765e-02
-9.330482035875320435e-02
3.388151228427886963e-01
6.192308664321899414e-01
-3.323811292648315430e-02
1.014886498451232910e+00
2.402690649032592773e-01
4.026277363300323486e-01
5.538362860679626465e-01
4.081479609012603760e-01
1.306833326816558838e-01
7.896206974983215332e-01
-1.477850526571273804e-01
-1.192824840545654297e+00
-3.263463079929351807e-01
1.198284104466438293e-01
1.116853393614292145e-02
2.786503918468952179e-02
2.922919690608978271e-01
-3.603623509407043457e-01
1.150265708565711975e-01
-1.858621835708618164e-01
-1.747969835996627808e-01
5.752835273742675781e-01
-3.753761574625968933e-02
4.390077590942382812e-01
3.088989853858947754e-01
4.831650853157043457e-01
5.135440826416015625e-01
-5.132628083229064941e-01
-1.261824131011962891e+00
1.959266960620880127e-01
-1.087759971618652344e+00
3.623082637786865234e-01
-5.712491869926452637e-01
3.777279332280158997e-02
-4.598492383956909180e-02
6.620249152183532715e-02
1.892255544662475586e-01
2.792589962482452393e-01
1.094383299350738525e-01
-2.573098540306091309e-01
4.908656701445579529e-02
-1.210810691118240356e-01
1.792746484279632568e-01
3.547625243663787842e-01
3.727571070194244385e-01
-1.617901176214218140e-01
2.406849414110183716e-01
-2.308808416128158569e-01
2.406889200210571289e-01
-2.742599248886108398e-01
-1.175219342112541199e-01
-4.128122329711914062e-01
5.803526192903518677e-02
-1.056084185838699341e-01
5.916251540184020996e-01
-7.564228773117065430e-02
4.556207060813903809e-01
3.813664987683296204e-02
-1.076299175620079041e-01
-2.590776681900024414e-01
4.246188327670097351e-02
7.137756049633026123e-02
-1.687959730625152588e-01
2.166287004947662354e-01
-2.925295233726501465e-01
1.938644796609878540e-02
-4.172413423657417297e-02
-5.913916230201721191e-02
2.074792683124542236e-01
4.986944198608398438e-01
2.544890940189361572e-01
-1.250952839851379395e+00
-6.341485381126403809e-01
-6.059374809265136719e-01
-6.792281866073608398e-01
7.420379668474197388e-02
-3.577979505062103271e-01
-2.120573222637176514e-01
8.895209431648254395e-01
-9.971950203180313110e-02
9.961216449737548828e-01
2.953995168209075928e-01
-1.578489877283573151e-02
3.527230024337768555e-01
1.922212541103363037e-01
8.233081102371215820e-01
5.273166298866271973e-01
5.321606397628784180e-01
5.901556015014648438e-01
2.349698841571807861e-01
3.929663300514221191e-01
6.520455330610275269e-02
2.908983826637268066e-01
2.451348602771759033e-01
1.988544017076492310e-01
-9.595622867345809937e-02
1.485412716865539551e-01
-1.362497806549072266e-01
-1.508262634277343750e+00
-6.124225854873657227e-01
-6.403357982635498047e-01
-3.088824748992919922e-01
-5.487360954284667969e-01
-2.529614865779876709e-01
2.330141067504882812e-01
-3.948141336441040039e-01
2.474666535854339600e-01
-2.335961312055587769e-01
1.083549484610557556e-01
4.105413854122161865e-01
-1.521209627389907837e-02
9.299290180206298828e-01
2.337318509817123413e-01
-1.151170432567596436e-01
2.546121180057525635e-01
-7.139392197132110596e-02
-7.048477977514266968e-02
4.099963009357452393e-01
-1.778956949710845947e-01
8.240507841110229492e-01
-3.809533640742301941e-02
1.846823394298553467e-01
-1.177311874926090240e-02
9.764112830162048340e-01
1.814716458320617676e-01
9.619774818420410156e-01
-1.924950070679187775e-02
1.498108804225921631e-01
4.721262156963348389e-01
1.883071362972259521e-01
3.986679613590240479e-01
3.383927047252655029e-02
2.174069881439208984e-01
3.487905263900756836e-01
-2.616668045520782471e-01
2.994870841503143311e-01
-3.358347713947296143e-01
6.782347559928894043e-01
-7.119641900062561035e-01
-1.330245971679687500e+00
-5.165660977363586426e-01
-4.773472249507904053e-01
-1.479829549789428711e-01
-8.636700361967086792e-02
-4.427078366279602051e-01
2.886070013046264648e-01
3.082430176436901093e-02
3.777790367603302002e-01
2.058284915983676910e-02
4.899716675281524658e-01
-6.806958466768264771e-02
5.804235935211181641e-01
6.287386417388916016e-01
3.743177950382232666e-01
4.628285169601440430e-01
-1.181497517973184586e-02
5.238305330276489258e-01
2.222376689314842224e-02
-3.916896134614944458e-02
3.780626654624938965e-01
-5.516435503959655762e-01
3.793470859527587891e-01
-2.837129533290863037e-01
4.642784595489501953e-01
-2.784922719001770020e-01
3.358268439769744873e-01
3.207719624042510986e-01
3.300289213657379150e-01
4.365546703338623047e-01
6.006120443344116211e-01
-3.817817270755767822e-01
5.924161672592163086e-01
-9.842838048934936523e-01
-1.190458655357360840e+00
-1.093891978263854980e+00
-5.248009562492370605e-01
-4.077341556549072266e-01
-2.780920565128326416e-01
4.965475797653198242e-01
2.147849649190902710e-01
3.036883771419525146e-01
-7.056813687086105347e-02
5.592920780181884766e-01
5.513001978397369385e-02
7.062122225761413574e-01
3.862750828266143799e-01
4.600760936737060547e-01
-8.687869459390640259e-02
8.817953467369079590e-01
1.106230989098548889e-01
5.470615625381469727e-01
1.690504699945449829e-01
6.069535613059997559e-01
1.533674448728561401e-01
8.791444301605224609e-01
9.537943601608276367e-01
-1.525104492902755737e-01
7.446038126945495605e-01
-1.951403021812438965e-01
3.694233894348144531e-01
9.373979270458221436e-02
-8.431896567344665527e-01
-1.208009004592895508e+00
-9.856665730476379395e-01
-5.061509013175964355e-01
-1.534399390220642090e-01
-4.439039230346679688e-01
2.725146412849426270e-01
-6.841593384742736816e-01
7.769890129566192627e-02
-2.484657764434814453e-01
3.332990705966949463e-01
7.403634190559387207e-01
3.842005133628845215e-01
1.664353162050247192e-01
2.566716670989990234e-01
3.915278315544128418e-01
1.877300143241882324e-01
1.570580452680587769e-01
3.876797556877136230e-01
2.493494004011154175e-01
-1.612157002091407776e-02
7.239221930503845215e-01
-9.341134130954742432e-02
2.687037885189056396e-01
3.970116376876831055e-03
1.795909851789474487e-01
-6.307544559240341187e-02
-6.049832701683044434e-01
4.947379231452941895e-01
-1.591431796550750732e-01
2.028215117752552032e-02
-2.314453572034835815e-01
1.108357757329940796e-01
-1.744098365306854248e-01
-1.628936976194381714e-01
1.183314900845289230e-02
1.753212139010429382e-02
-2.518648207187652588e-01
2.064913809299468994e-01
1.546982973814010620e-01
2.687383890151977539e-01
-1.167675733566284180e+00
-9.729713201522827148e-01
-1.031140923500061035e+00
-1.704865694046020508e-01
-1.189024299383163452e-01
2.854409217834472656e-01
1.560532301664352417e-01
1.652151644229888916e-01
5.190470814704895020e-02
1.940294504165649414e-01
1.308098435401916504e-01
1.289331763982772827e-01
5.756670236587524414e-01
2.381699532270431519e-01
1.755523234605789185e-01
4.359801709651947021e-01
-1.273453980684280396e-01
2.284942865371704102e-01
8.110869675874710083e-02
1.513506919145584106e-01
4.424944892525672913e-02
2.917961478233337402e-01
1.089291647076606750e-02
1.886949390172958374e-01
2.159869298338890076e-02
2.057865113019943237e-01
3.618261516094207764e-01
3.706951737403869629e-01
-4.520278871059417725e-01
-1.150565743446350098e+00
-8.840535879135131836e-01
-6.948087215423583984e-01
-3.876481652259826660e-01
2.929264903068542480e-01
-6.944993734359741211e-01
6.264290809631347656e-01
7.490652799606323242e-02
9.040035605430603027e-01
-1.827782252803444862e-03
8.403562903404235840e-01
3.007608056068420410e-01
7.043426632881164551e-01
-6.381808966398239136e-02
8.489738702774047852e-01
-5.995272994041442871e-01
9.841278195381164551e-02
1.766424924135208130e-01
-1.130762323737144470e-01
-2.342506945133209229e-01
3.433951139450073242e-01
3.125505149364471436e-01
7.126409411430358887e-01
1.455562710762023926e-01
4.267296195030212402e-01
2.338036447763442993e-01
4.725983738899230957e-01
9.707777202129364014e-02
3.998325392603874207e-02
-4.484101235866546631e-01
4.085589945316314697e-01
-1.670350283384323120e-01
4.209903478622436523e-01
-6.540326476097106934e-01
1.870918087661266327e-02
2.625443935394287109e-01
-2.199188768863677979e-01
4.270125031471252441e-01
1.828147470951080322e-02
-1.567873805761337280e-01
-1.413999319076538086e+00
-8.012276887893676758e-01
-7.253151535987854004e-01
-2.545478343963623047e-01
-1.942297220230102539e-01
-3.413732722401618958e-02
5.693843364715576172e-01
-4.840459302067756653e-02
7.278181314468383789e-01
4.226537048816680908e-02
1.812714636325836182e-01
5.914319753646850586e-01
3.780469764024019241e-03
5.493080019950866699e-01
3.886706233024597168e-01
4.928393959999084473e-01
1.278213858604431152e-01
5.017192363739013672e-01
5.736854076385498047e-01
2.230930179357528687e-01
4.202570915222167969e-01
1.816984713077545166e-01
3.217772543430328369e-01
-2.046382278203964233e-01
-3.028364479541778564e-01
1.142677441239356995e-01
3.327442109584808350e-01
-5.887081027030944824e-01
-1.433309674263000488e+00
-4.008676707744598389e-01
-1.065461993217468262e+00
-1.199473738670349121e-01
-5.173773169517517090e-01
9.142777323722839355e-02
5.028024315834045410e-01
-4.541106820106506348e-01
1.017003178596496582e+00
-5.810578167438507080e-02
-1.089523881673812866e-01
-9.549029916524887085e-02
6.305314898490905762e-01
2.880589067935943604e-01
2.159897387027740479e-01
-2.976852059364318848e-01
2.529723644256591797e-01
1.809201985597610474e-01
6.338922381401062012e-01
2.833341956138610840e-01
1.998912841081619263e-01
3.962907791137695312e-01
-3.899702802300453186e-03
1.954558789730072021e-01
4.746144115924835205e-01
4.686328768730163574e-02
2.194921225309371948e-01
-4.556592181324958801e-02
2.171364277601242065e-01
6.699274778366088867e-01
2.780067324638366699e-01
2.836886048316955566e-01
-4.659846425056457520e-02
4.452387690544128418e-01
3.098297715187072754e-01
-3.676074147224426270e-01
-1.292181611061096191e+00
-9.556601643562316895e-01
-7.752360701560974121e-01
-1.142610907554626465e-01
-6.263289451599121094e-01
9.352178573608398438e-01
-2.309190630912780762e-01
2.419762611389160156e-01
-3.467714190483093262e-01
4.394806623458862305e-01
4.879655838012695312e-01
-2.840434312820434570e-01
3.525588214397430420e-01
