-1.856149733066558838e-01
3.646511137485504150e-01
5.323645472526550293e-01
7.321640104055404663e-02
1.081201061606407166e-01
5.101059675216674805e-01
3.088003098964691162e-01
-2.937402427196502686e-01
2.272490561008453369e-01
-1.092441007494926453e-01
2.294764369726181030e-01
-6.857308149337768555e-01
9.015560746192932129e-01
-3.969128727912902832e-01
-1.884306192398071289e+00
-1.262398481369018555e+00
-1.117023706436157227e+00
-5.047580003738403320e-01
-3.224550932645797729e-02
-7.212808132171630859e-01
6.598424315452575684e-01
9.217562675476074219e-01
1.594454884529113770e+00
1.967962026596069336e+00
1.456029534339904785e+00
1.264963626861572266e+00
9.808450937271118164e-01
7.296859025955200195e-01
8.273274451494216919e-02
4.325518906116485596e-01
-4.448443353176116943e-01
8.546634316444396973e-01
-1.096423149108886719e+00
1.600858569145202637e+00
-9.067742154002189636e-03
2.469172924757003784e-01
-1.219675689935684204e-01
-3.649020567536354065e-02
-2.445380538702011108e-01
5.848568677902221680e-02
3.153213560581207275e-01
1.258306019008159637e-02
1.454578060656785965e-02
-2.591487169265747070e-01
4.126363992691040039e-02
-4.499538242816925049e-01
-2.535651326179504395e-01
-6.203401833772659302e-03
-2.441256046295166016e-01
-2.860207557678222656e-01
7.306759059429168701e-02
1.557537005282938480e-03
-5.794821977615356445e-01
2.599667310714721680e-01
-1.480388641357421875e-01
-1.515024006366729736e-01
-4.520378708839416504e-01
2.169588655233383179e-01
5.668272376060485840e-01
-2.298547029495239258e-01
-2.587660253047943115e-01
-5.420141816139221191e-01
-8.900927901268005371e-01
-2.516701817512512207e-01
-8.849368989467620850e-02
1.707435250282287598e-01
-5.829576849937438965e-01
4.900376498699188232e-01
4.939271807670593262e-01
5.147112607955932617e-01
4.424771666526794434e-01
1.583949774503707886e-01
5.966841578483581543e-01
-2.909768819808959961e-01
4.256543144583702087e-02
3.409330844879150391e-01
5.368237495422363281e-01
-3.859874233603477478e-02
2.497719228267669678e-01
3.105899691581726074e-01
-2.077626585960388184e-01
1.271830052137374878e-01
-1.225221827626228333e-01
7.973615080118179321e-02
1.272542923688888550e-01
3.466626107692718506e-01
1.931636929512023926e-01
8.129234910011291504e-01
1.141210913658142090e+00
-7.366220355033874512e-01
-1.185393452644348145e+00
-1.760383367538452148e+00
-3.327598273754119873e-01
-1.174938201904296875e+00
-2.620092630386352539e-01
-3.637029528617858887e-01
2.996006608009338379e-01
6.860656738281250000e-01
3.256835937500000000e-01
2.262318730354309082e-01
-1.309800148010253906e-01
1.484148025512695312e+00
1.094623327255249023e+00
2.380098700523376465e-01
4.262930452823638916e-01
5.761792883276939392e-02
-5.535321682691574097e-02
8.676713705062866211e-02
1.588448882102966309e-02
-2.307685464620590210e-01
-7.451498508453369141e-02
-3.836529254913330078e-01
-4.074785709381103516e-01
-1.412648856639862061e-01
-4.307561218738555908e-01
-6.008732318878173828e-01
-3.277764916419982910e-01
-4.154771268367767334e-01
1.993760913610458374e-01
-2.537352144718170166e-01
1.791110187768936157e-01
5.763395223766565323e-03
3.341551721096038818e-01
5.075306817889213562e-02
-5.409977436065673828e-01
5.158589482307434082e-01
2.261860519647598267e-01
1.236382350325584412e-01
3.077280819416046143e-01
8.481733798980712891e-01
-3.695704638957977295e-01
8.218086361885070801e-01
-1.813510507345199585e-01
9.011203050613403320e-01
-6.572130322456359863e-01
9.480712413787841797e-01
1.289034724235534668e+00
-1.422087669372558594e+00
-1.853574514389038086e+00
-8.100779652595520020e-01
-7.829441428184509277e-01
-4.685133397579193115e-01
-4.841924011707305908e-01
2.577885091304779053e-01
-6.816859841346740723e-01
7.937019467353820801e-01
9.820610284805297852e-01
1.719516158103942871e+00
-7.848430871963500977e-01
-1.280979156494140625e+00
-1.631943285465240479e-01
4.827633500099182129e-01
-4.089899361133575439e-01
9.893335700035095215e-01
-1.238662004470825195e+00
-2.677671313285827637e-01
2.622939348220825195e-01
-3.149479031562805176e-01
5.559318065643310547e-01
8.324735164642333984e-01
9.101581573486328125e-01
4.055756926536560059e-01
9.954310059547424316e-01
-2.546488046646118164e-01
7.172664999961853027e-02
-4.576023519039154053e-01
-1.577925086021423340e-01
-2.899005413055419922e-01
5.607236027717590332e-01
-3.879511356353759766e-02
6.718712449073791504e-01
-4.413873255252838135e-01
2.082231342792510986e-01
-4.773093760013580322e-01
3.727253973484039307e-01
-6.119162440299987793e-01
-3.750182390213012695e-01
2.573320269584655762e-01
6.708920747041702271e-02
-1.770995259284973145e+00
-1.457960724830627441e+00
-1.930913805961608887e+00
-1.218445420265197754e+00
-1.045825123786926270e+00
-1.417876780033111572e-01
-8.832392096519470215e-01
4.466212093830108643e-01
6.655706167221069336e-01
8.593449592590332031e-01
-1.267596036195755005e-01
8.984818458557128906e-01
1.252681493759155273e+00
1.090524911880493164e+00
3.455253541469573975e-01
1.618394374847412109e+00
6.547542810440063477e-01
4.445037543773651123e-01
2.885136008262634277e-01
3.056591749191284180e-01
-3.917840775102376938e-03
6.067332252860069275e-02
-5.712858438491821289e-01
-1.854182332754135132e-01
-7.302453741431236267e-03
-4.185933768749237061e-01
3.478572517633438110e-02
-3.542996346950531006e-01
-9.732626676559448242e-01
-4.233303666114807129e-01
-4.318772554397583008e-01
2.692373991012573242e-01
-8.492028713226318359e-02
3.166059553623199463e-01
1.204014346003532410e-01
-6.908309459686279297e-02
-6.427409648895263672e-01
-2.059530168771743774e-01
-4.033176004886627197e-01
8.514296263456344604e-02
-2.027779966592788696e-01
2.873961031436920166e-01
-5.721051245927810669e-02
3.857477307319641113e-01
3.237611055374145508e-01
4.872385859489440918e-01
-2.457913011312484741e-01
5.668218135833740234e-01
-2.720461487770080566e-01
1.379523724317550659e-01
-1.209943443536758423e-01
1.752653159201145172e-02
2.211200445890426636e-01
-1.247896328568458557e-01
1.935443133115768433e-01
3.605132699012756348e-01
-1.171799600124359131e-01
3.501800000667572021e-01
5.678496360778808594e-01
-1.654371172189712524e-01
1.355412751436233521e-01
-2.135251909494400024e-01
2.000684738159179688e-01
-1.045674383640289307e-01
1.599284261465072632e-01
5.447271466255187988e-01
3.570088148117065430e-01
-1.500601768493652344e+00
-1.993519186973571777e+00
-6.286210417747497559e-01
-1.000419259071350098e+00
7.320991158485412598e-02
-4.456771910190582275e-01
-1.012433543801307678e-01
1.001466274261474609e+00
1.570788979530334473e+00
1.941826701164245605e+00
1.170954704284667969e+00
1.501027941703796387e+00
1.562543749809265137e+00
7.700826525688171387e-01
1.749095618724822998e-01
5.268684029579162598e-01
4.385958015918731689e-01
6.659682393074035645e-01
4.925500229001045227e-02
4.967554509639739990e-01
-2.559803128242492676e-01
4.398598074913024902e-01
-3.117002248764038086e-01
-7.441118359565734863e-02
-2.701461315155029297e-01
8.789123035967350006e-03
-5.697412490844726562e-01
-1.175384745001792908e-01
-3.700149953365325928e-01
-3.383632302284240723e-01
2.638179622590541840e-02
7.050894200801849365e-02
-5.496660470962524414e-01
-2.306400835514068604e-01
-7.142123579978942871e-01
-3.494407534599304199e-01
-5.630031228065490723e-01
-1.565118879079818726e-01
-2.719678282737731934e-01
-3.635345101356506348e-01
-4.824173450469970703e-01
-8.764652907848358154e-02
-1.055906936526298523e-01
-9.438915550708770752e-02
1.000087186694145203e-01
8.489996194839477539e-01
8.209974318742752075e-02
1.176611423492431641e+00
9.386504888534545898e-01
5.242502689361572266e-01
-3.775313496589660645e-01
4.310971498489379883e-01
5.387498997151851654e-03
-3.342427015304565430e-01
1.354506909847259521e-01
-2.798950970172882080e-01
9.993477910757064819e-02
2.980883717536926270e-01
7.800416946411132812e-01
-4.241242408752441406e-01
5.075094699859619141e-01
-2.313104420900344849e-01
3.599670529365539551e-01
-1.512214690446853638e-01
5.398103594779968262e-01
-3.309610188007354736e-01
1.157609745860099792e-01
-8.403062075376510620e-02
4.701321721076965332e-01
-9.077159762382507324e-01
1.376583576202392578e+00
1.673835396766662598e+00
-1.506589531898498535e+00
-1.727615118026733398e+00
-3.791475296020507812e-01
-9.512133002281188965e-01
-3.528012707829475403e-02
-1.206396222114562988e-01
6.250635385513305664e-01
6.484379172325134277e-01
7.898181676864624023e-01
1.472334504127502441e+00
1.397852897644042969e+00
2.162500619888305664e+00
-1.889359235763549805e+00
-9.486499428749084473e-01
-5.098759531974792480e-01
-7.297300696372985840e-01
-4.222300052642822266e-01
-2.849009037017822266e-01
-7.010461390018463135e-02
9.876855611801147461e-01
1.025372624397277832e+00
1.521441489458084106e-01
5.349801778793334961e-01
1.254019141197204590e-01
5.679410099983215332e-01
-9.312860667705535889e-02
4.486634731292724609e-01
-2.546691000461578369e-01
2.348113209009170532e-01
4.808274805545806885e-01
2.970270216464996338e-01
-1.814509481191635132e-01
-8.518602699041366577e-02
-2.309291958808898926e-01
-7.852834463119506836e-01
-3.667196035385131836e-01
-6.972335278987884521e-02
7.268558442592620850e-02
-4.917479455471038818e-01
-1.439141929149627686e-01
-6.460644006729125977e-01
-5.178185701370239258e-01
-5.167331099510192871e-01
-2.013625651597976685e-01
-5.024437308311462402e-01
2.417125366628170013e-02
-1.417738199234008789e-01
8.972142934799194336e-01
-5.850615501403808594e-01
7.867355942726135254e-01
-3.938329219818115234e-01
-1.171697676181793213e-01
1.126282885670661926e-01
2.846024632453918457e-01
8.560564368963241577e-02
2.006109654903411865e-01
-4.314472377300262451e-01
-3.429727256298065186e-01
-5.079830884933471680e-01
-5.242685675621032715e-01
-4.153751134872436523e-01
1.815499067306518555e-01
-6.287519820034503937e-03
-2.010412067174911499e-01
3.085209056735038757e-02
-5.103584006428718567e-02
1.506798714399337769e-01
2.820968329906463623e-01
-1.319775283336639404e-01
4.628065526485443115e-01
-5.324562191963195801e-01
5.486927032470703125e-01
-2.964647412300109863e-01
1.128056645393371582e-01
-2.698810994625091553e-01
8.257946372032165527e-01
-2.751895189285278320e-01
2.262104302644729614e-01
4.233162850141525269e-02
3.492067158222198486e-01
-4.630731046199798584e-01
5.916976928710937500e-01
-1.626117676496505737e-01
3.938886523246765137e-01
-9.151569008827209473e-01
-1.939622640609741211e+00
-1.203584790229797363e+00
-1.043903946876525879e+00
-1.082606792449951172e+00
1.585400253534317017e-01
2.233045697212219238e-01
1.015510559082031250e+00
1.181804537773132324e+00
1.557201981544494629e+00
9.331407546997070312e-01
1.044960498809814453e+00
3.389838039875030518e-01
2.611834406852722168e-01
5.155309438705444336e-01
6.968990564346313477e-01
6.887813210487365723e-01
8.312264084815979004e-01
-1.157954707741737366e-01
5.319608449935913086e-01
-1.094665899872779846e-01
1.611130088567733765e-01
-1.117461919784545898e+00
-2.508035898208618164e-01
-2.669091522693634033e-01
-1.603372842073440552e-01
-2.492990046739578247e-01
-9.865671992301940918e-01
-2.043405771255493164e-01
-2.631303071975708008e-01
-4.816304743289947510e-01
-2.016392350196838379e-01
-2.559917569160461426e-01
1.194710507988929749e-01
-1.350977569818496704e-01
4.646385014057159424e-01
-8.859431743621826172e-02
2.630250062793493271e-03
-6.482955068349838257e-02
-3.068147301673889160e-01
3.169474005699157715e-01
-5.841013193130493164e-01
4.532651007175445557e-01
-5.368661880493164062e-01
6.309586167335510254e-01
-1.491272747516632080e-01
4.930587708950042725e-01
-9.238541871309280396e-02
2.643044888973236084e-01
2.185697257518768311e-01
-1.394356191158294678e-01
9.998774528503417969e-02
4.789440929889678955e-01
4.119825549423694611e-03
4.735901057720184326e-01
-1.396624837070703506e-02
9.112339019775390625e-01
-3.758269548416137695e-01
1.948729753494262695e-01
-3.254544138908386230e-01
-2.264724969863891602e+00
-9.168242216110229492e-01
-5.189284086227416992e-01
7.053758949041366577e-02
-2.980841696262359619e-01
4.359216094017028809e-01
3.785606920719146729e-01
1.522946834564208984e+00
7.580347061157226562e-01
2.203989982604980469e+00
1.756538987159729004e+00
1.379633188247680664e+00
-3.574072718620300293e-01
-3.237928822636604309e-02
1.204497098922729492e+00
-1.352215051651000977e+00
-1.735454320907592773e+00
-1.269330024719238281e+00
-9.035624265670776367e-01
-1.037171721458435059e+00
7.007922530174255371e-01
-1.163934946060180664e+00
-5.111715197563171387e-01
3.573277294635772705e-01
-3.266252577304840088e-02
5.671251416206359863e-01
7.129506468772888184e-01
2.766668200492858887e-01
6.185938119888305664e-01
-5.886670351028442383e-01
5.718282461166381836e-01
3.471798896789550781e-01
5.950303077697753906e-01
1.640628650784492493e-02
-1.267871707677841187e-01
2.340991348028182983e-01
9.605498611927032471e-02
1.931633502244949341e-01
4.161612391471862793e-01
-3.791094124317169189e-01
1.348097436130046844e-02
1.772350072860717773e-02
-3.672443330287933350e-01
1.093799844384193420e-01
-2.214298099279403687e-01
-4.840194582939147949e-01
-7.672157287597656250e-01
-1.822071671485900879e-01
2.256277576088905334e-02
-2.938471734523773193e-01
-3.566634058952331543e-01
