1.401773571968078613e+00
7.528548687696456909e-02
7.837253063917160034e-02
-3.126063197851181030e-02
-2.587435841560363770e-01
-5.900017023086547852e-01
-1.078675746917724609e+00
-1.031846180558204651e-01
-5.423248559236526489e-02
-4.708103835582733154e-01
3.997938930988311768e-01
6.732524633407592773e-01
5.479673743247985840e-01
-8.962792344391345978e-03
-3.618462085723876953e-01
-3.667559325695037842e-01
-1.149611353874206543e+00
-4.581277966499328613e-01
-3.635598123073577881e-01
3.355161547660827637e-01
7.541887760162353516e-01
5.998553037643432617e-01
7.233167290687561035e-01
5.561245232820510864e-02
-1.326256394386291504e-01
-4.181504249572753906e-01
-2.610792875289916992e+00
8.390782475471496582e-01
-2.958889678120613098e-02
2.005415558815002441e-01
-2.134002558887004852e-02
5.723469853401184082e-01
3.704682290554046631e-01
-3.095786273479461670e-01
-1.313792467117309570e-01
-4.510713219642639160e-01
-8.749522566795349121e-01
3.238592296838760376e-02
-1.421469300985336304e-01
2.874086499214172363e-01
4.919465482234954834e-01
4.353080987930297852e-01
2.443366646766662598e-01
6.098793819546699524e-02
-3.417695164680480957e-01
-7.762821912765502930e-01
-4.282967746257781982e-01
7.492849230766296387e-02
2.603586912155151367e-01
8.256210014224052429e-03
4.119669198989868164e-01
7.091655135154724121e-01
2.592290937900543213e-01
5.772160366177558899e-04
-4.172908961772918701e-01
-9.953993558883666992e-01
3.151172399520874023e-02
-3.008557260036468506e-01
-6.518458724021911621e-01
7.486115396022796631e-02
4.341419041156768799e-01
2.463047653436660767e-01
5.093061327934265137e-01
-7.258024811744689941e-02
-5.322138071060180664e-01
-3.672114908695220947e-01
5.138724446296691895e-01
-4.734239354729652405e-02
2.713059186935424805e-01
4.734066426753997803e-01
1.802678704261779785e-01
-1.561806201934814453e-01
-4.027512967586517334e-01
9.804386645555496216e-02
-2.733232975006103516e-01
-2.940729856491088867e-01
-2.580231428146362305e-01
-5.119549632072448730e-01
1.926425658166408539e-02
1.417630463838577271e-01
-1.616863608360290527e-01
7.851211726665496826e-02
9.498762898147106171e-03
-2.778119221329689026e-02
2.295702546834945679e-01
-6.691136211156845093e-02
1.049524843692779541e-01
-2.479432970285415649e-01
-1.903936713933944702e-01
-6.065417528152465820e-01
-5.865704640746116638e-02
-1.035428643226623535e+00
2.889595031738281250e-01
6.095229983329772949e-01
4.893259704113006592e-02
3.441104888916015625e-01
-4.338663443922996521e-02
-7.076671719551086426e-01
-1.290295869112014771e-01
4.722106456756591797e-01
1.100212708115577698e-01
-1.592750288546085358e-02
2.899046540260314941e-01
9.323525428771972656e-01
1.041674520820379257e-02
1.963285356760025024e-01
-1.150598526000976562e+00
-9.500341415405273438e-01
2.081758528947830200e-01
1.282121688127517700e-01
3.542899191379547119e-01
5.017013549804687500e-01
3.124436438083648682e-01
6.493275761604309082e-01
1.569943726062774658e-01
4.173231124877929688e-02
-1.723954439163208008e+00
2.948051989078521729e-01
-2.825577855110168457e-01
3.452747464179992676e-01
-4.039689898490905762e-01
6.430028676986694336e-01
1.799235939979553223e-01
6.333332061767578125e-01
2.399268299341201782e-01
-6.990785002708435059e-01
-9.742375612258911133e-01
-3.971332684159278870e-02
-3.747296333312988281e-01
1.945017278194427490e-01
4.073207825422286987e-02
-1.242849752306938171e-01
2.599169313907623291e-01
5.485590174794197083e-02
-3.515799343585968018e-01
-5.706080198287963867e-01
-3.812253102660179138e-02
-6.309061497449874878e-02
-4.445928633213043213e-01
-4.312206804752349854e-01
-2.202473133802413940e-01
3.290545344352722168e-01
4.529292881488800049e-01
1.136337593197822571e-01
6.271057128906250000e-01
2.090450078248977661e-01
1.663681566715240479e-01
2.039135843515396118e-01
-5.691279843449592590e-02
-1.300812214612960815e-01
-2.022513449192047119e-01
-5.020649358630180359e-02
5.463552847504615784e-02
-1.979915350675582886e-01
1.876572612673044205e-03
-2.619658410549163818e-01
-5.455184578895568848e-01
-3.609052896499633789e-01
1.056003272533416748e-01
-1.231880635023117065e-01
2.077867388725280762e-01
3.224548101425170898e-01
3.053656220436096191e-01
3.941389918327331543e-01
1.726645529270172119e-01
-2.865010797977447510e-01
-7.248386740684509277e-01
-7.878381609916687012e-01
9.155290722846984863e-01
3.278084099292755127e-01
7.266917228698730469e-01
4.494730234146118164e-01
-7.925684750080108643e-02
2.172991484403610229e-01
-1.027177926152944565e-02
-4.279290139675140381e-01
-1.113362669944763184e+00
1.186135187745094299e-01
-1.656919717788696289e-01
-4.633978605270385742e-01
1.044985726475715637e-01
4.657820761203765869e-01
7.287238240242004395e-01
2.565573155879974365e-01
3.645880520343780518e-01
-1.336250901222229004e+00
-1.506868749856948853e-01
-1.458836197853088379e-01
4.014364182949066162e-01
3.560806214809417725e-01
4.523996710777282715e-01
5.940544009208679199e-01
5.054292678833007812e-01
-1.286324858665466309e-01
-4.424273669719696045e-01
-8.922202587127685547e-01
-2.507422268390655518e-01
9.354316629469394684e-03
-2.156125009059906006e-01
-1.246849596500396729e-01
-1.602989137172698975e-01
6.696651577949523926e-01
-5.253599956631660461e-02
-6.456897407770156860e-02
-5.422642230987548828e-01
-6.593144536018371582e-01
7.275051474571228027e-01
3.607901036739349365e-01
2.678399085998535156e-01
3.215717971324920654e-01
1.663333922624588013e-01
-3.475026413798332214e-02
-4.710752069950103760e-01
-4.701829552650451660e-01
-8.411096334457397461e-01
-1.498574316501617432e-01
1.263388097286224365e-01
1.926794499158859253e-01
-1.660214662551879883e-01
2.905586063861846924e-01
1.162233799695968628e-01
2.521580457687377930e-01
-2.404141128063201904e-01
-2.431333214044570923e-01
-1.590805351734161377e-01
-5.116812512278556824e-02
-1.975611597299575806e-01
3.955737650394439697e-01
-6.888534128665924072e-02
-7.806594017893075943e-03
-3.050145208835601807e-01
-2.368743270635604858e-01
4.238008260726928711e-01
1.886692196130752563e-01
9.250001609325408936e-02
-2.805808186531066895e-02
-3.473652303218841553e-01
-2.131549268960952759e-01
2.890572547912597656e-01
1.600270867347717285e-01
-3.741750866174697876e-02
1.633416563272476196e-01
-1.408102661371231079e-01
-6.080781295895576477e-02
-4.593256115913391113e-02
-6.262746453285217285e-01
-1.785972714424133301e-01
-8.361718058586120605e-01
1.837303638458251953e-01
4.819698631763458252e-01
-4.493456780910491943e-01
3.091601133346557617e-01
-1.757999509572982788e-01
-2.186641991138458252e-01
-1.003023862838745117e+00
-6.051267981529235840e-01
-6.476478576660156250e-01
-5.807890295982360840e-01
7.200455665588378906e-02
-1.106044054031372070e-01
-1.413938701152801514e-01
6.006987094879150391e-01
6.254610419273376465e-01
-2.418700419366359711e-02
-3.659734725952148438e-01
-1.758831739425659180e-01
-2.389154732227325439e-01
-5.003183484077453613e-01
9.620908498764038086e-01
6.519752144813537598e-01
7.104755043983459473e-01
5.905288830399513245e-02
6.052755191922187805e-02
-1.394591093063354492e+00
-2.472238391637802124e-01
2.066787630319595337e-01
-1.556482613086700439e-01
-1.115221250802278519e-02
9.741948843002319336e-01
9.385243058204650879e-01
4.875208735466003418e-01
-3.646807670593261719e-01
-6.525854468345642090e-01
-2.482619732618331909e-01
-1.344467401504516602e-01
1.788163632154464722e-01
-6.483573466539382935e-02
1.564926356077194214e-01
2.213506400585174561e-01
-1.929732561111450195e-01
-1.649661958217620850e-01
-2.071348875761032104e-01
-7.026451230049133301e-01
-3.772634565830230713e-01
-4.397038370370864868e-02
2.546336650848388672e-01
-3.761981427669525146e-02
-5.428720116615295410e-01
-1.375117897987365723e-01
4.596738219261169434e-01
1.697012037038803101e-01
-1.414394676685333252e-01
7.148666381835937500e-01
-1.995363533496856689e-01
1.261496096849441528e-01
-4.631216228008270264e-01
-6.376234889030456543e-01
-6.130523085594177246e-01
-8.035115897655487061e-02
3.186425566673278809e-01
2.678462564945220947e-01
5.442637205123901367e-01
5.481069684028625488e-01
2.205037176609039307e-01
-3.234454393386840820e-01
-6.661728024482727051e-01
2.400569915771484375e-01
4.587809443473815918e-01
-9.729903191328048706e-02
-1.616566777229309082e-01
-3.781683743000030518e-01
5.443800687789916992e-01
-2.262862622737884521e-01
-6.472958922386169434e-01
-4.203470349311828613e-01
-5.392728447914123535e-01
-2.144484519958496094e-01
6.895303726196289062e-02
2.304493635892868042e-01
4.814253747463226318e-01
2.338642328977584839e-01
-1.281527429819107056e-02
-7.548587322235107422e-01
-1.203113794326782227e+00
-6.781035065650939941e-01
2.974025011062622070e-01
2.146174609661102295e-01
3.965568244457244873e-01
6.346535682678222656e-01
1.000238060951232910e+00
4.547851979732513428e-01
9.182789921760559082e-02
-1.966887563467025757e-01
-1.369111418724060059e+00
-7.814463973045349121e-01
3.440704643726348877e-01
1.307551860809326172e-01
-2.303128689527511597e-02
-3.257258236408233643e-02
2.615964710712432861e-01
6.497799158096313477e-01
1.515007168054580688e-01
1.597100794315338135e-01
-6.412773728370666504e-01
-4.062717854976654053e-01
-8.842591047286987305e-01
4.688701629638671875e-01
4.796684682369232178e-01
4.546292126178741455e-01
3.317140936851501465e-01
3.551611900329589844e-01
2.906977385282516479e-02
-3.945599496364593506e-01
-5.443004965782165527e-01
-4.189913272857666016e-01
-1.884933561086654663e-01
6.729663014411926270e-01
2.061254531145095825e-02
6.032400727272033691e-01
1.682707816362380981e-01
-5.269992351531982422e-02
-8.058835268020629883e-01
-1.222102284431457520e+00
-2.512380480766296387e-01
4.141048341989517212e-02
2.372481822967529297e-01
4.952562749385833740e-01
6.900373697280883789e-01
7.156934738159179688e-01
3.541173338890075684e-01
1.408098489046096802e-01
-5.214438438415527344e-01
-9.695782661437988281e-01
-3.650043159723281860e-02
2.568494379520416260e-01
5.132750272750854492e-01
6.187412142753601074e-01
5.078737735748291016e-01
4.221494197845458984e-01
-5.138677731156349182e-02
-3.077715039253234863e-01
-4.924889802932739258e-01
-4.081292152404785156e-01
-5.013726949691772461e-01
4.480650275945663452e-02
1.168245971202850342e-01
-6.999541819095611572e-02
2.220825403928756714e-01
-1.615233123302459717e-01
-2.703034579753875732e-01
-3.365811705589294434e-01
1.266688853502273560e-01
-2.465541660785675049e-01
8.546408265829086304e-03
-2.466537803411483765e-01
-1.957421377301216125e-02
-1.531571894884109497e-01
-7.941640019416809082e-01
-3.417320847511291504e-01
3.570260703563690186e-01
-4.228138327598571777e-01
-1.735962480306625366e-01
3.615327775478363037e-01
2.942735552787780762e-01
4.069686233997344971e-01
1.054920107126235962e-01
-7.168499231338500977e-01
-3.843878507614135742e-01
-5.906792283058166504e-01
8.733214437961578369e-02
3.472040295600891113e-01
9.832223504781723022e-02
4.194926619529724121e-01
2.101075351238250732e-01
2.605049908161163330e-01
-6.444008946418762207e-01
-5.903872847557067871e-01
-3.449887335300445557e-01
-7.105362415313720703e-02
6.747474670410156250e-01
3.950301408767700195e-01
4.848989546298980713e-01
2.156295627355575562e-01
1.006137505173683167e-01
-1.554765552282333374e-01
-5.853971242904663086e-01
-7.854747772216796875e-01
-1.857507675886154175e-01
1.725534051656723022e-01
2.112594060599803925e-02
9.829328656196594238e-01
6.723229289054870605e-01
5.478070974349975586e-01
1.524349898099899292e-01
-3.222170174121856689e-01
-9.621859192848205566e-01
-3.281479477882385254e-01
-1.903327256441116333e-01
1.700610369443893433e-01
-1.547103971242904663e-01
-1.894167959690093994e-01
2.201455533504486084e-01
3.504748344421386719e-01
-1.834396421909332275e-01
-8.583570122718811035e-01
-3.706574738025665283e-01
2.265875041484832764e-01
-3.026449084281921387e-01
1.857071816921234131e-01
8.412484526634216309e-01
6.431095600128173828e-01
1.474122107028961182e-01
2.250075526535511017e-02
-4.837084114551544189e-01
-7.559615969657897949e-01
1.402447521686553955e-01
-2.023463845252990723e-01
4.753799438476562500e-01
2.468727827072143555e-01
-2.827232889831066132e-02
-2.968316376209259033e-01
8.462679386138916016e-02
-5.331900715827941895e-01
1.454925984144210815e-01
3.185820877552032471e-01
-1.806596070528030396e-01
-6.316196173429489136e-02
-2.129074186086654663e-01
3.157807290554046631e-01
-5.713871717453002930e-01
6.801126003265380859e-01
-2.658299505710601807e-01
2.202990800142288208e-01
-3.177864253520965576e-01
2.784553468227386475e-01
2.993545830249786377e-01
4.948634803295135498e-01
-4.378613531589508057e-01
-1.203661799430847168e+00
-6.158535480499267578e-01
4.847818613052368164e-01
8.139829635620117188e-01
4.921117052435874939e-02
3.603974729776382446e-02
-7.553523778915405273e-01
-4.324955940246582031e-01
3.668964803218841553e-01
-4.889490827918052673e-02
-3.019532561302185059e-01
-5.199921727180480957e-01
-4.032136201858520508e-01
-4.546225666999816895e-01
-1.679992824792861938e-01
2.855921983718872070e-01
2.068913076072931290e-03
9.850344061851501465e-02
1.078231573104858398e+00
8.387438654899597168e-01
4.133579134941101074e-01
-3.348518311977386475e-01
-8.017414808273315430e-02
3.912927806377410889e-01
6.455233097076416016e-01
