6.055210828781127930e-01
-1.404778212308883667e-01
2.331888824701309204e-01
4.117102622985839844e-01
-6.373554468154907227e-02
-3.173732459545135498e-01
5.654605031013488770e-01
-2.958883643150329590e-01
6.737796068191528320e-01
4.886338710784912109e-01
-7.175150513648986816e-02
-3.212755024433135986e-01
-1.736272931098937988e+00
-4.448632299900054932e-01
-3.932418227195739746e-01
1.589480340480804443e-01
8.957519382238388062e-02
1.751167699694633484e-02
2.748704850673675537e-01
-8.021966367959976196e-02
-1.922417402267456055e+00
-1.200218200683593750e+00
-7.153079509735107422e-01
-2.415811717510223389e-01
7.645706534385681152e-01
6.180811524391174316e-01
5.303631424903869629e-01
5.847122520208358765e-05
8.240718245506286621e-01
9.473992139101028442e-02
-4.739238023757934570e-01
-6.753094792366027832e-01
-4.817679822444915771e-01
-1.632056981325149536e-01
5.031909346580505371e-01
-1.370044797658920288e-01
-2.014666199684143066e-01
-1.062115550041198730e+00
-1.641625165939331055e-01
-7.361667603254318237e-02
3.705530762672424316e-01
-2.497138530015945435e-01
-9.004657268524169922e-01
-9.918823838233947754e-02
2.876478135585784912e-01
2.356517165899276733e-01
-1.112595275044441223e-01
-4.201149642467498779e-01
-6.172485649585723877e-02
2.066824287176132202e-01
1.497699022293090820e-01
-6.245049647986888885e-03
-4.203164875507354736e-01
1.811433881521224976e-01
-2.066649198532104492e-01
-1.844715923070907593e-01
-3.078836202621459961e-01
-5.827092528343200684e-01
1.743918806314468384e-01
2.464282512664794922e-01
1.384014785289764404e-01
3.688292503356933594e-01
4.713524580001831055e-01
-2.191170118749141693e-02
4.597146809101104736e-01
4.055183827877044678e-01
-1.317766010761260986e-01
-5.349785089492797852e-01
3.408489227294921875e-01
-1.671335846185684204e-01
-3.721371665596961975e-02
-2.822861075401306152e-01
2.998267412185668945e-01
-4.506846070289611816e-01
-1.282017469406127930e+00
1.193725224584341049e-02
-3.016940355300903320e-01
5.798410624265670776e-03
-3.906733095645904541e-01
1.250463277101516724e-01
5.640131235122680664e-01
6.823245286941528320e-01
5.603767633438110352e-01
-2.526475191116333008e-01
-5.827780365943908691e-01
5.826408043503761292e-02
-1.407953649759292603e-01
-5.250806808471679688e-01
-6.465014815330505371e-01
-5.159521102905273438e-01
-8.548676967620849609e-01
-1.373243212699890137e+00
-6.458285450935363770e-01
6.242007017135620117e-01
-4.950366914272308350e-01
8.751735091209411621e-01
-1.098358482122421265e-01
-4.467597603797912598e-01
2.679712176322937012e-01
9.409681558609008789e-01
9.020139575004577637e-01
-2.753908336162567139e-01
5.320852398872375488e-01
5.199447274208068848e-01
2.695937156677246094e-01
1.960459202527999878e-01
2.730792760848999023e-01
2.898162603378295898e-01
-2.771833240985870361e-01
-7.627176642417907715e-01
-3.986938670277595520e-02
3.778417110443115234e-01
1.460328698158264160e-01
-2.474039494991302490e-01
-6.254251301288604736e-02
2.509749531745910645e-01
4.319178313016891479e-02
-5.300210714340209961e-01
-2.621041536331176758e-01
-8.312882184982299805e-01
-3.568183779716491699e-01
4.274341762065887451e-01
3.374350666999816895e-01
3.062790930271148682e-01
-6.550145745277404785e-01
-2.584148347377777100e-01
1.102793291211128235e-01
-4.269732534885406494e-01
-2.784657776355743408e-01
-2.932633459568023682e-01
-4.733140766620635986e-02
-2.371769957244396210e-02
9.519124403595924377e-03
2.002397030591964722e-01
6.149333715438842773e-02
8.773139715194702148e-01
-2.707156240940093994e-01
-1.934761643409729004e+00
-8.445382714271545410e-01
-8.755542039871215820e-01
-3.934120535850524902e-01
5.556949377059936523e-01
6.906031966209411621e-01
8.143463730812072754e-01
5.699172019958496094e-01
2.839292287826538086e-01
2.024486958980560303e-01
1.186978146433830261e-01
-2.245403081178665161e-01
-9.149084240198135376e-02
-1.008373349905014038e-01
-3.298878967761993408e-01
-5.378953814506530762e-01
-2.431458830833435059e-01
4.769815132021903992e-02
-1.145363152027130127e-01
7.536678761243820190e-02
-5.575075149536132812e-01
-5.461241602897644043e-01
2.418518066406250000e-02
-3.031899407505989075e-02
-3.680142462253570557e-01
-2.556462585926055908e-01
2.226353734731674194e-01
3.946268856525421143e-01
7.646496295928955078e-01
9.713666141033172607e-02
1.376041024923324585e-01
-5.727861821651458740e-02
5.199978351593017578e-01
2.873961627483367920e-01
-2.795826792716979980e-01
1.634172648191452026e-01
-3.044735491275787354e-01
-1.239740103483200073e-01
-5.569669231772422791e-02
9.925625473260879517e-02
1.924601793289184570e-01
-6.385989785194396973e-01
1.227679010480642319e-02
-2.535974979400634766e-01
-8.676591515541076660e-02
3.502945303916931152e-01
5.751367285847663879e-02
1.804744601249694824e-01
3.497290313243865967e-01
-2.740376815199851990e-02
-4.961526393890380859e-01
2.586864531040191650e-01
4.258283674716949463e-01
2.649478316307067871e-01
-1.816128343343734741e-01
-7.393820285797119141e-01
-1.637501120567321777e-01
-2.267932891845703125e-01
-2.718968987464904785e-01
-3.428543508052825928e-01
-2.432484775781631470e-01
5.812170505523681641e-01
9.462352097034454346e-02
2.965876460075378418e-01
2.387134134769439697e-01
-5.842175483703613281e-01
4.316218495368957520e-01
4.018591046333312988e-01
1.537123173475265503e-01
-1.958154141902923584e-02
1.944592893123626709e-01
-1.300023794174194336e-01
-2.217118740081787109e-01
-2.217812240123748779e-01
-2.481073290109634399e-01
-9.329988956451416016e-01
-2.779899239540100098e-01
-6.259598731994628906e-01
3.564432859420776367e-01
-7.986875772476196289e-01
-2.185881733894348145e-01
-1.323329210281372070e+00
-1.101529717445373535e+00
6.411253213882446289e-01
8.647058606147766113e-01
2.021192312240600586e-01
3.631667420268058777e-02
-5.488671734929084778e-02
3.491498529911041260e-01
3.799438178539276123e-01
-4.913388565182685852e-02
1.195294782519340515e-01
5.013508200645446777e-01
9.207582473754882812e-02
2.459670752286911011e-01
3.522650897502899170e-01
-4.157209694385528564e-01
-9.445367753505706787e-02
-2.319119423627853394e-01
-5.652148723602294922e-01
-2.625861763954162598e-01
2.045316845178604126e-01
2.300432650372385979e-03
-3.163685798645019531e-01
-7.226933836936950684e-01
-3.949618041515350342e-01
-2.794629931449890137e-01
5.587766170501708984e-01
9.896157979965209961e-01
-2.762043178081512451e-01
-1.687655448913574219e+00
-1.009805560111999512e+00
-8.354945778846740723e-01
-4.158757030963897705e-01
5.237253904342651367e-01
3.848572969436645508e-01
-3.409604132175445557e-01
-1.359418779611587524e-01
9.797703474760055542e-02
2.986463531851768494e-02
-5.075894594192504883e-01
3.288047388195991516e-02
2.446035295724868774e-01
-3.744491636753082275e-01
-8.093853592872619629e-01
-5.616466403007507324e-01
-4.520989656448364258e-01
6.581518799066543579e-02
3.672573566436767578e-01
4.230774343013763428e-01
-2.876702547073364258e-01
-3.876438364386558533e-02
-2.363393828272819519e-02
1.115205407142639160e+00
7.331674695014953613e-01
1.932812333106994629e-01
-3.190276622772216797e-01
-4.230212271213531494e-01
1.516169160604476929e-01
-5.437431484460830688e-02
-3.503037095069885254e-01
-1.941194385290145874e-01
-5.651701092720031738e-01
-2.887881398200988770e-01
-1.182998064905405045e-03
-3.633865416049957275e-01
-1.182959914207458496e+00
5.108903050422668457e-01
4.646699130535125732e-01
2.002559602260589600e-01
5.921642184257507324e-01
2.846745252609252930e-01
3.602869808673858643e-01
5.431998968124389648e-01
2.850387990474700928e-01
-5.556141734123229980e-01
-1.003264069557189941e+00
-5.221225619316101074e-01
2.498131692409515381e-01
4.498527944087982178e-01
3.164441883563995361e-02
1.257576607167720795e-02
-2.090898513793945312e+00
-1.070182085037231445e+00
-6.349375247955322266e-01
-3.282096236944198608e-02
1.594846397638320923e-01
-3.977414965629577637e-01
-7.993223071098327637e-01
-8.487888574600219727e-01
3.638843894004821777e-01
3.615127503871917725e-01
6.599887609481811523e-01
9.165199100971221924e-02
3.705899715423583984e-01
5.943161249160766602e-01
3.937968313694000244e-01
-1.899613589048385620e-01
-1.886517703533172607e-01
1.314171850681304932e-01
2.309130579233169556e-01
3.166460990905761719e-02
-2.851689159870147705e-01
3.805628716945648193e-01
-1.476299483329057693e-02
-3.657947480678558350e-01
-4.110018908977508545e-01
-1.329186201095581055e+00
-3.849412500858306885e-01
-2.371665388345718384e-01
-2.207156084477901459e-02
-2.456569224596023560e-01
-9.510007500648498535e-01
-4.452726244926452637e-01
-1.332650184631347656e-01
6.682417392730712891e-01
4.939641356468200684e-01
6.128674000501632690e-02
-2.202002853155136108e-01
-1.576931625604629517e-01
-2.029642015695571899e-01
1.124725341796875000e-01
-2.532097101211547852e-01
8.342662453651428223e-02
6.608359813690185547e-01
2.755889296531677246e-01
-2.574292123317718506e-01
-4.403756558895111084e-01
-5.688033103942871094e-01
-2.918393015861511230e-01
4.412246048450469971e-01
5.498331785202026367e-02
1.235814988613128662e-01
-7.216636091470718384e-02
-9.277102351188659668e-02
8.046129345893859863e-01
1.161221116781234741e-01
-3.158901333808898926e-01
6.452824920415878296e-02
5.942823290824890137e-01
-1.570481806993484497e-01
-3.480870127677917480e-01
-2.610985636711120605e-01
3.082248866558074951e-01
1.710072606801986694e-01
3.376271948218345642e-02
-4.934220314025878906e-01
-5.385227203369140625e-01
7.188170403242111206e-02
-1.882265359163284302e-01
8.405172824859619141e-02
-1.164759472012519836e-01
-2.388994544744491577e-01
-5.294992029666900635e-02
-6.211500763893127441e-01
-4.194616079330444336e-01
3.767452836036682129e-01
2.965454459190368652e-01
6.911112666130065918e-01
6.685229539871215820e-01
-4.702910408377647400e-02
3.561390936374664307e-01
-4.795389473438262939e-01
-1.354920119047164917e-02
-5.663149058818817139e-02
-1.960872411727905273e-01
-3.800058960914611816e-01
-4.926763474941253662e-01
1.603423655033111572e-01
5.996394157409667969e-01
9.004780650138854980e-01
6.382181048393249512e-01
-4.850719869136810303e-01
-6.904373317956924438e-02
-5.422750115394592285e-01
-5.850057005882263184e-01
-8.215271830558776855e-01
-1.575116068124771118e-01
-2.586250305175781250e-01
5.883330106735229492e-01
2.019495815038681030e-01
3.522076904773712158e-01
-4.643651545047760010e-01
3.033990561962127686e-01
2.402804791927337646e-01
-1.626680642366409302e-01
-1.172368884086608887e+00
-3.562967777252197266e-01
-4.605426192283630371e-01
1.393913570791482925e-02
2.286439388990402222e-02
2.566108107566833496e-01
5.563413351774215698e-02
2.109891474246978760e-01
2.491426318883895874e-01
1.808337718248367310e-01
-1.536930948495864868e-01
-2.582981586456298828e-01
-3.843863606452941895e-01
-7.701130509376525879e-01
-7.373012304306030273e-01
-7.661652565002441406e-01
-6.918341517448425293e-01
3.398127481341362000e-02
-4.147053956985473633e-01
1.141495347023010254e+00
6.257663667201995850e-02
-8.156185597181320190e-02
3.352100849151611328e-01
5.515965819358825684e-01
-6.038158014416694641e-02
-2.842234075069427490e-01
-2.972244322299957275e-01
4.029466584324836731e-02
8.301376104354858398e-01
5.625979900360107422e-01
-1.382579933851957321e-02
3.189532458782196045e-01
7.605325430631637573e-02
1.683232486248016357e-01
-2.247852385044097900e-01
-4.614379405975341797e-01
-1.924991756677627563e-01
2.550762295722961426e-01
-5.091845393180847168e-01
-1.209736019372940063e-01
2.435857430100440979e-03
3.886826708912849426e-02
1.284859031438827515e-01
-2.588151991367340088e-01
6.386965513229370117e-02
-1.952550262212753296e-01
-1.911865472793579102e-01
-3.613375127315521240e-01
-1.535113453865051270e-01
-3.747507333755493164e-01
2.721049487590789795e-01
4.050478041172027588e-01
-1.532773077487945557e-01
-3.634800612926483154e-01
-3.322869837284088135e-01
3.494442701339721680e-01
7.906152606010437012e-01
-3.081794381141662598e-01
-4.436147212982177734e-01
-9.417498111724853516e-02
-1.769096404314041138e-01
-1.445897817611694336e-01
1.226873546838760376e-01
4.963350668549537659e-02
6.011559367179870605e-01
6.169573217630386353e-02
-1.116546988487243652e+00
-3.498226106166839600e-01
-2.343810349702835083e-02
3.092410787940025330e-02
2.423438876867294312e-01
8.172436058521270752e-02
-2.393912672996520996e-01
-3.328350782394409180e-01
-1.049589067697525024e-01
1.668776124715805054e-01
1.177197024226188660e-01
-1.130090653896331787e-01
-3.365372717380523682e-01
-2.707654535770416260e-01
-4.592393338680267334e-01
-2.350832372903823853e-01
6.282117962837219238e-01
1.989481300115585327e-01
-3.591147363185882568e-01
-7.607904076576232910e-01
1.705599278211593628e-01
-8.028866723179817200e-03
-1.044400408864021301e-01
-7.389191985130310059e-01
4.457226693630218506e-01
7.076810598373413086e-01
6.216650009155273438e-01
-1.079121828079223633e-01
1.260597631335258484e-02
-4.284551441669464111e-01
-5.941956639289855957e-01
-4.730110764503479004e-01
3.857727348804473877e-02
-2.062661014497280121e-02
5.687012672424316406e-01
3.823135793209075928e-02
9.154486469924449921e-03
1.534562706947326660e-01
4.277035892009735107e-01
4.111305624246597290e-02
-5.188109278678894043e-01
2.801293432712554932e-01
1.596717089414596558e-01
2.850572466850280762e-01
