3.655516207218170166e-01
-2.999962307512760162e-02
8.262423276901245117e-01
3.052048683166503906e-01
1.275323182344436646e-01
1.914062798023223877e-01
6.067923307418823242e-01
1.734799444675445557e-01
-1.944096237421035767e-01
1.463357061147689819e-01
1.001072451472282410e-01
-1.252813339233398438e-01
-8.717895485460758209e-03
-2.370647937059402466e-01
-4.463276565074920654e-01
-1.430752277374267578e-01
-1.561784297227859497e-01
-8.538776636123657227e-01
-8.824318647384643555e-01
-3.428517282009124756e-01
4.244548678398132324e-01
-1.648543402552604675e-03
4.246027208864688873e-03
-2.032899111509323120e-01
3.912020921707153320e-01
1.942416876554489136e-01
6.395025253295898438e-01
8.421425819396972656e-01
4.179080128669738770e-01
-2.225320339202880859e-01
2.409182637929916382e-01
-1.722321659326553345e-01
-2.535117864608764648e-01
-6.554310917854309082e-01
-2.405757158994674683e-01
-6.050698757171630859e-01
5.991616100072860718e-02
-7.339169383049011230e-01
-2.323972284793853760e-01
-3.606222271919250488e-01
1.503466814756393433e-01
1.890286952257156372e-01
-1.783586442470550537e-01
1.894281804561614990e-01
3.749513328075408936e-01
-2.780107557773590088e-01
3.328681364655494690e-02
7.411615550518035889e-02
-9.767526388168334961e-02
4.325265437364578247e-02
-3.109261691570281982e-01
1.763840317726135254e-01
-6.081892177462577820e-02
-6.450791954994201660e-01
-2.891934514045715332e-01
1.224990859627723694e-01
-3.345243632793426514e-01
-2.742999196052551270e-01
3.924270272254943848e-01
2.075581550598144531e-01
5.334466099739074707e-01
4.794574975967407227e-01
4.660708904266357422e-01
3.588026762008666992e-01
3.876580595970153809e-01
-2.419664263725280762e-01
1.011710166931152344e-01
-5.000037550926208496e-01
-7.550161480903625488e-01
-1.383912563323974609e-01
-2.060734629631042480e-01
-4.332394897937774658e-01
5.497488975524902344e-01
-1.242554634809494019e-01
6.979659199714660645e-02
1.519754081964492798e-01
-4.234417974948883057e-01
-7.983019948005676270e-02
2.800886034965515137e-01
-2.550306618213653564e-01
-2.153109908103942871e-01
-6.786125898361206055e-01
-6.744498610496520996e-01
-1.396544724702835083e-01
-6.071958541870117188e-01
4.235960170626640320e-02
6.696791648864746094e-01
-1.751537024974822998e-01
4.509380161762237549e-01
-7.193178683519363403e-02
-1.800421774387359619e-01
-2.714022397994995117e-01
-3.501238524913787842e-01
-3.319950699806213379e-01
-1.110121831297874451e-01
3.199482560157775879e-01
-9.835997223854064941e-01
-3.366736471652984619e-01
5.354993343353271484e-01
4.437800347805023193e-01
-5.131314396858215332e-01
5.323054641485214233e-02
-7.111911475658416748e-02
-1.453331857919692993e-01
-1.157059073448181152e+00
1.267256498336791992e+00
-1.075827516615390778e-03
-1.095104292035102844e-01
-2.011342942714691162e-01
2.237303853034973145e-01
-5.050179362297058105e-02
2.472336143255233765e-01
-4.336092993617057800e-02
5.091582536697387695e-01
4.425348043441772461e-01
-2.266678027808666229e-03
-6.821028888225555420e-02
1.070275232195854187e-01
-5.884060263633728027e-02
-2.651013433933258057e-02
-9.136600792407989502e-02
-3.378054499626159668e-01
-7.325923442840576172e-02
-3.096705377101898193e-01
-4.049656093120574951e-01
-2.679839134216308594e-01
-3.039477467536926270e-01
-1.606930643320083618e-01
-2.463937997817993164e-01
-4.014613032341003418e-01
-1.477389633655548096e-01
-1.899541169404983521e-01
-4.215075075626373291e-01
3.510363996028900146e-01
1.965670734643936157e-01
-5.438935756683349609e-01
-1.890319027006626129e-02
1.946858316659927368e-02
-4.973681569099426270e-01
5.172066017985343933e-02
2.851896882057189941e-01
2.918165028095245361e-01
7.283072471618652344e-01
3.341934680938720703e-01
-1.818375885486602783e-01
3.317641615867614746e-01
7.616364359855651855e-01
2.972484827041625977e-01
-2.800225615501403809e-01
-7.534559369087219238e-01
-1.247832298278808594e+00
-6.787388324737548828e-01
-1.625174880027770996e-01
-9.846033900976181030e-02
6.490266323089599609e-01
-1.734671294689178467e-01
3.650460541248321533e-01
2.934515178203582764e-01
2.701991498470306396e-01
-5.617633834481239319e-02
-8.072439432144165039e-01
-1.167046189308166504e+00
-6.831654906272888184e-01
-5.067970156669616699e-01
1.111759059131145477e-02
-2.177567034959793091e-01
-1.963602900505065918e-01
6.603429317474365234e-01
1.176009178161621094e-01
6.490858197212219238e-01
2.993030846118927002e-01
6.864407062530517578e-01
2.215943336486816406e-01
-4.453918710350990295e-02
2.378068268299102783e-01
4.073650240898132324e-01
3.068595230579376221e-01
-1.884368509054183960e-01
-4.723948538303375244e-01
-2.227221429347991943e-01
-9.565896540880203247e-02
-1.762786358594894409e-01
-8.814063668251037598e-01
-7.631908059120178223e-01
2.751350998878479004e-01
3.538315594196319580e-01
2.073242813348770142e-01
8.635000884532928467e-02
4.229612052440643311e-01
1.420890539884567261e-01
-2.172792553901672363e-01
7.080248091369867325e-03
-9.243178963661193848e-01
-9.364865422248840332e-01
-1.100843846797943115e-01
-1.344668567180633545e-01
7.348590530455112457e-03
3.241134881973266602e-01
2.406053543090820312e-01
5.163832753896713257e-02
-7.345346361398696899e-02
7.865525037050247192e-02
-3.272087872028350830e-01
-2.232836931943893433e-01
-4.711781442165374756e-01
5.405352115631103516e-01
7.275738716125488281e-01
4.979913532733917236e-01
2.476833611726760864e-01
-1.052815318107604980e+00
-1.322583556175231934e+00
-4.221683442592620850e-01
-4.884730875492095947e-01
-2.269358038902282715e-01
-2.014233022928237915e-01
1.914933770895004272e-01
1.431679874658584595e-01
2.910509407520294189e-01
3.714414834976196289e-01
3.070009946823120117e-01
6.634751707315444946e-02
-2.589647471904754639e-01
2.024469971656799316e-01
1.175677496939897537e-02
-2.751771807670593262e-01
-6.413250695914030075e-03
-5.826716497540473938e-02
-2.040952593088150024e-01
2.022860050201416016e-01
6.743319332599639893e-02
6.406820565462112427e-02
-3.649392426013946533e-01
-9.266674518585205078e-01
-7.242656350135803223e-01
-6.205422878265380859e-01
-3.894044160842895508e-01
-6.885806918144226074e-01
2.878545820713043213e-01
-9.342307597398757935e-02
-1.144570410251617432e-01
2.281753420829772949e-01
2.485960870981216431e-01
2.596442997455596924e-01
-7.904089242219924927e-02
1.008315235376358032e-01
2.416176795959472656e-01
1.671105176210403442e-01
-1.574664860963821411e-01
9.114377945661544800e-02
-1.950791478157043457e-01
-2.754382491111755371e-01
6.917449645698070526e-03
-4.905406534671783447e-01
-6.304335594177246094e-01
1.302850544452667236e-01
2.086364626884460449e-01
4.571493566036224365e-01
-5.280601978302001953e-01
-8.250955343246459961e-01
-1.417456746101379395e+00
3.158049583435058594e-01
-4.809191226959228516e-01
-3.757577538490295410e-01
-2.166948616504669189e-01
-2.213261649012565613e-02
4.126624017953872681e-02
2.738429605960845947e-01
-6.387730240821838379e-01
8.428885787725448608e-02
-2.116169482469558716e-01
-4.497994780540466309e-01
1.453157793730497360e-02
1.384385377168655396e-01
-2.750756442546844482e-01
5.176053047180175781e-01
4.679204225540161133e-01
5.893620848655700684e-01
4.733380675315856934e-01
-3.713836371898651123e-01
8.428459055721759796e-03
5.104189515113830566e-01
-6.536708474159240723e-01
4.407131969928741455e-01
-9.769236296415328979e-02
-1.675917357206344604e-01
5.403968319296836853e-02
1.367867738008499146e-01
-6.010464206337928772e-02
2.503606677055358887e-01
6.281693279743194580e-02
-2.459839582443237305e-01
-3.921859860420227051e-01
-6.865470409393310547e-01
-1.166592538356781006e-01
-1.495443433523178101e-01
-3.556124493479728699e-02
1.941061466932296753e-01
-4.778242409229278564e-01
3.459361195564270020e-01
1.129227578639984131e-01
4.984721913933753967e-02
1.396984010934829712e-01
-4.346755445003509521e-01
-5.197522640228271484e-01
-6.497820615768432617e-01
-5.787418484687805176e-01
-3.140827715396881104e-01
5.486722588539123535e-01
1.742188930511474609e-01
5.550153851509094238e-01
-5.703112483024597168e-01
-7.141727022826671600e-03
1.541709452867507935e-01
6.650804281234741211e-01
1.405479460954666138e-01
2.025640755891799927e-01
1.736839115619659424e-02
-3.311425745487213135e-01
-4.461858272552490234e-01
-3.729905188083648682e-01
3.236916065216064453e-01
-2.000670135021209717e-02
-4.857982695102691650e-01
-2.310010194778442383e-01
-1.110928654670715332e+00
-2.326306998729705811e-01
-5.454441308975219727e-01
-7.817910984158515930e-03
4.149687290191650391e-01
-4.121449887752532959e-01
2.599345147609710693e-01
1.817821264266967773e-01
4.346485733985900879e-01
5.373288393020629883e-01
3.973220586776733398e-01
-2.479622513055801392e-01
-3.485937416553497314e-01
-9.052628874778747559e-01
-1.637705564498901367e+00
2.842491865158081055e-01
-8.366023898124694824e-01
-1.657753437757492065e-01
-3.620276153087615967e-01
-8.998561650514602661e-02
-6.081596016883850098e-01
5.419378280639648438e-01
-2.430122792720794678e-01
6.641021966934204102e-01
2.289414256811141968e-01
1.246546953916549683e-01
3.203459680080413818e-01
5.995697975158691406e-01
1.223058626055717468e-02
-6.653831154108047485e-02
5.811287462711334229e-02
-1.323954313993453979e-01
-1.350329071283340454e-01
-6.909319162368774414e-01
-5.269936099648475647e-02
-1.633173465728759766e+00
1.102287173271179199e-01
-3.927257359027862549e-01
-1.759097278118133545e-01
5.775914788246154785e-01
7.802643775939941406e-01
3.795673251152038574e-01
-1.149603202939033508e-01
-2.087454199790954590e-01
3.644550144672393799e-01
6.421755254268646240e-02
2.732761502265930176e-01
1.540822982788085938e-01
1.338100880384445190e-01
-3.125979900360107422e-01
-2.005894035100936890e-01
-2.263804227113723755e-01
-4.461324810981750488e-01
-4.427756741642951965e-02
1.896918118000030518e-01
-1.911016739904880524e-02
1.362901479005813599e-01
-4.278746247291564941e-01
3.650825321674346924e-01
4.185807108879089355e-01
9.523391723632812500e-02
-5.075063109397888184e-01
-9.382389485836029053e-02
-2.189816236495971680e-01
3.182084262371063232e-01
4.991788864135742188e-01
1.191029027104377747e-01
-5.142678618431091309e-01
-2.516359388828277588e-01
-1.701263338327407837e-02
-2.816491425037384033e-01
-4.806817770004272461e-01
3.609912693500518799e-01
1.771589964628219604e-01
7.213329076766967773e-01
3.936312347650527954e-02
1.591180264949798584e-01
-3.838462531566619873e-01
-6.584931164979934692e-02
-6.875330209732055664e-01
-3.182527720928192139e-01
-3.197247982025146484e-01
-1.264184340834617615e-02
-3.466011881828308105e-01
1.195359081029891968e-01
-6.876344233751296997e-02
-5.098644495010375977e-01
-8.774871826171875000e-01
-5.935975909233093262e-01
1.100242137908935547e-01
1.512833982706069946e-01
2.875788211822509766e-01
-7.818695157766342163e-02
-2.863385081291198730e-01
-1.857246756553649902e-01
1.691795587539672852e-01
4.038098156452178955e-01
-1.026087850332260132e-01
2.434735596179962158e-01
-1.743922382593154907e-01
1.683997362852096558e-02
-3.769867122173309326e-01
-5.029114428907632828e-03
-4.143715649843215942e-02
1.430211216211318970e-01
5.964509844779968262e-01
-5.724065899848937988e-01
-8.616912364959716797e-02
-1.784028261899948120e-01
-2.111268788576126099e-02
-2.172886878252029419e-01
1.217295750975608826e-01
-4.228336513042449951e-01
-4.628153145313262939e-01
-3.099577035754919052e-03
1.976782232522964478e-01
4.979841113090515137e-01
-1.336970776319503784e-01
-5.654045566916465759e-02
2.272130921483039856e-02
4.362614452838897705e-01
-4.586596786975860596e-02
-1.511779427528381348e-01
-2.633168995380401611e-01
-3.252930343151092529e-01
-1.097919270396232605e-01
-6.025092005729675293e-01
1.976228058338165283e-01
7.163382172584533691e-01
1.927117407321929932e-01
1.560396105051040649e-01
-1.063134893774986267e-01
-1.153749525547027588e-01
1.588755846023559570e-01
-1.230615824460983276e-01
4.577953517436981201e-01
6.266109645366668701e-02
-3.196160495281219482e-01
-1.163895249366760254e+00
-1.093350648880004883e-01
1.451052427291870117e-01
-8.318004757165908813e-02
-6.001251935958862305e-01
-1.052949309349060059e+00
-5.360537767410278320e-01
-4.690322875976562500e-01
5.769416457042098045e-04
-5.524381250143051147e-02
2.670722305774688721e-01
4.300455749034881592e-01
8.905888795852661133e-01
2.097501754760742188e-01
3.132911026477813721e-01
3.474934026598930359e-02
3.422474563121795654e-01
-1.814975589513778687e-01
5.136111378669738770e-01
-5.791836380958557129e-01
-1.054758667945861816e+00
-4.063755869865417480e-01
-6.309139728546142578e-01
-7.006909251213073730e-01
2.604888677597045898e-01
3.198600187897682190e-02
4.081346094608306885e-01
5.242075920104980469e-01
2.740290164947509766e-01
-2.668334245681762695e-01
-5.967289805412292480e-01
-2.601001858711242676e-01
-2.490541338920593262e-01
3.911192119121551514e-01
-5.747578740119934082e-01
-6.131587028503417969e-01
-2.791742086410522461e-01
-1.417530030012130737e-01
3.132452368736267090e-01
2.423869371414184570e-01
2.078908979892730713e-01
1.784599870443344116e-01
-4.730425179004669189e-01
-2.112180441617965698e-01
1.447009146213531494e-01
-6.571526080369949341e-02
-1.466780006885528564e-01
3.623189032077789307e-02
1.435090452432632446e-01
6.396152973175048828e-01
4.758081436157226562e-01
