1.279320120811462402e-01
5.291864871978759766e-01
-4.926288425922393799e-01
6.814582943916320801e-01
6.121464371681213379e-01
1.566857993602752686e-01
-3.171581923961639404e-01
3.969452083110809326e-01
7.907562889158725739e-03
-3.682269454002380371e-01
-2.486454322934150696e-02
2.920472994446754456e-03
1.681137979030609131e-01
1.967051774263381958e-01
2.064339518547058105e-01
2.802235484123229980e-01
5.209666490554809570e-01
1.271519780158996582e+00
9.843499660491943359e-01
3.332843184471130371e-01
-1.159875690937042236e-01
3.270527422428131104e-01
-7.216638326644897461e-01
-6.897595524787902832e-01
-1.223512172698974609e+00
-7.378895878791809082e-01
-9.123127460479736328e-01
-4.966763556003570557e-01
-1.756284236907958984e-01
8.907542228698730469e-01
-2.777616381645202637e-01
8.168334960937500000e-01
4.400872290134429932e-01
9.802199602127075195e-01
1.075008809566497803e-01
9.433117508888244629e-01
-4.234588742256164551e-01
9.018791913986206055e-01
-2.526649534702301025e-01
-9.237728267908096313e-02
-5.928657650947570801e-01
-3.648439049720764160e-01
-1.200962737202644348e-01
-7.507147639989852905e-02
-4.481239616870880127e-01
1.186242818832397461e+00
2.325950711965560913e-01
2.348424941301345825e-01
5.410106778144836426e-01
1.793414652347564697e-01
2.089092284440994263e-01
-9.036005288362503052e-02
2.983193695545196533e-01
4.852846562862396240e-01
2.962460815906524658e-01
-6.271423697471618652e-01
1.776522248983383179e-01
2.358579784631729126e-01
-1.060932159423828125e+00
-3.913936316967010498e-01
-8.759964108467102051e-01
-6.556295156478881836e-01
-2.478622943162918091e-01
8.874244987964630127e-02
1.356795057654380798e-02
9.795460700988769531e-01
3.189093172550201416e-01
7.606168985366821289e-01
6.058297157287597656e-01
-7.559579610824584961e-02
-8.580152690410614014e-02
2.578715085983276367e-01
-9.498887062072753906e-01
4.938029646873474121e-01
4.273156821727752686e-02
1.141739115118980408e-01
1.254797577857971191e+00
3.315950036048889160e-01
1.249788478016853333e-01
1.465898871421813965e+00
1.246848464012145996e+00
1.742839097976684570e+00
1.758331656455993652e+00
-1.424324870109558105e+00
1.365803480148315430e-01
-6.300888061523437500e-01
-1.243111968040466309e+00
3.767453432083129883e-01
-1.905352920293807983e-01
3.794051110744476318e-01
7.262517213821411133e-01
7.966685295104980469e-01
1.149593949317932129e+00
8.798425197601318359e-01
-4.489499330520629883e-01
-5.676212310791015625e-01
4.285669326782226562e-01
-3.383196592330932617e-01
-2.528983652591705322e-01
2.750687897205352783e-01
8.957235813140869141e-01
5.365490540862083435e-02
2.398682758212089539e-02
-4.241021722555160522e-02
1.714463979005813599e-01
-1.387539386749267578e+00
-2.467359304428100586e-01
8.870203047990798950e-03
-3.778747916221618652e-01
-2.548527419567108154e-01
-3.586124256253242493e-02
-5.158768892288208008e-01
3.130658343434333801e-02
-4.964555799961090088e-01
-2.694071233272552490e-01
5.783814787864685059e-01
5.233008861541748047e-01
3.944306820631027222e-02
2.153487652540206909e-01
5.843921899795532227e-01
3.231790065765380859e-01
4.654235839843750000e-01
8.334702998399734497e-02
5.172545909881591797e-01
4.904247522354125977e-01
-3.356595709919929504e-02
3.530217111110687256e-01
3.463277220726013184e-01
-9.053553221747279167e-04
5.690774321556091309e-01
-3.471568226814270020e-01
1.425758004188537598e-01
6.253965198993682861e-02
-6.614986062049865723e-01
7.972465828061103821e-03
6.075775623321533203e-01
-3.474655449390411377e-01
2.507864534854888916e-01
4.155674874782562256e-01
1.690092310309410095e-02
-6.461233496665954590e-01
-2.223443537950515747e-01
-5.299816727638244629e-01
-1.408851593732833862e-01
1.502562910318374634e-01
-2.804225087165832520e-01
-5.763981938362121582e-01
5.715492963790893555e-01
8.771787285804748535e-01
4.772819280624389648e-01
6.587674021720886230e-01
5.798694491386413574e-01
-5.243935436010360718e-02
-2.308199405670166016e-01
-7.667108774185180664e-01
2.728525698184967041e-01
-4.103574156761169434e-01
-1.968581229448318481e-01
-1.226575821638107300e-01
3.322252631187438965e-01
8.166328668594360352e-01
5.906451940536499023e-01
3.045382499694824219e-01
2.385151386260986328e-01
-2.244441956281661987e-01
3.299438953399658203e-01
-3.467087149620056152e-01
-6.866105794906616211e-01
-2.435684204101562500e-01
-5.887394547462463379e-01
-4.320041537284851074e-01
-5.563877224922180176e-01
-1.539790034294128418e-01
1.514847129583358765e-01
-4.586769044399261475e-01
-2.492903172969818115e-01
3.703202307224273682e-01
8.855786919593811035e-01
9.509012699127197266e-01
6.972815990447998047e-01
4.297316372394561768e-01
4.163458198308944702e-02
7.629481554031372070e-01
-1.954819411039352417e-01
-9.561646580696105957e-01
-9.533506035804748535e-01
-1.461229771375656128e-01
-3.367947041988372803e-01
-5.983650684356689453e-01
2.181340008974075317e-01
7.233328819274902344e-01
-2.494691461324691772e-01
8.529565930366516113e-01
8.137377351522445679e-02
-1.030212342739105225e-01
1.961907297372817993e-01
1.646514683961868286e-01
-1.966743022203445435e-01
2.006355971097946167e-01
2.608580887317657471e-01
1.704061478376388550e-01
1.062590479850769043e+00
5.159923434257507324e-01
5.056919455528259277e-01
1.755748242139816284e-01
-1.177127242088317871e+00
-4.442136883735656738e-01
-6.134870648384094238e-02
9.400748461484909058e-02
1.454727530479431152e+00
9.716742634773254395e-01
4.328316450119018555e-01
4.136091768741607666e-01
-1.436412893235683441e-02
-8.215320855379104614e-02
-7.006255388259887695e-01
-5.457652807235717773e-01
-2.994022369384765625e-01
-8.758876919746398926e-01
-2.485911697149276733e-01
2.171842306852340698e-01
2.353509664535522461e-01
-1.808200478553771973e-01
-4.090325236320495605e-01
5.421527102589607239e-02
-4.196502566337585449e-01
-1.932872831821441650e-02
4.449542164802551270e-01
5.296279489994049072e-02
5.414677038788795471e-02
2.536787986755371094e-01
9.319878816604614258e-01
9.348581433296203613e-01
5.817794203758239746e-01
8.658146262168884277e-01
7.453006505966186523e-01
5.444630980491638184e-01
-4.671904444694519043e-01
-2.463233843445777893e-02
-1.445797830820083618e-01
-3.467431664466857910e-01
-4.858022332191467285e-01
-1.426438987255096436e-01
3.621976077556610107e-02
-6.347513198852539062e-01
5.265783146023750305e-02
1.301297992467880249e-01
4.803718328475952148e-01
4.017440974712371826e-01
1.088400840759277344e+00
5.960020422935485840e-01
9.129024744033813477e-01
1.195233941078186035e+00
4.753919541835784912e-01
-2.239575088024139404e-01
-1.424444764852523804e-01
-3.315354585647583008e-01
-3.840247094631195068e-01
-7.044249773025512695e-02
-1.097925379872322083e-01
-9.420586824417114258e-01
3.051878511905670166e-01
2.257208973169326782e-01
5.046711489558219910e-02
2.865082919597625732e-01
7.295548915863037109e-02
-8.172641694545745850e-02
9.787284135818481445e-01
3.594956099987030029e-01
8.749467730522155762e-01
1.355323314666748047e+00
-4.193999469280242920e-01
8.191544562578201294e-02
3.831814825534820557e-01
-9.147827625274658203e-01
-4.985214173793792725e-01
-2.907544374465942383e-01
2.445016503334045410e-01
5.227947235107421875e-01
7.589168101549148560e-02
-8.549930453300476074e-01
8.071758151054382324e-01
-9.154493808746337891e-01
2.865084409713745117e-01
-5.487405657768249512e-01
-1.832288056612014771e-01
-6.343645453453063965e-01
3.399195969104766846e-01
-1.111172065138816833e-01
4.487606585025787354e-01
6.879837512969970703e-01
1.266753911972045898e+00
1.103583335876464844e+00
-2.342368066310882568e-01
-9.620988368988037109e-02
3.095093667507171631e-01
-4.179986417293548584e-01
2.162590622901916504e-01
-7.623042464256286621e-01
3.709112852811813354e-02
1.548814475536346436e-01
-3.357185423374176025e-01
9.286494851112365723e-01
3.749173879623413086e-01
4.957781434059143066e-01
2.978897690773010254e-01
3.304674029350280762e-01
-6.310142874717712402e-01
3.910120129585266113e-01
-4.221517145633697510e-01
6.330385804176330566e-01
1.404850333929061890e-01
1.138917803764343262e-01
-4.986716210842132568e-01
3.730460107326507568e-01
-3.723317086696624756e-01
5.792053788900375366e-02
6.983484327793121338e-02
4.105663299560546875e-01
1.809475757181644440e-02
-6.573739647865295410e-01
6.833128929138183594e-01
5.367065668106079102e-01
5.772201418876647949e-01
1.213349223136901855e+00
6.985227018594741821e-02
4.718193113803863525e-01
-1.079171076416969299e-01
-3.725923895835876465e-01
5.140664577484130859e-01
-6.978827714920043945e-01
-1.460198909044265747e-01
-4.387159049510955811e-01
-1.344354897737503052e-01
-8.356066793203353882e-02
1.218385100364685059e+00
5.433262586593627930e-01
7.128400206565856934e-01
4.250440597534179688e-01
-2.689540982246398926e-01
7.285524606704711914e-01
-3.827994689345359802e-02
-1.978243291378021240e-01
-3.867808282375335693e-01
-1.666519232094287872e-02
-7.727787494659423828e-01
-3.967412933707237244e-02
-9.813951849937438965e-01
4.001822173595428467e-01
2.387674599885940552e-01
-5.287212729454040527e-01
-6.595394611358642578e-01
5.489336252212524414e-01
-2.423176318407058716e-01
-2.055804282426834106e-01
-3.015162236988544464e-02
6.450999379158020020e-01
8.509845137596130371e-01
-2.865472435951232910e-01
8.934178352355957031e-01
4.403797984123229980e-01
3.097001314163208008e-01
-2.750203013420104980e-01
-1.086274813860654831e-02
-4.640735387802124023e-01
-4.360460638999938965e-01
8.938558697700500488e-01
-5.328366756439208984e-01
-8.656507134437561035e-01
-4.724783003330230713e-01
-4.678001105785369873e-01
-5.286314487457275391e-01
-2.408877164125442505e-01
4.316228628158569336e-01
3.239454925060272217e-01
2.639653384685516357e-01
5.540899038314819336e-01
-1.087174117565155029e-01
-6.271051764488220215e-01
-1.252366751432418823e-01
-3.803276419639587402e-01
2.902557253837585449e-01
-5.748776197433471680e-01
1.665084660053253174e-01
6.950948834419250488e-01
4.071531295776367188e-01
-3.773891329765319824e-01
7.930716127157211304e-02
-4.792414605617523193e-01
-6.502479314804077148e-01
3.999514579772949219e-01
5.135997533798217773e-01
1.122512817382812500e-01
-2.653699219226837158e-01
4.210307449102401733e-02
2.453293949365615845e-01
-6.777883172035217285e-01
5.465346947312355042e-02
-1.102894395589828491e-01
4.445854127407073975e-01
-8.298252522945404053e-02
1.123568773269653320e+00
1.950957179069519043e-01
8.244140148162841797e-01
2.996143102645874023e-01
5.959506630897521973e-01
-2.014825791120529175e-01
5.843435525894165039e-01
-3.581157699227333069e-02
4.588259458541870117e-01
5.168446302413940430e-01
3.363153636455535889e-01
3.565142750740051270e-01
6.439716089516878128e-04
-7.175508141517639160e-02
8.003219217061996460e-02
1.262337416410446167e-01
2.359128445386886597e-01
8.415744453668594360e-02
-3.883826136589050293e-01
-1.887320876121520996e-01
1.863475143909454346e-01
-4.263497292995452881e-01
-1.317022293806076050e-01
1.033160537481307983e-01
2.622477412223815918e-01
7.062788307666778564e-02
2.880781888961791992e-01
-2.960993945598602295e-01
1.143582314252853394e-01
4.746114313602447510e-01
1.022585153579711914e+00
-4.592370241880416870e-02
-1.452520638704299927e-01
4.983837604522705078e-01
-1.555595397949218750e-01
8.142023086547851562e-01
4.897592365741729736e-01
-7.106934189796447754e-01
-1.040616512298583984e+00
-3.520142734050750732e-01
2.697785496711730957e-01
2.479579299688339233e-02
-5.126441642642021179e-02
-5.698123574256896973e-01
7.110180854797363281e-01
1.644398719072341919e-01
5.064429044723510742e-01
1.705925315618515015e-01
-7.658578455448150635e-02
6.703333556652069092e-02
-3.703759014606475830e-01
-8.191025853157043457e-01
2.663759291172027588e-01
1.255152672529220581e-01
-2.528789937496185303e-01
-4.774388298392295837e-02
-4.456650316715240479e-01
-6.398881226778030396e-02
-3.047860562801361084e-01
4.492766559123992920e-01
7.341951727867126465e-01
2.133045434951782227e+00
8.878591656684875488e-02
6.797837615013122559e-01
1.392538785934448242e+00
1.477794289588928223e+00
1.076128840446472168e+00
5.937898159027099609e-01
-1.811879724264144897e-01
-5.747050642967224121e-01
-4.707499146461486816e-01
-1.187867641448974609e+00
-6.709362864494323730e-01
-1.142192959785461426e+00
-2.267639040946960449e-01
-6.526381373405456543e-01
-1.340904682874679565e-01
-2.476779818534851074e-01
9.169880151748657227e-01
-1.322427950799465179e-02
9.588126540184020996e-01
1.757937192916870117e+00
2.996236458420753479e-02
5.284304618835449219e-01
6.033168435096740723e-01
-3.898294866085052490e-01
1.906590312719345093e-01
1.032727397978305817e-02
-1.996212303638458252e-01
1.637049317359924316e-01
7.659080028533935547e-01
5.761610865592956543e-01
2.991973161697387695e-01
-3.678286075592041016e-01
-3.362372219562530518e-01
6.757043600082397461e-01
3.877193629741668701e-01
-1.708159148693084717e-01
2.309316992759704590e-01
-6.908008456230163574e-01
-1.229961961507797241e-01
-1.732984036207199097e-01
-6.494537740945816040e-02
5.802667737007141113e-01
-1.138082817196846008e-01
-2.861002385616302490e-01
-2.538146376609802246e-01
2.676457464694976807e-01
-2.525930702686309814e-01
-3.502699434757232666e-01
-3.762140572071075439e-01
-3.853999078273773193e-01
