2.539606571197509766e+00
9.618373513221740723e-01
9.157248735427856445e-01
5.906662940979003906e-01
1.281308054924011230e+00
4.722462892532348633e-01
8.043184876441955566e-01
-8.042681962251663208e-02
5.419174581766128540e-02
-4.224421977996826172e-01
1.012610644102096558e-01
-5.268536806106567383e-01
-6.030102968215942383e-01
-9.103924036026000977e-02
-4.558443725109100342e-01
-1.496586650609970093e-01
-1.217678710818290710e-01
6.116091832518577576e-02
-2.964394092559814453e-01
-4.267844855785369873e-01
2.521103024482727051e-01
1.218370944261550903e-01
-1.865898966789245605e-01
-4.278966039419174194e-02
-6.191554665565490723e-01
-1.046216040849685669e-01
1.008175611495971680e-01
5.716718360781669617e-02
2.151758372783660889e-01
5.698645114898681641e-01
2.544125355780124664e-02
6.626349687576293945e-01
-2.471653670072555542e-01
1.182724088430404663e-01
-1.705364882946014404e-01
2.086865007877349854e-01
-1.368348002433776855e+00
8.896933197975158691e-01
-7.625820636749267578e-01
2.754689753055572510e-01
-1.508583664894104004e+00
-3.208083510398864746e-01
2.946055829524993896e-01
-9.351663291454315186e-02
-1.096561431884765625e+00
-2.830490171909332275e-01
6.378609538078308105e-01
6.075475811958312988e-01
-5.527450144290924072e-02
9.031326770782470703e-01
7.723940610885620117e-01
5.601409673690795898e-01
4.439152181148529053e-01
-1.254578351974487305e+00
7.258738875389099121e-01
-6.051261425018310547e-01
-7.217779755592346191e-01
-1.183651328086853027e+00
-1.852336674928665161e-01
-1.204012334346771240e-01
4.616820812225341797e-01
-2.074375599622726440e-01
3.902361094951629639e-01
5.322911143302917480e-01
2.767266035079956055e-01
-2.206225097179412842e-01
4.783261418342590332e-01
4.918887615203857422e-01
2.699912339448928833e-02
-4.121030271053314209e-01
4.365670084953308105e-01
5.694632604718208313e-02
2.219948321580886841e-01
-6.892587989568710327e-02
5.359444618225097656e-01
-1.728633791208267212e-01
3.117260038852691650e-01
-6.838966608047485352e-01
-3.163934350013732910e-01
-2.447243183851242065e-01
-4.543006420135498047e-01
-4.980645775794982910e-01
-4.823639094829559326e-01
-3.689467012882232666e-01
2.413282096385955811e-01
3.458185791969299316e-01
5.223777294158935547e-01
-1.929800361394882202e-01
-1.895525753498077393e-01
5.198347195982933044e-02
-5.792918801307678223e-01
-3.394643366336822510e-01
-2.465057373046875000e+00
4.952153563499450684e-01
-7.239158749580383301e-01
6.477104425430297852e-01
-4.928949177265167236e-01
9.114831089973449707e-01
4.242255985736846924e-01
1.014069080352783203e+00
2.691088616847991943e-01
-2.614986002445220947e-01
9.007909335196018219e-03
6.791176199913024902e-01
1.562457680702209473e-01
3.063594698905944824e-01
7.089418768882751465e-01
-1.612479798495769501e-02
3.313404917716979980e-01
-7.481850385665893555e-01
-1.759042590856552124e-01
1.221099123358726501e-01
2.266750037670135498e-01
-3.165232837200164795e-01
-9.415342211723327637e-01
3.748417198657989502e-01
-4.851294308900833130e-02
2.137221843004226685e-01
-4.479981958866119385e-01
7.839274406433105469e-01
-2.839245200157165527e-01
1.259429454803466797e-01
-9.031631350517272949e-01
-1.105376146733760834e-02
-4.137049019336700439e-01
-4.943069815635681152e-01
-1.002301096916198730e+00
1.596273183822631836e-01
7.323834896087646484e-01
1.091589629650115967e-01
4.930287301540374756e-01
-3.137810528278350830e-01
7.311589121818542480e-01
1.054979935288429260e-01
4.655272364616394043e-01
-3.132431507110595703e-01
-2.058718353509902954e-01
9.509807080030441284e-02
3.231483697891235352e-02
1.734828948974609375e-01
-1.367332488298416138e-01
4.640671610832214355e-02
5.049448609352111816e-01
-8.990055322647094727e-02
6.988908350467681885e-02
-1.574542000889778137e-02
-5.140900015830993652e-01
-6.213061213493347168e-01
-5.587953329086303711e-01
-5.830200910568237305e-01
5.991106629371643066e-01
4.379675090312957764e-01
-1.287798583507537842e-01
-8.277893811464309692e-02
4.219719469547271729e-01
1.770796626806259155e-01
5.709787458181381226e-02
-4.945825338363647461e-01
1.128438413143157959e-01
6.756814718246459961e-01
1.096003688871860504e-02
-3.197844028472900391e-01
4.636616408824920654e-01
-2.200097143650054932e-01
5.595619678497314453e-01
-5.365318059921264648e-01
-3.202791213989257812e-01
1.252748221158981323e-01
-5.391584634780883789e-01
-5.931007266044616699e-01
-4.678999185562133789e-01
4.329158663749694824e-01
2.673593461513519287e-01
5.145442485809326172e-01
7.711951620876789093e-03
9.919361472129821777e-01
-1.673181653022766113e-01
3.585559725761413574e-01
-8.602449893951416016e-01
-7.202839851379394531e-02
-5.841574668884277344e-01
-1.534534990787506104e-01
4.838776588439941406e-02
1.719037890434265137e-01
6.298990249633789062e-01
1.932489573955535889e-01
7.577694058418273926e-01
-8.807953447103500366e-02
5.388759374618530273e-01
2.701732218265533447e-01
2.786359190940856934e-01
-4.671318531036376953e-01
1.293840259313583374e-01
2.333582639694213867e-01
-3.711246848106384277e-01
-1.256780326366424561e-01
-1.016350388526916504e+00
2.838077023625373840e-02
-3.862480223178863525e-01
4.225317537784576416e-01
-1.095004916191101074e+00
7.280428409576416016e-01
1.492663025856018066e-01
-1.241365373134613037e-01
-1.485793143510818481e-01
-1.488740444183349609e+00
7.032557129859924316e-01
4.126217365264892578e-01
-3.329318165779113770e-01
-4.440276920795440674e-01
9.204061627388000488e-01
-3.721383213996887207e-02
5.952689647674560547e-01
-1.821440309286117554e-01
9.268326163291931152e-01
8.079840540885925293e-01
1.324158161878585815e-01
-1.293905973434448242e-01
-4.365809857845306396e-01
3.985978066921234131e-01
-9.189945459365844727e-01
-7.991334199905395508e-01
-1.179291978478431702e-01
-7.194085717201232910e-01
-1.834251135587692261e-01
-4.928030371665954590e-01
-4.281023740768432617e-01
5.186259746551513672e-01
2.059260755777359009e-01
1.605666279792785645e-01
3.661806583404541016e-01
3.953427374362945557e-01
8.431839942932128906e-02
-5.318152308464050293e-01
1.161853224039077759e-02
8.323347568511962891e-01
-8.745682239532470703e-02
-1.783428043127059937e-01
3.051553070545196533e-01
-1.642466038465499878e-01
5.932872891426086426e-01
-3.091815710067749023e-01
-4.372137188911437988e-01
2.475562840700149536e-01
-1.400996744632720947e-01
9.107036888599395752e-02
-4.459283053874969482e-01
2.960188686847686768e-02
-8.753875494003295898e-01
4.200676456093788147e-02
-1.573456764221191406e+00
1.884640604257583618e-01
-6.948915123939514160e-01
-3.722737431526184082e-01
-5.617977678775787354e-02
-2.516202032566070557e-01
6.878333091735839844e-01
-2.925689704716205597e-02
6.306642293930053711e-01
-4.772912338376045227e-02
4.420589208602905273e-01
-2.093868888914585114e-02
1.616006493568420410e-01
-8.111426830291748047e-01
8.027701079845428467e-02
-1.023606583476066589e-01
-1.816105842590332031e-01
-6.696227192878723145e-01
-6.821146011352539062e-01
-1.053371354937553406e-01
2.395086884498596191e-01
3.060577511787414551e-01
5.539984703063964844e-01
-2.024004906415939331e-01
9.207847714424133301e-01
4.837826192378997803e-01
5.556443333625793457e-01
-1.644847095012664795e-01
2.001799792051315308e-01
1.726398058235645294e-02
-2.572819292545318604e-01
-5.158486962318420410e-01
-9.264876842498779297e-01
-1.719917058944702148e-01
-6.353297829627990723e-02
8.201966285705566406e-01
-1.985007375478744507e-01
7.890938520431518555e-01
-1.302534192800521851e-01
9.595870226621627808e-02
-6.126335859298706055e-01
-2.040322870016098022e-01
2.107036486268043518e-02
2.769107557833194733e-02
-6.110221147537231445e-01
2.578468620777130127e-01
-1.980322152376174927e-01
1.305871456861495972e-02
-3.094720542430877686e-01
-4.288048446178436279e-01
-5.271194577217102051e-01
4.659719765186309814e-01
-1.325614899396896362e-01
-4.364500343799591064e-01
2.593744993209838867e-01
2.423380613327026367e-01
3.481816351413726807e-01
-5.049098730087280273e-01
4.512182474136352539e-01
-1.740434169769287109e-01
-2.074048817157745361e-01
-4.790337681770324707e-01
5.768861249089241028e-02
-1.487671434879302979e-01
2.195118814706802368e-01
-6.546025276184082031e-01
3.818933665752410889e-01
5.934813618659973145e-01
6.620845198631286621e-01
-1.294832378625869751e-01
-4.464561343193054199e-01
5.189011096954345703e-01
-4.740322828292846680e-01
-7.386273145675659180e-01
-7.893715500831604004e-01
3.704240322113037109e-01
-3.709225356578826904e-01
1.138822212815284729e-01
1.663465648889541626e-01
5.241046547889709473e-01
-6.462544202804565430e-02
3.654428124427795410e-01
-5.165457725524902344e-01
6.152250170707702637e-01
-5.540398508310317993e-02
5.911725759506225586e-01
-7.917854189872741699e-01
-3.036666214466094971e-01
2.289035767316818237e-01
8.415389806032180786e-02
2.693063318729400635e-01
-6.680421233177185059e-01
7.105845808982849121e-01
-3.586885631084442139e-01
5.428686738014221191e-03
-8.929132819175720215e-01
-1.080101490020751953e+00
5.128753185272216797e-02
1.883220821619033813e-01
8.169251084327697754e-01
-1.118105888366699219e+00
7.582589387893676758e-01
2.195062041282653809e-01
5.630037784576416016e-01
-5.596136450767517090e-01
-2.325844019651412964e-01
3.176649510860443115e-01
-4.321704208850860596e-01
-1.000853721052408218e-03
-1.488744258880615234e+00
1.130845665931701660e+00
5.902428925037384033e-02
1.055682063102722168e+00
-1.045276299118995667e-01
3.862916827201843262e-01
1.742632687091827393e-01
7.050923109054565430e-01
-1.596247553825378418e-01
8.046296834945678711e-01
4.817206859588623047e-01
5.907491445541381836e-01
-3.055599629878997803e-01
-3.481984734535217285e-01
-5.881504416465759277e-01
-5.370524525642395020e-01
-2.042408287525177002e-01
-1.998279690742492676e+00
6.046910285949707031e-01
-1.103150606155395508e+00
6.339021325111389160e-01
-4.974354505538940430e-01
6.818467378616333008e-01
1.514996141195297241e-01
6.968285441398620605e-01
-4.375180229544639587e-02
1.829573363065719604e-01
9.258559942245483398e-01
2.263586521148681641e-01
5.550650954246520996e-01
-6.866527199745178223e-01
6.929411888122558594e-01
-1.386251598596572876e-01
2.025524973869323730e-01
-8.039628863334655762e-01
8.025336265563964844e-02
3.367655277252197266e-01
-6.461499631404876709e-02
2.621967792510986328e-01
-3.942387998104095459e-01
2.971221208572387695e-01
-4.689126014709472656e-01
5.292108654975891113e-01
-7.097618579864501953e-01
2.736808918416500092e-02
-4.528441727161407471e-01
1.021201722323894501e-02
-1.057794690132141113e+00
-2.957377731800079346e-01
-3.233014941215515137e-01
-5.026911497116088867e-01
-1.071920871734619141e+00
4.295231401920318604e-02
-4.296365082263946533e-01
-2.099885046482086182e-02
-7.614997625350952148e-01
7.023523449897766113e-01
4.204082489013671875e-01
2.505256533622741699e-01
-1.322018206119537354e-01
3.599178493022918701e-01
-1.237129345536231995e-01
2.923250384628772736e-02
-7.793717980384826660e-01
7.064462900161743164e-01
5.992488265037536621e-01
5.691725015640258789e-01
4.273925349116325378e-02
2.483270913362503052e-01
-7.804993987083435059e-01
8.189163804054260254e-01
-6.509816050529479980e-01
-5.891376137733459473e-01
-2.522287964820861816e-01
1.194897815585136414e-01
-7.531993389129638672e-01
4.946553707122802734e-01
-1.856315881013870239e-01
1.167191267013549805e-01
-3.758159875869750977e-01
-1.423362851142883301e+00
1.061022132635116577e-01
-6.438979506492614746e-01
-5.438733696937561035e-01
-4.309701919555664062e-01
6.178281903266906738e-01
8.162660598754882812e-01
-1.108201146125793457e-01
6.224135681986808777e-02
2.316997349262237549e-01
-1.376483589410781860e-01
-3.546660840511322021e-01
-6.536566615104675293e-01
5.663565397262573242e-01
1.909876912832260132e-01
-1.935831159353256226e-01
1.244649142026901245e-01
6.176072955131530762e-01
2.085431814193725586e-01
4.614406824111938477e-02
4.713248908519744873e-01
5.907467007637023926e-01
8.164946734905242920e-02
-2.795082926750183105e-01
-5.907182097434997559e-01
6.145774573087692261e-02
3.545724153518676758e-01
3.021972775459289551e-01
8.818753063678741455e-02
2.528662979602813721e-01
2.814455032348632812e-01
-6.572724580764770508e-01
-3.764451444149017334e-01
-3.995795547962188721e-01
-3.987980186939239502e-01
4.266225919127464294e-02
-9.577351212501525879e-01
3.499692305922508240e-02
-4.343391954898834229e-01
2.461547255516052246e-01
-1.052699387073516846e-01
1.241252571344375610e-02
9.955606609582901001e-02
-8.318622410297393799e-02
-4.253959059715270996e-01
-4.366967082023620605e-01
2.126856595277786255e-01
5.869507789611816406e-01
-5.569295212626457214e-02
-1.875442862510681152e-01
2.458505630493164062e-01
5.469111800193786621e-01
6.171908378601074219e-01
-2.155976295471191406e-01
-7.767809927463531494e-02
2.755149006843566895e-01
5.042226910591125488e-01
-2.749430239200592041e-01
-1.258583962917327881e-01
-4.287045449018478394e-02
-2.413635142147541046e-02
-3.932070136070251465e-01
-7.948258519172668457e-02
1.247904077172279358e-01
1.078054308891296387e-01
-9.033056348562240601e-02
-1.282451510429382324e+00
4.905495345592498779e-01
2.243376225233078003e-01
-1.629774123430252075e-01
-3.486586511135101318e-01
-5.860052257776260376e-02
1.683785170316696167e-01
-1.095264926552772522e-01
