7.490614056587219238e-01
8.562493920326232910e-01
9.267477989196777344e-01
8.797829747200012207e-01
1.656448245048522949e-01
3.309939503669738770e-01
3.199348449707031250e-01
-5.204393863677978516e-01
4.374251663684844971e-01
-7.257020473480224609e-01
-1.013563990592956543e+00
3.465680181980133057e-01
-8.521493673324584961e-01
-2.321840673685073853e-01
4.260346889495849609e-01
2.462755143642425537e-02
-2.379848659038543701e-01
3.519946932792663574e-01
2.293351888656616211e-01
8.634564876556396484e-01
-5.509859919548034668e-01
-5.271580219268798828e-01
6.726580113172531128e-02
-5.848333984613418579e-02
-3.760122358798980713e-01
-5.419821739196777344e-01
-2.363525889813899994e-02
-1.056374788284301758e+00
-1.127831116318702698e-01
-7.880027294158935547e-01
4.471168667078018188e-02
-5.297012329101562500e-01
-6.842964291572570801e-01
1.408562958240509033e-01
-1.128564029932022095e-01
2.496046870946884155e-01
-1.259317994117736816e-01
-3.864149451255798340e-01
1.336771398782730103e-01
1.633144617080688477e-01
-1.259648054838180542e-01
-1.219243556261062622e-01
2.055252343416213989e-01
4.720905050635337830e-02
2.965400218963623047e-01
1.310127526521682739e-01
-1.961965411901473999e-01
4.483948647975921631e-01
1.189434230327606201e-01
2.644214034080505371e-01
3.080542981624603271e-01
-8.151704072952270508e-02
-3.262650370597839355e-01
-4.965058565139770508e-01
-7.683125138282775879e-01
-1.384696722030639648e+00
-1.378350377082824707e+00
-2.654716372489929199e-01
-2.429193407297134399e-01
1.493226140737533569e-01
5.385782718658447266e-01
5.240243077278137207e-01
5.111795067787170410e-01
1.063857004046440125e-01
7.404893636703491211e-01
3.555699586868286133e-01
-1.794247925281524658e-01
-6.024234369397163391e-02
1.069324761629104614e-01
-6.789011508226394653e-02
1.365835219621658325e-01
-2.304126322269439697e-01
2.066182903945446014e-02
5.637408047914505005e-02
-1.333554387092590332e-01
1.286261975765228271e-01
-9.360499382019042969e-01
-4.654322862625122070e-01
-1.511465609073638916e-01
-3.339397609233856201e-01
-1.219368353486061096e-01
-2.087371200323104858e-01
2.279097028076648712e-02
-4.286770522594451904e-02
-5.499943494796752930e-01
6.713889539241790771e-02
-7.669216394424438477e-02
5.570033192634582520e-01
-2.875367701053619385e-01
-2.259544283151626587e-01
-4.177939593791961670e-01
-7.872907072305679321e-02
-3.248118758201599121e-01
-3.885399997234344482e-01
1.214239597320556641e-01
-5.223171710968017578e-01
2.389122247695922852e-01
2.919656038284301758e-01
2.116920948028564453e-01
-1.004453599452972412e-01
-6.331647038459777832e-01
-8.625227957963943481e-02
4.003276228904724121e-01
1.150753572583198547e-01
1.995885521173477173e-01
-3.141494095325469971e-01
-2.204459719359874725e-02
3.501327931880950928e-01
9.307255744934082031e-01
-6.337018013000488281e-01
7.573934793472290039e-01
-7.812120020389556885e-02
-5.444038510322570801e-01
-1.963005959987640381e-01
8.854429721832275391e-01
6.290948390960693359e-02
-4.012627154588699341e-02
-1.304811477661132812e+00
5.142552852630615234e-01
4.902087450027465820e-01
-1.241086244583129883e+00
-7.484970092773437500e-01
-4.194842278957366943e-01
-5.728728175163269043e-01
8.208415471017360687e-03
-1.793140470981597900e-01
1.126255989074707031e+00
2.802404761314392090e-01
-4.574951231479644775e-01
-9.864315986633300781e-01
-1.393197894096374512e+00
-2.835428714752197266e-01
3.088169991970062256e-01
-9.005979895591735840e-01
-1.206731200218200684e-01
1.528001427650451660e-01
1.276392787694931030e-01
3.405877575278282166e-02
9.346917271614074707e-01
2.037878930568695068e-01
8.186576515436172485e-02
1.958150118589401245e-01
-5.435499362647533417e-03
-7.558742165565490723e-02
-1.907997280359268188e-01
-5.981468036770820618e-02
-4.990767538547515869e-01
1.041450574994087219e-01
-7.409631460905075073e-02
-1.461888551712036133e-01
3.558823168277740479e-01
-2.178814113140106201e-01
-3.464282751083374023e-01
-3.393938243389129639e-01
1.315665394067764282e-01
-4.401844143867492676e-01
3.634603321552276611e-01
1.432804763317108154e-01
-3.524838387966156006e-01
1.470369696617126465e-01
-1.193777918815612793e+00
8.212645351886749268e-02
5.848244428634643555e-01
7.911714911460876465e-01
3.460543453693389893e-01
2.751342058181762695e-01
-4.818311333656311035e-01
-5.383216738700866699e-01
-3.231881856918334961e-01
-5.012542009353637695e-01
2.959325909614562988e-02
-2.456046342849731445e-01
-8.346685022115707397e-02
2.478087991476058960e-01
7.129127979278564453e-01
4.800542891025543213e-01
1.872364990413188934e-02
-1.893495619297027588e-01
-2.267697826027870178e-02
-2.466140836477279663e-01
-1.091341853141784668e+00
-4.682555794715881348e-01
-2.161795087158679962e-02
3.151612877845764160e-01
3.703279793262481689e-01
-3.061575116589665413e-03
-2.919946014881134033e-01
1.158052822574973106e-03
2.853493690490722656e-01
-4.487900733947753906e-01
2.700109481811523438e-01
-1.592435091733932495e-01
-2.242875099182128906e-01
2.091812714934349060e-02
-2.888790667057037354e-01
4.820936620235443115e-01
2.334215044975280762e-01
2.723780870437622070e-01
-9.680817276239395142e-02
-7.144872546195983887e-01
-1.540077775716781616e-01
-6.845818161964416504e-01
-2.084204703569412231e-01
1.641240268945693970e-01
-4.159744828939437866e-02
-4.160308837890625000e-01
-7.494021207094192505e-02
-1.070232912898063660e-01
4.829922318458557129e-01
-3.728623688220977783e-01
-8.784630149602890015e-02
-9.814500063657760620e-02
-2.236480414867401123e-01
6.449615955352783203e-01
1.386382281780242920e-01
-4.120800197124481201e-01
-8.113726377487182617e-01
-2.152728557586669922e+00
-8.534643054008483887e-02
1.206200361251831055e+00
4.599272310733795166e-01
6.692135930061340332e-01
-1.140789687633514404e-01
-5.372925996780395508e-01
-6.050277948379516602e-01
-8.001562952995300293e-02
3.247886151075363159e-02
2.626945972442626953e-01
-6.107931137084960938e-01
-2.132486850023269653e-01
-5.504392087459564209e-02
5.702348947525024414e-01
-7.159257773309946060e-03
-9.276496246457099915e-03
-3.100680112838745117e-01
-2.496883124113082886e-01
1.653893589973449707e-01
5.969166755676269531e-01
-2.044294327497482300e-01
-3.568104505538940430e-01
1.656707748770713806e-02
-2.380658388137817383e+00
-8.122832179069519043e-01
-1.104636430740356445e+00
-3.770226836204528809e-01
5.029593706130981445e-01
-1.735663414001464844e-01
-3.208924829959869385e-01
9.421639144420623779e-02
-6.481439471244812012e-01
2.824123799800872803e-01
-2.857829332351684570e-01
4.713593423366546631e-01
-3.559359312057495117e-01
-1.093937516212463379e+00
-7.293790578842163086e-01
2.774762511253356934e-01
4.976297020912170410e-01
2.481247484683990479e-01
-5.604909658432006836e-01
-3.699046671390533447e-01
3.161771222949028015e-02
-1.000538170337677002e-01
1.146820262074470520e-01
-3.606744855642318726e-02
-4.543030261993408203e-02
4.482738971710205078e-01
-5.111326575279235840e-01
-2.170833349227905273e-01
6.767638921737670898e-01
-5.572508573532104492e-01
7.667297124862670898e-01
-5.213746801018714905e-02
8.721814304590225220e-02
-1.853821277618408203e-01
-7.556843757629394531e-01
-2.808145284652709961e-01
-1.159547567367553711e-01
-8.039535284042358398e-01
5.213798284530639648e-01
-2.306982725858688354e-01
-1.570287495851516724e-01
-5.238063335418701172e-01
-3.339365422725677490e-01
1.770586818456649780e-01
8.184882998466491699e-01
-1.169821396470069885e-01
1.873299032449722290e-01
3.060314953327178955e-01
-5.517370700836181641e-01
-2.786557972431182861e-01
-1.335381627082824707e+00
-5.269404053688049316e-01
-3.500612080097198486e-01
1.132858619093894958e-01
-3.168836236000061035e-01
9.459393471479415894e-02
7.265182584524154663e-02
5.484480857849121094e-01
-1.037335544824600220e-01
1.648104488849639893e-01
-1.201839447021484375e-01
-1.137213110923767090e+00
-3.134500235319137573e-02
3.034435510635375977e-01
9.009618759155273438e-01
4.068363010883331299e-01
3.582685589790344238e-01
1.320163905620574951e-01
-5.491285324096679688e-01
3.155000135302543640e-02
3.332021534442901611e-01
-1.372494399547576904e-01
-3.179633319377899170e-01
-1.047270298004150391e+00
-4.293666183948516846e-01
7.599139213562011719e-02
-1.469267755746841431e-01
-5.944235920906066895e-01
-4.714273512363433838e-01
3.807501792907714844e-01
-3.347127735614776611e-01
-3.844528198242187500e-01
-1.061469078063964844e+00
-1.193290114402770996e+00
-1.059965014457702637e+00
1.600021570920944214e-01
3.340366482734680176e-01
7.767115235328674316e-01
5.539838597178459167e-02
5.990930199623107910e-01
9.384362697601318359e-01
-1.513424068689346313e-01
-4.410398602485656738e-01
-6.144410371780395508e-01
1.015794277191162109e-01
-3.894983530044555664e-01
-2.874955236911773682e-01
1.882983595132827759e-01
8.110229969024658203e-01
6.098734140396118164e-01
-3.784124255180358887e-01
3.763546347618103027e-01
-8.259146809577941895e-01
1.696352213621139526e-01
-6.366395950317382812e-01
-3.976283371448516846e-01
3.785422146320343018e-01
-2.199906110763549805e-01
3.464258015155792236e-01
-3.141718506813049316e-01
4.387741684913635254e-01
1.217308938503265381e-01
-1.091277956962585449e+00
-1.317573189735412598e-01
5.211262702941894531e-01
-1.965539604425430298e-01
-3.409118950366973877e-01
2.718129754066467285e-02
9.926535189151763916e-03
1.841340661048889160e-01
-9.136253595352172852e-02
3.870961666107177734e-01
-8.730834722518920898e-01
-3.775682449340820312e-01
2.597745880484580994e-02
-2.950737774372100830e-01
2.023281902074813843e-01
-1.093005388975143433e-01
-4.251882433891296387e-01
3.026009798049926758e-01
-4.887220636010169983e-02
-4.132629334926605225e-01
1.380951106548309326e-01
2.841517329216003418e-01
1.352993845939636230e-01
5.296916142106056213e-02
1.201411187648773193e-01
4.945031180977821350e-02
1.213969811797142029e-01
-3.835754469037055969e-02
-2.788078784942626953e-01
3.587008714675903320e-01
6.604506373405456543e-01
3.218401223421096802e-02
4.717788696289062500e-01
4.605510830879211426e-01
2.252522259950637817e-01
-4.373205304145812988e-01
-3.529860377311706543e-01
-6.160249114036560059e-01
-2.019159644842147827e-01
-6.163670420646667480e-01
-4.180769622325897217e-01
1.569674909114837646e-01
-6.176124215126037598e-01
5.152425765991210938e-01
-1.289095282554626465e-01
-3.651633858680725098e-01
-8.220356106758117676e-01
1.212413311004638672e-01
2.693895995616912842e-01
-5.020847171545028687e-02
-8.843856304883956909e-02
1.168996095657348633e-01
-6.690452098846435547e-01
-5.948710814118385315e-02
-4.598475098609924316e-01
2.357316911220550537e-01
3.004232943058013916e-01
-4.190892353653907776e-02
4.609601944684982300e-02
6.672853138297796249e-03
5.316208600997924805e-01
-3.521771728992462158e-01
-3.803806304931640625e-01
-6.404148340225219727e-01
-3.445775508880615234e-01
-4.236738681793212891e-01
-5.112742185592651367e-01
-4.439319670200347900e-01
3.615139424800872803e-02
3.451299294829368591e-02
3.448011279106140137e-01
1.017984971404075623e-01
-1.813387125730514526e-02
1.055204123258590698e-02
-3.751189112663269043e-01
4.497244954109191895e-01
-1.083970293402671814e-01
1.829776614904403687e-01
-1.620477288961410522e-01
1.904239207506179810e-01
-1.958154886960983276e-01
-3.647719323635101318e-01
-2.512400746345520020e-01
6.064783930778503418e-01
3.894980251789093018e-01
-5.564932525157928467e-02
-4.335680902004241943e-01
1.823465973138809204e-01
-3.603634834289550781e-01
1.413204222917556763e-01
-3.387074172496795654e-01
1.227918118238449097e-01
-1.348410993814468384e-01
5.958787202835083008e-01
1.381760239601135254e-01
-4.504837095737457275e-02
-7.888736724853515625e-01
-1.044628024101257324e+00
-2.425778061151504517e-01
-2.646888196468353271e-01
-4.518694877624511719e-01
-4.578133225440979004e-01
1.019383892416954041e-01
-8.858608007431030273e-01
-1.274150311946868896e-01
1.051733970642089844e+00
4.520605206489562988e-01
4.839909449219703674e-02
-2.131697684526443481e-01
-8.128743171691894531e-01
-4.669332206249237061e-01
-1.322114765644073486e-01
4.129513204097747803e-01
-1.960320025682449341e-01
2.051409482955932617e-01
-1.829932034015655518e-01
1.466709077358245850e-01
-1.189472898840904236e-01
1.362460702657699585e-01
4.136766195297241211e-01
4.598189592361450195e-01
-6.726174801588058472e-02
1.953393071889877319e-01
1.240705326199531555e-01
1.117244958877563477e-01
9.084487706422805786e-02
2.594479918479919434e-02
-1.458841562271118164e-01
-2.700166702270507812e-01
-4.646179974079132080e-01
-4.099616408348083496e-01
-7.144322991371154785e-01
6.020285934209823608e-02
-1.307476162910461426e+00
-1.058572888374328613e+00
-5.710619501769542694e-03
5.553578138351440430e-01
3.350871801376342773e-01
7.124610990285873413e-02
-4.625323712825775146e-01
-1.610334962606430054e-02
5.295321941375732422e-01
8.256843090057373047e-01
1.632683426141738892e-01
6.700231879949569702e-02
-3.124259784817695618e-02
-1.888917237520217896e-01
-4.827068001031875610e-02
-1.072072863578796387e+00
-1.128507733345031738e+00
-8.383980989456176758e-01
-1.043947219848632812e+00
-4.079500138759613037e-01
4.867725372314453125e-01
7.535752058029174805e-01
4.352025091648101807e-01
-2.160746455192565918e-01
1.288169473409652710e-01
-8.894269168376922607e-02
2.257146984338760376e-01
