-1.737923145294189453e+00
-2.113134562969207764e-01
3.260668814182281494e-01
-1.047942280769348145e+00
5.854637920856475830e-02
7.998216748237609863e-01
4.931750595569610596e-01
-1.259042471647262573e-01
6.932759284973144531e-01
1.122586652636528015e-01
5.238611996173858643e-02
3.692828416824340820e-01
-4.276957213878631592e-01
6.229614615440368652e-01
-5.704656839370727539e-01
1.182357892394065857e-01
-5.193147808313369751e-02
-1.441089659929275513e-01
6.216084584593772888e-02
1.784688234329223633e+00
5.386738181114196777e-01
1.007419824600219727e+00
1.029535055160522461e+00
5.559867620468139648e-01
-1.186039447784423828e-01
1.815732121467590332e-01
-1.330920219421386719e+00
1.429937779903411865e-02
-1.272227644920349121e+00
-8.553085327148437500e-01
1.128937527537345886e-01
3.534138575196266174e-02
-1.545252948999404907e-01
6.476099491119384766e-01
-3.821156024932861328e-01
6.437508463859558105e-01
4.299278259277343750e-01
-3.618561625480651855e-01
7.727948427200317383e-01
-4.805693402886390686e-02
1.947689205408096313e-01
4.447794258594512939e-01
-7.480388879776000977e-01
1.487882435321807861e-01
8.149094134569168091e-02
-1.503251314163208008e+00
8.514097929000854492e-01
4.935774505138397217e-01
3.199999928474426270e-01
8.413026332855224609e-01
4.638974368572235107e-01
-2.276203930377960205e-01
3.878332972526550293e-01
-6.510875225067138672e-01
4.047881066799163818e-02
7.518709897994995117e-01
-3.509455621242523193e-01
2.738149762153625488e-01
3.823991119861602783e-01
-4.092391133308410645e-01
-1.178586259484291077e-01
-2.770747542381286621e-01
-8.912534117698669434e-01
-3.350115120410919189e-01
2.157117277383804321e-01
-1.010160923004150391e+00
6.749225407838821411e-02
2.795929312705993652e-01
6.073557958006858826e-02
9.650494456291198730e-01
1.995898969471454620e-02
1.693208068609237671e-01
4.243677556514739990e-01
-1.454360365867614746e+00
2.755185961723327637e-01
-2.969279885292053223e-01
-5.236718654632568359e-01
5.195688009262084961e-01
3.839226663112640381e-01
-8.802245259284973145e-01
2.877626121044158936e-01
6.521595120429992676e-01
2.820917665958404541e-01
2.151693582534790039e+00
-3.110733032226562500e-01
5.485752820968627930e-01
5.953298211097717285e-01
-1.067661404609680176e+00
-1.695529744029045105e-02
3.179286047816276550e-02
-2.480081468820571899e-01
2.045737057924270630e-01
-8.954369276762008667e-02
-2.001194655895233154e-01
7.836285233497619629e-01
-5.285223126411437988e-01
-5.774232745170593262e-01
3.248354047536849976e-02
-6.408396959304809570e-01
-8.271632790565490723e-01
-1.445360928773880005e-01
5.125200748443603516e-01
2.565245032310485840e-01
6.533585190773010254e-01
1.183924078941345215e-01
9.364644885063171387e-01
-7.886345684528350830e-02
-4.041207730770111084e-01
4.296717643737792969e-01
-2.105539441108703613e-01
-2.019165456295013428e-01
8.653433620929718018e-02
-2.130203396081924438e-01
-1.992125958204269409e-01
2.205139696598052979e-01
-1.369131445884704590e+00
-1.350437402725219727e-01
2.288414686918258667e-01
-2.466548979282379150e-01
-3.534250855445861816e-01
1.041584685444831848e-01
-1.773599982261657715e-01
1.863145083189010620e-01
-2.335655838251113892e-01
-1.674835383892059326e-01
9.859510064125061035e-01
-6.837559938430786133e-01
6.576156020164489746e-01
1.416522711515426636e-01
-9.186305850744247437e-02
1.166752099990844727e+00
1.209962144494056702e-01
1.890312880277633667e-01
1.003245115280151367e+00
-7.870382666587829590e-01
5.154047906398773193e-02
2.791141271591186523e-01
-6.264791637659072876e-02
1.630698516964912415e-02
6.660985946655273438e-01
7.828304171562194824e-01
-4.953073263168334961e-01
5.350080132484436035e-02
-8.489159494638442993e-02
-8.120023012161254883e-01
3.001906275749206543e-01
-1.438790857791900635e-01
-1.188239693641662598e+00
-4.220576286315917969e-01
3.166988790035247803e-01
-5.677238106727600098e-01
3.717770874500274658e-01
2.706425189971923828e-01
4.922406375408172607e-01
-2.951257526874542236e-01
1.951219141483306885e-01
-3.316681683063507080e-01
1.436558365821838379e-01
-1.482513993978500366e-01
-2.326982617378234863e-01
-4.844841361045837402e-01
5.523990392684936523e-01
2.642687037587165833e-02
3.953062593936920166e-01
8.257584571838378906e-01
-4.198979735374450684e-01
9.201810359954833984e-01
4.915942847728729248e-01
4.323386773467063904e-02
-1.350275576114654541e-01
-1.673728823661804199e-01
-3.256271481513977051e-01
-3.964752256870269775e-01
-7.326305508613586426e-01
1.094286441802978516e-01
-6.278485059738159180e-01
-2.912814915180206299e-01
-6.250240206718444824e-01
5.903345942497253418e-01
4.182608798146247864e-02
1.422322511672973633e+00
3.216792047023773193e-01
1.033066026866436005e-02
4.899183213710784912e-01
7.800855040550231934e-01
-3.340373635292053223e-01
-5.272132754325866699e-01
-2.279248386621475220e-01
-9.480899572372436523e-02
-1.343677759170532227e+00
-5.570744872093200684e-01
4.955874383449554443e-01
-6.403479576110839844e-01
5.503134727478027344e-01
3.908895552158355713e-01
-1.381383538246154785e-01
1.606557518243789673e-01
5.116229653358459473e-01
-6.693096756935119629e-01
2.950755655765533447e-01
-1.790581345558166504e-01
-1.146572947502136230e+00
2.063987731933593750e+00
7.510564923286437988e-01
1.236059427261352539e+00
1.425019383430480957e+00
-3.696107566356658936e-01
-3.316724300384521484e-01
-2.034071274101734161e-02
-1.192869186401367188e+00
1.340794712305068970e-01
2.072817683219909668e-01
2.605950236320495605e-01
1.560749560594558716e-01
1.114879827946424484e-02
1.166598573327064514e-01
1.615533977746963501e-01
-6.341316103935241699e-01
7.789923548698425293e-01
-6.244941949844360352e-01
-8.273418545722961426e-01
3.115442991256713867e-01
9.261376261711120605e-01
1.648575365543365479e-01
3.004834949970245361e-01
2.482444494962692261e-01
-7.520275712013244629e-01
-7.135694026947021484e-01
1.457416862249374390e-01
-5.498040914535522461e-01
3.619720339775085449e-01
-1.139040231704711914e+00
2.255442887544631958e-01
4.538441002368927002e-01
-3.526671528816223145e-01
8.695380091667175293e-01
9.975664019584655762e-01
8.487397432327270508e-01
4.493222758173942566e-02
2.488657832145690918e-01
-2.982795238494873047e-01
5.910666584968566895e-01
-1.123227477073669434e+00
4.221854805946350098e-01
-2.576412856578826904e-01
-5.103558301925659180e-01
-6.081892848014831543e-01
3.737663626670837402e-01
-3.514688313007354736e-01
1.683226674795150757e-01
5.921183824539184570e-01
-4.100784659385681152e-01
1.223368883132934570e+00
8.151805996894836426e-01
1.271412014961242676e+00
7.334302067756652832e-01
5.323290824890136719e-01
2.742253839969635010e-01
-1.855802685022354126e-01
-3.415313959121704102e-01
4.516563713550567627e-01
-1.204381346702575684e+00
-3.817888498306274414e-01
9.598551690578460693e-02
-6.623878479003906250e-01
9.267325699329376221e-02
4.678001701831817627e-01
-7.666565775871276855e-01
2.587524056434631348e-01
1.202312558889389038e-01
-4.868590235710144043e-01
1.521657824516296387e+00
-1.356023550033569336e-01
3.501805663108825684e-01
4.961264431476593018e-01
1.397716253995895386e-01
-6.692644953727722168e-01
-1.418705880641937256e-01
-8.036104440689086914e-01
5.347715616226196289e-01
4.604100808501243591e-02
-3.552564084529876709e-01
4.418142437934875488e-01
8.428345620632171631e-02
-5.165360569953918457e-01
6.143462657928466797e-01
-4.669815003871917725e-01
-2.247149348258972168e-01
1.265620589256286621e-01
-2.816548105329275131e-03
5.242238938808441162e-02
-1.085083931684494019e-01
9.915507584810256958e-02
1.431630849838256836e+00
-4.638372957706451416e-01
1.490861326456069946e-01
1.508363429456949234e-02
-3.708983212709426880e-02
-8.810661733150482178e-02
-3.351016342639923096e-01
-6.214376091957092285e-01
8.426925539970397949e-02
-3.751175105571746826e-01
1.559656411409378052e-01
6.585737466812133789e-01
-1.537305414676666260e-01
8.086779713630676270e-01
4.828875362873077393e-01
-1.602751761674880981e-01
1.914442032575607300e-01
-2.007606476545333862e-01
-1.666850894689559937e-01
8.821936249732971191e-01
1.022223114967346191e+00
2.280579209327697754e-01
9.083195924758911133e-01
-4.634707868099212646e-01
1.539080291986465454e-01
-9.518356323242187500e-01
7.737851142883300781e-01
-7.607657313346862793e-01
-3.877224922180175781e-01
-5.239793062210083008e-01
2.160679847002029419e-01
-7.974224090576171875e-01
1.086043357849121094e+00
5.061967372894287109e-01
7.454880475997924805e-01
4.237786829471588135e-01
-1.692174822092056274e-01
1.310155540704727173e-01
3.916440531611442566e-02
-5.422685146331787109e-01
-1.598903089761734009e-01
-7.420246601104736328e-01
-7.815687656402587891e-01
1.130161166191101074e+00
2.468257397413253784e-01
6.578312516212463379e-01
5.807498097419738770e-01
-3.014174103736877441e-01
2.513189315795898438e-01
4.042206704616546631e-01
-4.220712557435035706e-02
-2.363669276237487793e-01
2.797754406929016113e-01
-1.907545328140258789e-01
3.338795900344848633e-01
-1.335857868194580078e+00
2.426377534866333008e-01
1.391805291175842285e+00
4.403219521045684814e-01
-4.787499010562896729e-01
1.344839692115783691e+00
-1.831569522619247437e-01
1.028555165976285934e-02
-4.971812069416046143e-01
-3.405692875385284424e-01
-3.421206027269363403e-03
-4.945423305034637451e-01
-6.782165914773941040e-02
3.950737416744232178e-02
1.645064912736415863e-02
-5.815347433090209961e-01
-3.252033144235610962e-02
-5.075685381889343262e-01
-7.732219696044921875e-01
5.470073819160461426e-01
1.684049516916275024e-01
-4.243762493133544922e-01
-3.507052361965179443e-01
5.546302199363708496e-01
-1.184022545814514160e+00
7.888206094503402710e-02
2.338440269231796265e-01
2.933309078216552734e-01
1.193438693881034851e-01
8.190097212791442871e-01
2.075944244861602783e-01
-2.669200673699378967e-02
-5.998909473419189453e-01
-4.854556024074554443e-01
4.713169112801551819e-02
-6.641419529914855957e-01
-7.636244893074035645e-01
-2.626727893948554993e-02
-3.465455397963523865e-02
-2.463850229978561401e-01
3.359008431434631348e-01
1.086648777127265930e-01
-7.706302404403686523e-01
4.758855998516082764e-01
-7.018925994634628296e-02
8.880634307861328125e-01
-7.560154199600219727e-01
4.281200170516967773e-01
2.266974300146102905e-01
2.033164203166961670e-01
-5.409669280052185059e-01
9.042194485664367676e-01
-7.757185697555541992e-01
-1.186674367636442184e-02
4.022032320499420166e-01
6.870484352111816406e-01
-7.448449730873107910e-01
1.514771342277526855e+00
8.464139103889465332e-01
3.950488567352294922e-01
5.503237247467041016e-01
-3.212908506393432617e-01
-4.540662765502929688e-01
2.927896678447723389e-01
-6.710917353630065918e-01
3.463724553585052490e-01
-6.362698227167129517e-02
-1.795403510332107544e-01
2.437699884176254272e-01
-2.540851570665836334e-02
4.116789996623992920e-01
1.125984907150268555e+00
3.138940781354904175e-02
5.190895795822143555e-01
8.835804462432861328e-01
-2.952304184436798096e-01
-5.431791543960571289e-01
1.509264260530471802e-01
-8.518775701522827148e-01
7.147892713546752930e-01
-1.651836484670639038e-01
-1.038925275206565857e-01
-3.063983023166656494e-01
-4.729412794113159180e-01
1.081855654716491699e+00
1.513580828905105591e-01
-4.740637540817260742e-01
4.105637371540069580e-01
-7.957172393798828125e-01
1.027563884854316711e-01
2.196841478347778320e+00
2.221056520938873291e-01
-4.125913083553314209e-01
-1.926735639572143555e-01
-2.245099693536758423e-01
1.888294965028762817e-01
2.367828786373138428e-01
-1.213039278984069824e+00
1.113003492355346680e+00
1.456896960735321045e-02
5.994012355804443359e-01
4.288128912448883057e-01
-1.182016879320144653e-01
1.164223477244377136e-01
5.888442993164062500e-01
-1.490323781967163086e+00
3.406354039907455444e-02
2.443599402904510498e-01
-2.571523785591125488e-01
8.130831643939018250e-03
-1.875409036874771118e-01
-6.636977195739746094e-01
-2.951161563396453857e-01
-5.668372511863708496e-01
-5.341889262199401855e-01
5.553312897682189941e-01
1.456232368946075439e-01
-5.929639339447021484e-01
6.551482677459716797e-01
8.277902603149414062e-01
7.222393751144409180e-01
1.841123104095458984e+00
-2.724429666996002197e-01
9.162250161170959473e-01
-2.608341574668884277e-01
-5.878952741622924805e-01
-6.148364543914794922e-01
-2.640694379806518555e-01
-4.178091883659362793e-01
-3.532162606716156006e-01
-4.369776844978332520e-01
-1.240702509880065918e+00
1.064085721969604492e+00
3.997032046318054199e-01
-1.048665046691894531e-01
1.282975316047668457e+00
2.648209035396575928e-01
1.608491241931915283e-01
7.674002051353454590e-01
6.091319769620895386e-02
-3.031316399574279785e-02
6.877444386482238770e-01
-1.061806201934814453e+00
-7.908108085393905640e-02
3.966592848300933838e-01
3.728882372379302979e-01
4.187023639678955078e-01
1.473975032567977905e-01
-3.053337931632995605e-01
1.475128531455993652e-02
2.444628924131393433e-01
-1.710009276866912842e-01
7.073652148246765137e-01
-4.308091402053833008e-01
-1.053337939083576202e-02
-6.678127050399780273e-01
1.674861758947372437e-01
-6.154260039329528809e-01
6.061001420021057129e-01
-7.352779507637023926e-01
-2.732366025447845459e-01
3.790073692798614502e-01
-3.353430032730102539e-01
5.977848544716835022e-03
-1.762651950120925903e-01
