1.532989978790283203e+00
7.768211960792541504e-01
1.072640299797058105e+00
4.264824092388153076e-01
2.296870350837707520e-01
1.256480962038040161e-01
-4.329489767551422119e-01
-3.479863703250885010e-01
-1.205812931060791016e+00
-3.111447691917419434e-01
-7.657899260520935059e-01
2.998971641063690186e-01
-6.095488667488098145e-01
5.453665554523468018e-02
-5.422573685646057129e-01
2.133758813142776489e-01
6.918115913867950439e-02
1.861582100391387939e-01
5.647395178675651550e-02
5.394399166107177734e-01
-1.712527990341186523e+00
1.723762601613998413e-02
-7.617164254188537598e-01
-4.211473464965820312e-01
4.417390227317810059e-01
1.394937187433242798e-01
-2.612905502319335938e-01
2.793920934200286865e-01
-1.376323461532592773e+00
-6.246566772460937500e-01
-4.921204745769500732e-01
-2.326357811689376831e-01
-2.693849429488182068e-02
8.703740835189819336e-01
-5.651195645332336426e-01
1.554033011198043823e-01
-1.431412100791931152e-01
-5.291913747787475586e-01
-5.302488207817077637e-01
-1.979865282773971558e-01
7.061526179313659668e-02
-3.543020486831665039e-01
2.278347909450531006e-01
-1.513382196426391602e+00
8.598188757896423340e-01
4.781491756439208984e-01
4.732653498649597168e-01
7.715706229209899902e-01
1.157657429575920105e-01
2.870194800198078156e-02
9.348429441452026367e-01
-7.898584604263305664e-01
1.930344402790069580e-01
1.208209022879600525e-01
-1.130925893783569336e+00
-2.847015559673309326e-01
1.365531142801046371e-02
6.226192712783813477e-01
2.306495904922485352e-01
7.099125385284423828e-01
3.718621432781219482e-01
2.804292738437652588e-01
-3.399732112884521484e-01
5.546574592590332031e-01
-2.080015897750854492e+00
9.630030393600463867e-01
-9.324671626091003418e-01
-1.439369767904281616e-01
1.326814889907836914e+00
-1.415722131729125977e+00
6.992606073617935181e-02
-1.759655952453613281e+00
5.767019391059875488e-01
2.722156941890716553e-01
-4.079861044883728027e-01
2.344568818807601929e-01
4.165569245815277100e-01
-4.546496272087097168e-01
-6.255660653114318848e-01
-4.389149248600006104e-01
-1.482661247253417969e+00
-3.489228710532188416e-02
-5.428069233894348145e-01
-2.983694374561309814e-01
4.717649817466735840e-01
-4.674248993396759033e-01
1.689981371164321899e-01
4.244250357151031494e-01
-1.521752119064331055e+00
9.607839584350585938e-01
-1.080395698547363281e+00
8.165042400360107422e-01
7.244986295700073242e-01
-7.412285208702087402e-01
1.047788739204406738e+00
3.481371700763702393e-01
-7.494430541992187500e-01
8.661228418350219727e-01
-5.855686068534851074e-01
4.736747741699218750e-01
-9.355527758598327637e-01
1.057751893997192383e+00
3.439466953277587891e-01
7.979241013526916504e-01
2.068297266960144043e-01
-2.813385128974914551e-01
5.025391653180122375e-02
2.397962510585784912e-01
3.890750110149383545e-01
4.313461780548095703e-01
5.263852477073669434e-01
-6.511197239160537720e-02
7.133990526199340820e-01
-1.881325095891952515e-01
8.002696558833122253e-03
9.383161664009094238e-01
-9.958580136299133301e-01
1.014516115188598633e+00
3.894131630659103394e-02
-1.426602900028228760e-01
7.225804924964904785e-01
-7.980271577835083008e-01
2.939506471157073975e-01
-2.952601015567779541e-01
-1.067775368690490723e+00
-2.566360831260681152e-01
-3.838435113430023193e-01
-1.626883625984191895e+00
-2.866337895393371582e-01
-2.834591865539550781e-01
-8.184453248977661133e-01
-5.203987956047058105e-01
-3.905793130397796631e-01
-1.262047410011291504e+00
-1.237202212214469910e-01
4.407225549221038818e-01
-2.225400954484939575e-01
9.333151578903198242e-01
1.366616636514663696e-01
6.787321567535400391e-01
7.456545829772949219e-01
8.048919439315795898e-01
-2.108201533555984497e-01
4.109775722026824951e-01
-1.466246694326400757e-01
-4.068564474582672119e-01
7.567613720893859863e-01
-6.479772925376892090e-01
-9.141035843640565872e-05
5.282741785049438477e-01
-8.318596482276916504e-01
-1.783231198787689209e-01
1.944858133792877197e-01
8.522722721099853516e-01
4.034063220024108887e-01
1.373675465583801270e+00
3.273092508316040039e-01
8.475047349929809570e-01
7.225635051727294922e-01
-8.769873380661010742e-01
1.472783684730529785e+00
4.586642980575561523e-01
4.238786399364471436e-01
-9.481430649757385254e-01
-8.052251301705837250e-03
-1.213460087776184082e+00
-3.729000091552734375e-01
-7.233979701995849609e-01
-4.147090017795562744e-01
5.338957905769348145e-01
-1.037209182977676392e-01
-3.532252013683319092e-01
3.800665140151977539e-01
-1.075065493583679199e+00
7.682269811630249023e-01
-3.893764913082122803e-01
1.140544056892395020e+00
-9.409980773925781250e-01
1.102745175361633301e+00
1.720960885286331177e-01
1.087931513786315918e+00
6.648321151733398438e-01
-5.564681887626647949e-01
2.040654420852661133e+00
-9.985383152961730957e-01
1.136145830154418945e+00
-8.365655541419982910e-01
1.002637505531311035e+00
3.748687803745269775e-01
6.307943910360336304e-02
-6.508523821830749512e-01
7.873675823211669922e-01
-1.401769876480102539e+00
3.974866122007369995e-02
-3.837426304817199707e-01
-9.120102524757385254e-01
-6.413724422454833984e-01
9.531079530715942383e-01
-3.084664583206176758e+00
2.145755767822265625e+00
-1.688046932220458984e+00
2.073244750499725342e-01
4.664323925971984863e-01
-1.959686726331710815e-01
7.600652575492858887e-01
6.242792606353759766e-01
-4.195109009742736816e-02
-3.571893274784088135e-02
3.174763917922973633e-01
-1.211070418357849121e-01
5.808529853820800781e-01
2.027825415134429932e-01
-2.019882649183273315e-01
7.287569046020507812e-01
-8.925033211708068848e-01
5.040477216243743896e-02
-6.350789070129394531e-01
-7.812619805335998535e-01
-6.285247951745986938e-02
-6.279698014259338379e-01
-7.873695492744445801e-01
3.187591731548309326e-01
-3.359627425670623779e-01
1.235072851181030273e+00
-2.908692359924316406e-01
1.019387125968933105e+00
9.048816561698913574e-02
1.482332646846771240e-01
-8.542686700820922852e-03
9.227759242057800293e-01
4.842961579561233521e-02
1.947328001260757446e-01
7.512874007225036621e-01
-9.618813991546630859e-01
8.936741948127746582e-01
-8.489817976951599121e-01
1.351590156555175781e-01
1.581936776638031006e-01
-7.520668506622314453e-01
4.728279113769531250e-01
-1.350358009338378906e+00
-8.555749654769897461e-01
-1.024898648262023926e+00
-2.694707512855529785e-01
-6.168988347053527832e-01
-2.439550356939435005e-03
-1.011497139930725098e+00
-1.335037469863891602e+00
1.371080726385116577e-01
-1.185680627822875977e+00
2.537997066974639893e-01
-8.848431110382080078e-01
-5.603305697441101074e-01
1.248643323779106140e-01
1.891777068376541138e-01
5.692265927791595459e-02
4.428315162658691406e-01
6.929472088813781738e-01
3.748795762658119202e-02
5.133275389671325684e-01
-6.300623416900634766e-01
-1.861399859189987183e-01
-3.229843825101852417e-02
7.473898679018020630e-02
-1.807944476604461670e-01
3.617843389511108398e-01
-9.937998056411743164e-01
-4.708169698715209961e-01
-7.154833078384399414e-01
-2.242010593414306641e+00
-1.277890205383300781e+00
-5.094164609909057617e-01
-8.759505748748779297e-01
-7.979658246040344238e-02
1.546663194894790649e-01
2.615891695022583008e-01
9.447771310806274414e-01
1.272718191146850586e+00
-8.124458044767379761e-02
1.328094959259033203e+00
2.224456667900085449e-01
4.566680490970611572e-01
-8.412472903728485107e-02
4.967162907123565674e-01
3.194561228156089783e-02
2.295099198818206787e-01
-3.776574507355690002e-02
-6.197873353958129883e-01
3.026338517665863037e-01
-9.705706238746643066e-01
-5.235471725463867188e-01
-8.714535236358642578e-01
-1.053028702735900879e+00
-1.216284394264221191e+00
-7.011020183563232422e-01
-2.475858449935913086e+00
-1.008672595024108887e+00
6.985058188438415527e-01
-1.840506792068481445e+00
7.301244139671325684e-01
-4.240298271179199219e-01
-4.087496697902679443e-01
1.089581966400146484e+00
9.057350158691406250e-01
-5.996068716049194336e-01
2.425867617130279541e-01
-3.467887341976165771e-01
-1.040729507803916931e-01
-6.944540143013000488e-01
6.158270239830017090e-01
2.041663229465484619e-02
1.455883383750915527e-01
-5.468214675784111023e-02
3.946218192577362061e-01
-3.138124346733093262e-01
9.025450944900512695e-01
4.963155686855316162e-01
-1.047701835632324219e+00
1.060504198074340820e+00
-2.054135084152221680e+00
5.982096791267395020e-01
-1.279344558715820312e+00
-7.621193528175354004e-01
5.735295414924621582e-01
-9.583067297935485840e-01
-2.684294879436492920e-01
5.327077209949493408e-02
-1.582531332969665527e+00
-3.222097456455230713e-01
-2.122574567794799805e+00
1.067446917295455933e-02
5.826940014958381653e-02
1.637985259294509888e-01
-2.597832679748535156e-01
3.171617090702056885e-01
-9.859843850135803223e-01
1.028491139411926270e+00
-5.318822860717773438e-01
4.853871166706085205e-01
-1.783095002174377441e-01
1.404138207435607910e-01
1.129918456077575684e+00
4.412712752819061279e-01
-1.369448304176330566e-01
1.068866491317749023e+00
-4.707226157188415527e-01
6.055711209774017334e-02
2.503189444541931152e-01
-1.071704626083374023e+00
-5.013777017593383789e-01
5.638329982757568359e-01
-8.252823948860168457e-01
1.219367742538452148e+00
-4.306830167770385742e-01
1.998163700103759766e+00
-6.978741288185119629e-01
1.467642188072204590e+00
-6.654492020606994629e-01
1.228999018669128418e+00
6.676542572677135468e-03
-7.562040090560913086e-01
3.605390787124633789e-01
-3.777905702590942383e-01
-9.815654158592224121e-01
3.615468442440032959e-01
-7.572803497314453125e-01
6.434983611106872559e-01
1.262795329093933105e-01
-1.112728863954544067e-01
5.295161604881286621e-01
-3.843025863170623779e-01
5.214545726776123047e-01
-1.016257479786872864e-01
8.145534992218017578e-01
3.003597259521484375e-01
8.886004686355590820e-01
7.254756093025207520e-01
1.312924981117248535e+00
-2.598022818565368652e-01
-3.410409390926361084e-01
5.014522671699523926e-01
-4.424614310264587402e-01
5.481003522872924805e-01
7.647592574357986450e-02
-4.719901084899902344e-01
-2.684971690177917480e-01
-4.194504618644714355e-01
-6.763426065444946289e-01
-1.138095140457153320e+00
6.432412266731262207e-01
-7.600784897804260254e-01
4.234645962715148926e-01
-5.432832837104797363e-01
7.177193164825439453e-01
2.687518894672393799e-01
-3.026220202445983887e-01
5.719667673110961914e-01
-1.448429673910140991e-01
-6.977060437202453613e-01
-2.698396891355514526e-02
-7.571908179670572281e-03
-9.040613770484924316e-01
1.115451753139495850e-01
-1.777612417936325073e-01
5.896825194358825684e-01
2.045858800411224365e-01
-1.678103446960449219e+00
1.080286979675292969e+00
-9.809047579765319824e-01
6.159424781799316406e-01
-3.012845218181610107e-01
-4.472135901451110840e-01
1.280202902853488922e-02
-3.160011172294616699e-01
-6.840472221374511719e-01
-4.480238258838653564e-01
-1.104612827301025391e+00
5.163342952728271484e-01
4.913853704929351807e-01
-5.887416005134582520e-01
1.087864041328430176e+00
-4.259387850761413574e-01
4.673547446727752686e-01
4.183688461780548096e-01
-4.682414829730987549e-01
-9.201049804687500000e-01
1.681120544672012329e-01
-9.296849370002746582e-01
-2.207235619425773621e-02
-8.666900992393493652e-01
-6.370617151260375977e-01
-3.241581916809082031e-01
2.597328126430511475e-01
-1.155767682939767838e-02
1.043214082717895508e+00
1.800865121185779572e-02
9.816701412200927734e-01
9.854825139045715332e-01
8.265831470489501953e-01
1.034985542297363281e+00
4.310477375984191895e-01
-7.872079014778137207e-01
5.968920513987541199e-02
-1.018861830234527588e-01
-4.809814691543579102e-01
-1.597795486450195312e-01
-4.449089765548706055e-01
-4.413803815841674805e-01
1.760246455669403076e-01
-2.415166795253753662e-01
-1.965722888708114624e-01
5.394612550735473633e-01
-5.749097466468811035e-01
2.927539646625518799e-01
-4.259905219078063965e-01
-5.462126731872558594e-01
3.133624494075775146e-01
-3.201391398906707764e-01
9.187328070402145386e-02
-8.893381357192993164e-01
-2.264821231365203857e-01
2.857998311519622803e-01
2.356911636888980865e-02
1.047273993492126465e+00
1.020821779966354370e-01
1.666603922843933105e+00
-9.615632295608520508e-01
1.239213228225708008e+00
-1.004310965538024902e+00
6.262599676847457886e-02
-1.339137703180313110e-01
-1.174569249153137207e+00
5.984253883361816406e-01
-2.522173821926116943e-01
-4.743637740612030029e-01
-1.019602566957473755e-01
-6.179236806929111481e-03
5.472467541694641113e-01
-1.399315237998962402e+00
-2.808790840208530426e-02
-1.252358555793762207e+00
-1.131472349166870117e+00
-4.955225810408592224e-02
-7.904716730117797852e-01
7.365735173225402832e-01
4.561489820480346680e-01
3.389444351196289062e-01
-3.799673169851303101e-02
4.653719961643218994e-01
-2.139153480529785156e-01
-8.402577042579650879e-01
-2.959970533847808838e-01
-7.781735062599182129e-02
-4.446432590484619141e-01
4.430228471755981445e-01
-7.225062847137451172e-01
5.549764037132263184e-01
-2.716617658734321594e-02
6.105527877807617188e-01
6.092787384986877441e-01
2.424977123737335205e-01
5.739529132843017578e-01
-4.712020456790924072e-01
6.658384203910827637e-01
-8.016725778579711914e-01
4.744930267333984375e-01
7.051504403352737427e-02
-3.784108757972717285e-01
-3.269004225730895996e-01
5.010214075446128845e-02
9.966034293174743652e-01
-6.830994039773941040e-02
1.113449811935424805e+00
