4.899974465370178223e-01
2.839494049549102783e-01
1.513463854789733887e+00
1.233826160430908203e+00
5.460176467895507812e-01
1.068592071533203125e+00
1.593267917633056641e-01
6.908527612686157227e-01
3.781217932701110840e-01
-1.157041080296039581e-02
-1.440753459930419922e+00
-3.200778365135192871e-01
-1.772627085447311401e-01
-3.048934340476989746e-01
-5.275827050209045410e-01
-2.607529461383819580e-01
-1.967109143733978271e-01
-1.321890763938426971e-02
-1.826816610991954803e-02
-8.995895385742187500e-01
-6.076772809028625488e-01
7.294640690088272095e-02
-5.534781888127326965e-02
1.589292287826538086e-01
-2.740359306335449219e-01
-1.840151250362396240e-01
4.851603806018829346e-01
-2.334009557962417603e-01
-5.418087840080261230e-01
-5.911731123924255371e-01
-4.682185947895050049e-01
9.926037490367889404e-02
-7.856251597404479980e-01
4.596779346466064453e-01
-6.702974438667297363e-01
-3.021517693996429443e-01
-1.911856085062026978e-01
-5.109429955482482910e-01
-1.952628791332244873e-01
2.998599410057067871e-01
-3.889417350292205811e-01
4.003008604049682617e-01
7.595214843750000000e-01
1.618232727050781250e-01
6.954089999198913574e-01
-5.677781105041503906e-01
-1.510645389556884766e+00
1.582174062728881836e+00
-1.288520216941833496e+00
-3.748825490474700928e-01
1.204864621162414551e+00
1.686150729656219482e-01
8.746976256370544434e-01
-8.247919082641601562e-01
-1.120087862014770508e+00
5.978494137525558472e-02
-3.057768642902374268e-01
1.015530467033386230e+00
1.113755479454994202e-01
8.208050727844238281e-01
5.502808094024658203e-01
4.525210559368133545e-01
-2.714287936687469482e-01
-7.683885693550109863e-01
-1.042331457138061523e+00
-1.419315814971923828e+00
-1.895641386508941650e-01
1.456696093082427979e-01
4.841822087764739990e-01
-4.381494224071502686e-01
-2.396486103534698486e-01
5.608125925064086914e-01
3.839248716831207275e-01
-5.029453635215759277e-01
-3.949600458145141602e-01
-1.222618460655212402e+00
-1.568665653467178345e-01
7.479294538497924805e-01
-5.807875990867614746e-01
-7.314265370368957520e-01
-2.775514684617519379e-02
6.461159586906433105e-01
3.368853032588958740e-01
-5.745677947998046875e-01
4.049874097108840942e-02
-5.857593566179275513e-02
5.450164675712585449e-01
3.077161610126495361e-01
-4.128797650337219238e-01
-5.184105634689331055e-01
-5.414135456085205078e-01
-2.746675610542297363e-01
4.965821802616119385e-01
-7.321607321500778198e-02
6.022253036499023438e-01
6.070080026984214783e-02
4.674122035503387451e-01
-1.168404817581176758e-01
3.294577300548553467e-01
-8.138517141342163086e-01
-5.014165043830871582e-01
-1.559337377548217773e-01
3.352637588977813721e-01
-4.435018599033355713e-01
6.283733248710632324e-01
-5.542715191841125488e-01
5.558736920356750488e-01
1.258073210716247559e+00
-8.134738206863403320e-01
8.842087388038635254e-01
5.150406062602996826e-02
-9.472844004631042480e-02
2.533446550369262695e-01
-4.939499199390411377e-01
-3.179101273417472839e-03
6.291321516036987305e-01
-2.813307940959930420e-01
-2.660887241363525391e-01
6.214656829833984375e-01
1.046015322208404541e-01
-4.032821655273437500e-01
-4.304211437702178955e-01
-6.628803610801696777e-01
-6.460073590278625488e-01
-6.057894825935363770e-01
5.157262682914733887e-01
-9.125167131423950195e-02
2.312704473733901978e-01
-2.302041202783584595e-01
5.003661382943391800e-03
-1.682515144348144531e-01
4.728433787822723389e-01
-2.645495831966400146e-01
-3.951570689678192139e-01
-6.646335721015930176e-01
-9.282681345939636230e-02
4.840699732303619385e-01
-1.760112643241882324e-01
3.474059998989105225e-01
-2.098970860242843628e-01
4.751385748386383057e-01
4.502653181552886963e-01
2.734343707561492920e-01
-3.471779078245162964e-02
-2.725495100021362305e-01
-2.590258419513702393e-01
9.522737562656402588e-02
-3.599202036857604980e-01
-5.624077916145324707e-01
-4.439139664173126221e-01
-1.168605461716651917e-01
4.915501475334167480e-01
-4.384528696537017822e-01
5.055938363075256348e-01
-1.186984106898307800e-01
3.991377055644989014e-01
-4.610089361667633057e-01
-2.673014998435974121e-01
2.815863192081451416e-01
3.144227340817451477e-02
-9.635095298290252686e-02
-5.118405222892761230e-01
5.550861358642578125e-01
1.301878690719604492e-01
2.202992327511310577e-02
-4.112480580806732178e-01
1.022515371441841125e-01
-3.189807236194610596e-01
4.484011232852935791e-01
-4.299539700150489807e-02
4.429181516170501709e-01
4.178985953330993652e-03
-3.910799324512481689e-02
-3.199022710323333740e-01
-8.251978754997253418e-01
3.209076523780822754e-01
-2.537072598934173584e-01
-7.031561732292175293e-01
5.020544528961181641e-01
2.271844446659088135e-01
1.392472982406616211e+00
7.125501632690429688e-01
4.121984541416168213e-01
-1.230363249778747559e+00
1.351798534393310547e+00
-6.333309412002563477e-02
2.873305790126323700e-02
1.588520854711532593e-01
6.697208285331726074e-01
2.883245050907135010e-01
7.552808523178100586e-02
1.064015328884124756e-01
-9.247922897338867188e-01
-9.504459500312805176e-01
-2.094920724630355835e-02
-4.353933408856391907e-02
2.761176228523254395e-01
2.780718356370925903e-02
-1.342875957489013672e-01
5.440187454223632812e-01
-9.654825180768966675e-02
-7.904439568519592285e-01
-1.510024785995483398e+00
-1.482296228408813477e+00
6.201180219650268555e-01
1.080159902572631836e+00
4.043867588043212891e-01
-4.105183184146881104e-01
5.668499469757080078e-01
-6.108306646347045898e-01
4.012994095683097839e-02
-1.142860651016235352e+00
4.163497313857078552e-02
7.706615924835205078e-01
8.927969336509704590e-01
-1.834693849086761475e-01
2.727716863155364990e-01
-1.886530220508575439e-01
7.115722298622131348e-01
-4.486460387706756592e-01
-1.788858138024806976e-02
-1.293066859245300293e+00
-3.159041702747344971e-01
-1.744408756494522095e-01
7.622467279434204102e-01
-1.521100550889968872e-01
4.814293086528778076e-01
-2.758447527885437012e-01
1.748957931995391846e-01
-4.924375116825103760e-01
-9.860369563102722168e-01
-1.759721875190734863e+00
1.662986993789672852e+00
-3.922878503799438477e-01
6.386104822158813477e-01
-2.160197049379348755e-01
6.828826069831848145e-01
-3.862522244453430176e-01
-1.377844512462615967e-01
-1.449901103973388672e+00
-1.367949128150939941e+00
8.620914220809936523e-01
-1.377179771661758423e-01
7.336404174566268921e-02
-1.193705722689628601e-01
-2.283423840999603271e-01
-7.728260755538940430e-01
-8.724706172943115234e-01
-2.980405390262603760e-01
-1.046935319900512695e+00
3.903312683105468750e-01
-2.219858020544052124e-01
4.632744491100311279e-01
-1.657182574272155762e-01
4.107511639595031738e-01
2.518938481807708740e-01
2.896637320518493652e-01
-3.450076282024383545e-01
-5.897980332374572754e-01
-2.225055932998657227e+00
-5.066694617271423340e-01
5.226065516471862793e-01
-1.643384248018264771e-01
-2.144903987646102905e-01
-1.693667471408843994e-01
6.291003227233886719e-01
-2.965305559337139130e-02
-2.030908763408660889e-01
-1.146635055541992188e+00
4.190949499607086182e-01
9.431947469711303711e-01
7.706642150878906250e-01
-4.950081184506416321e-02
4.724455177783966064e-01
6.114330608397722244e-03
2.113174051046371460e-01
3.100626170635223389e-01
-1.064963459968566895e+00
5.667664408683776855e-01
2.006601691246032715e-01
-4.959432482719421387e-01
2.984195947647094727e-01
-6.404269337654113770e-01
-1.798561811447143555e-01
-3.251092433929443359e-01
4.708105698227882385e-02
7.096988558769226074e-01
1.264537870883941650e-01
5.170597434043884277e-01
-5.599620938301086426e-01
-5.682292580604553223e-01
-2.766166925430297852e-01
-1.380535960197448730e-01
6.395286321640014648e-02
5.841289162635803223e-01
-3.510181978344917297e-02
2.585743963718414307e-01
3.484958410263061523e-01
4.682815670967102051e-01
-7.220863699913024902e-01
-4.780829250812530518e-01
4.506649971008300781e-01
-4.401570558547973633e-01
-6.361656188964843750e-01
-1.788298040628433228e-01
-2.017427384853363037e-01
-1.104501187801361084e-01
-5.344586372375488281e-01
-1.000127077102661133e+00
-4.976222217082977295e-01
1.299850344657897949e+00
-4.248110651969909668e-01
3.045702576637268066e-01
-3.063565194606781006e-01
9.148482978343963623e-02
1.715226173400878906e-01
6.639221906661987305e-01
-6.836744546890258789e-01
-6.803395152091979980e-01
-7.564404606819152832e-02
4.424470663070678711e-01
-1.465603411197662354e-01
4.538714587688446045e-01
-3.865866661071777344e-01
-2.937748432159423828e-01
-4.503798484802246094e-01
-2.990441918373107910e-01
-8.717336505651473999e-02
3.230511769652366638e-02
1.213408857583999634e-01
2.955110073089599609e-01
4.026420414447784424e-01
5.993958711624145508e-01
-1.654453128576278687e-01
-5.002928897738456726e-02
-4.095189273357391357e-01
1.850500255823135376e-01
-2.642115950584411621e-01
3.587716221809387207e-01
-5.418171286582946777e-01
-6.561967730522155762e-02
1.372346997261047363e+00
-1.023378968238830566e+00
-6.848902702331542969e-01
-3.531943559646606445e-01
-2.929306328296661377e-01
1.106208786368370056e-01
-1.003897309303283691e+00
-1.493836641311645508e-01
3.659296929836273193e-01
9.226106405258178711e-01
6.417970061302185059e-01
6.631972193717956543e-01
1.740280240774154663e-01
5.365098118782043457e-01
1.039811410009860992e-02
-1.028089523315429688e+00
-9.875387549400329590e-01
2.024300098419189453e-01
6.093153357505798340e-01
-8.733522891998291016e-02
3.938382118940353394e-02
2.373712062835693359e-01
7.398626804351806641e-01
-1.844423357397317886e-03
-7.723438143730163574e-01
-8.369455337524414062e-01
6.720792055130004883e-01
-2.564769685268402100e-01
8.354546129703521729e-02
-3.136127293109893799e-01
-1.959040015935897827e-01
-2.003737092018127441e-01
1.567937731742858887e-01
-1.040597036480903625e-01
6.036288142204284668e-01
5.262076258659362793e-01
-6.850535515695810318e-03
3.706342875957489014e-01
2.201367616653442383e-01
4.398996233940124512e-01
3.402448892593383789e-01
4.450380206108093262e-01
6.499038934707641602e-01
4.731106460094451904e-01
3.724827468395233154e-01
-3.071377873420715332e-01
4.079941213130950928e-01
-1.245510429143905640e-01
1.263495534658432007e-01
-6.390491724014282227e-01
-5.583081841468811035e-01
-4.942132830619812012e-01
-2.005729824304580688e-01
-4.543072283267974854e-01
-7.703703641891479492e-02
1.783870160579681396e-01
4.870775341987609863e-01
-9.576342701911926270e-01
7.225935906171798706e-02
-1.447924673557281494e-01
-4.121867939829826355e-02
-1.126303076744079590e+00
-3.798314929008483887e-01
-1.008823439478874207e-01
1.043533906340599060e-01
-3.455758094787597656e-01
-2.929663471877574921e-02
4.163174033164978027e-01
7.298116683959960938e-01
-8.227918148040771484e-01
-2.600930929183959961e-01
5.126985311508178711e-01
4.178186655044555664e-01
-2.565201818943023682e-01
-6.999677419662475586e-01
-6.696220040321350098e-01
1.373788118362426758e-01
1.035758405923843384e-01
-2.216277830302715302e-02
-9.904347658157348633e-01
3.812342286109924316e-01
3.865537941455841064e-01
8.468911647796630859e-01
9.652785062789916992e-01
3.046627044677734375e-01
-5.076137185096740723e-01
-1.592884957790374756e-01
-8.381944298744201660e-01
1.175806760787963867e+00
-5.979598760604858398e-01
-3.283670842647552490e-01
-5.013148188591003418e-01
9.184661507606506348e-01
-4.129544794559478760e-01
-1.517470031976699829e-01
-6.534504294395446777e-01
-4.710696637630462646e-01
-6.583284139633178711e-01
-2.166679129004478455e-02
1.254493832588195801e+00
1.484743207693099976e-01
4.932844042778015137e-01
-6.101460382342338562e-02
2.007371634244918823e-01
-5.825725197792053223e-02
4.472194239497184753e-02
-8.094007968902587891e-01
-5.370858311653137207e-01
-1.240911960601806641e+00
-4.207559823989868164e-01
5.539312958717346191e-01
-8.616437762975692749e-02
4.404017031192779541e-01
2.595158815383911133e-01
4.248661398887634277e-01
2.446528822183609009e-01
-2.696685492992401123e-01
5.389860868453979492e-01
-1.113739848136901855e+00
4.226121902465820312e-01
-1.621825248003005981e-01
-1.685837954282760620e-01
-2.968560755252838135e-01
-2.313040345907211304e-01
1.258434355258941650e-01
1.053329631686210632e-01
-1.757373511791229248e-01
-8.315660953521728516e-01
-9.082436561584472656e-02
5.997059345245361328e-01
-1.454753708094358444e-02
7.894362211227416992e-01
-1.384677886962890625e-01
-4.512101709842681885e-01
-1.731150150299072266e-01
-2.236760854721069336e-01
5.373164415359497070e-01
-5.798311829566955566e-01
4.519132375717163086e-01
-7.779660820960998535e-01
6.314060091972351074e-01
5.513482689857482910e-01
2.386676669120788574e-01
-2.516874670982360840e-01
1.616925299167633057e-01
-7.856308221817016602e-01
-7.527678459882736206e-02
5.794228985905647278e-02
-2.014375478029251099e-01
-3.510029017925262451e-01
-8.845452070236206055e-01
-2.992572486400604248e-01
-5.396628379821777344e-01
-2.169879674911499023e-01
-4.134773910045623779e-01
5.626337602734565735e-02
1.827640980482101440e-01
1.660517752170562744e-01
-2.859949320554733276e-02
4.479903876781463623e-01
-8.017241209745407104e-02
3.536449670791625977e-01
3.249529600143432617e-01
4.052170738577842712e-02
1.162400722503662109e+00
6.152690649032592773e-01
3.786970674991607666e-01
-8.395581245422363281e-01
7.126736640930175781e-01
1.252092421054840088e-01
-2.265613079071044922e-01
1.646286845207214355e-01
