3.026928305625915527e-01
6.555524468421936035e-01
1.263060420751571655e-01
2.143782675266265869e-01
8.882572650909423828e-01
2.750160694122314453e-01
-3.843323886394500732e-01
3.727601766586303711e-01
-1.043624728918075562e-01
-5.468072295188903809e-01
-8.698511123657226562e-01
-3.693152666091918945e-01
4.886076450347900391e-01
1.494418501853942871e+00
1.237647533416748047e+00
-7.854750752449035645e-01
-1.176985263824462891e+00
-1.180753469467163086e+00
-1.529376268386840820e+00
-1.068951964378356934e+00
6.669487953186035156e-01
4.422608911991119385e-01
5.575758814811706543e-01
1.365574449300765991e-01
5.209695696830749512e-01
4.842707514762878418e-01
7.685431241989135742e-01
7.845873236656188965e-01
1.915533393621444702e-01
6.813581585884094238e-01
4.403498470783233643e-01
4.781285300850868225e-02
9.553392529487609863e-01
7.197040319442749023e-01
-2.642310261726379395e-01
5.590308308601379395e-01
-1.425673365592956543e-01
-3.211559355258941650e-01
1.845111325383186340e-02
2.381038218736648560e-01
6.532368063926696777e-01
2.868517637252807617e-01
-1.827130019664764404e-01
3.398551046848297119e-01
-5.967029333114624023e-01
-3.252594769001007080e-01
2.616451084613800049e-01
1.986796706914901733e-01
-9.221833944320678711e-01
2.894037961959838867e-01
9.741562604904174805e-02
-9.608852267265319824e-01
1.262390732765197754e+00
2.269581705331802368e-02
-5.089204907417297363e-01
-1.177772641181945801e+00
5.478231906890869141e-01
9.104108810424804688e-02
-4.332551956176757812e-01
-2.202159613370895386e-01
-4.200992584228515625e-01
-1.116824388504028320e+00
-5.138058662414550781e-01
3.169912099838256836e-01
1.444214303046464920e-02
7.779695838689804077e-02
7.976227402687072754e-01
1.190355896949768066e+00
7.153584361076354980e-01
2.988426983356475830e-01
3.776521086692810059e-01
7.769354581832885742e-01
-2.326852232217788696e-01
5.705532431602478027e-01
7.068958878517150879e-01
1.273256838321685791e-01
-3.303398489952087402e-01
-1.986087709665298462e-01
-1.651232242584228516e-01
-3.656700849533081055e-01
-1.344839036464691162e-01
-6.951934695243835449e-01
-4.793979823589324951e-01
-4.839257001876831055e-01
-3.133668601512908936e-01
1.004884093999862671e-01
1.831049799919128418e+00
1.426864504814147949e+00
1.512858867645263672e+00
2.923783957958221436e-01
5.449192970991134644e-02
1.531249046325683594e+00
-8.165755867958068848e-01
-3.000598251819610596e-01
-1.096688628196716309e+00
-9.577645063400268555e-01
6.079438328742980957e-02
-1.350934803485870361e-01
-9.446452260017395020e-01
3.254745602607727051e-01
5.390004515647888184e-01
-2.796547487378120422e-02
2.362083643674850464e-01
1.874457858502864838e-02
-2.619154155254364014e-01
2.683492302894592285e-01
7.036953568458557129e-01
-4.433700442314147949e-02
3.529536351561546326e-02
1.325905025005340576e-01
-3.415192663669586182e-01
3.991798497736454010e-03
2.958551943302154541e-01
-1.247891187667846680e-01
-3.021452724933624268e-01
-3.963315486907958984e-01
-2.045279890298843384e-01
4.555833935737609863e-01
-6.852887570858001709e-02
-3.825123906135559082e-01
2.570124343037605286e-02
6.656953692436218262e-01
1.362965703010559082e-01
-1.094192981719970703e+00
7.334858775138854980e-01
-2.343088537454605103e-01
-6.840071678161621094e-01
4.854240715503692627e-01
-4.185594990849494934e-02
3.223149776458740234e-01
3.114103376865386963e-01
3.022365272045135498e-01
5.098959207534790039e-01
-4.084189534187316895e-01
9.378766268491744995e-02
1.964316219091415405e-01
3.902620375156402588e-01
4.820074439048767090e-01
1.678220748901367188e+00
3.175208568572998047e-01
2.758668959140777588e-01
-1.816800534725189209e-01
-1.366912275552749634e-01
-6.722433567047119141e-01
-1.228306055068969727e+00
5.328927934169769287e-02
-1.678243279457092285e-01
7.519762516021728516e-01
-8.404432535171508789e-01
7.365059256553649902e-01
3.273465037345886230e-01
-4.588280618190765381e-01
1.268586516380310059e-01
-4.323025699704885483e-03
-8.815898746252059937e-02
-1.042334642261266708e-02
-2.467593103647232056e-01
-1.099742576479911804e-01
2.857321314513683319e-02
6.341335177421569824e-02
3.233699798583984375e-01
2.953985333442687988e-01
-3.296158313751220703e-01
-3.764922022819519043e-01
-7.664871215820312500e-01
-4.212618768215179443e-01
-1.383741647005081177e-01
3.650740981101989746e-01
6.112534403800964355e-01
7.918643951416015625e-01
5.755637884140014648e-01
2.564308047294616699e-01
2.679511904716491699e-01
4.584812223911285400e-01
-1.697365880012512207e+00
-3.618554174900054932e-01
-9.694357961416244507e-02
-9.194246530532836914e-01
2.820912599563598633e+00
9.370273351669311523e-01
-9.375270605087280273e-01
-1.036056160926818848e+00
-1.436344832181930542e-01
-1.832785248756408691e+00
8.523990511894226074e-01
7.588860392570495605e-01
4.263854026794433594e-01
4.247334897518157959e-01
2.756673470139503479e-02
-8.837296962738037109e-01
1.265740156173706055e+00
-6.961572766304016113e-01
2.503595650196075439e-01
7.590992003679275513e-02
-2.151434570550918579e-01
-1.436798274517059326e-01
-1.665223985910415649e-01
-3.415390551090240479e-01
-1.523236036300659180e-01
-3.987043797969818115e-01
-5.550839900970458984e-01
3.719294071197509766e-02
3.278883993625640869e-01
4.415660202503204346e-01
9.046703577041625977e-01
1.445624232292175293e-01
-4.581338167190551758e-01
-1.772032380104064941e-01
-1.176729574799537659e-01
1.340244114398956299e-01
5.351226925849914551e-01
8.184831738471984863e-01
1.573976129293441772e-01
-1.026132628321647644e-01
1.842945963144302368e-01
-6.115255877375602722e-03
-6.986310482025146484e-01
8.245239406824111938e-02
2.253346741199493408e-01
4.462494552135467529e-01
3.832457065582275391e-01
5.436767339706420898e-01
5.008558630943298340e-01
4.949310421943664551e-01
-4.140181243419647217e-01
6.198355555534362793e-01
1.688196510076522827e-01
-2.645311057567596436e-01
-6.063434481620788574e-01
1.708041131496429443e-01
1.002579107880592346e-01
-3.296176195144653320e-01
3.277495503425598145e-01
-3.012194763869047165e-03
-3.159032166004180908e-01
-2.276870794594287872e-02
4.462703764438629150e-01
-3.687409311532974243e-02
-6.659768223762512207e-01
-1.134426221251487732e-01
-4.814650416374206543e-01
-2.742518903687596321e-03
-2.977744489908218384e-02
1.170206144452095032e-01
5.802595019340515137e-01
3.835673034191131592e-01
7.949296236038208008e-01
2.822206974029541016e+00
2.956348955631256104e-01
-1.342678070068359375e-01
-2.099890708923339844e+00
1.436505913734436035e-01
-6.165846586227416992e-01
1.959107220172882080e-01
1.033429384231567383e+00
6.447885036468505859e-01
-2.102879993617534637e-02
1.036629438400268555e+00
1.817954629659652710e-01
2.650977969169616699e-01
3.306033909320831299e-01
4.940055310726165771e-01
2.221103161573410034e-01
7.632060050964355469e-01
4.785341024398803711e-01
-2.897224128246307373e-01
8.796359896659851074e-01
5.174130946397781372e-02
3.134514987468719482e-01
3.064827024936676025e-01
1.149940192699432373e-01
-1.565760523080825806e-01
3.997203707695007324e-02
-3.456661105155944824e-01
-3.187632188200950623e-02
-8.920248597860336304e-02
-1.081827953457832336e-01
-9.726858735084533691e-01
4.105284810066223145e-01
-7.363624572753906250e-01
-6.073123812675476074e-01
-4.621450901031494141e-01
-2.934692502021789551e-01
-3.281670510768890381e-01
-2.523347139358520508e-01
6.002264469861984253e-02
-4.680030345916748047e-01
-3.924692273139953613e-01
-4.633668065071105957e-01
3.952635824680328369e-01
5.060593485832214355e-01
5.061086416244506836e-01
6.627820134162902832e-01
8.407918214797973633e-01
2.252520769834518433e-01
3.828221559524536133e-01
4.324005544185638428e-01
5.286354422569274902e-01
2.722220122814178467e-01
3.711424469947814941e-01
-1.416479051113128662e-01
-4.588598310947418213e-01
6.452825069427490234e-01
-1.248092576861381531e-01
-1.922619789838790894e-01
-2.292205840349197388e-01
-3.497475087642669678e-01
-3.224208652973175049e-01
-3.877132833003997803e-01
-1.127100363373756409e-01
-8.713830113410949707e-01
-6.504347920417785645e-02
9.992747008800506592e-02
-2.748863399028778076e-01
7.463470101356506348e-01
1.147971987724304199e+00
6.602129340171813965e-01
9.593477249145507812e-01
4.632781147956848145e-01
1.142532825469970703e+00
-3.155177831649780273e-01
2.975848615169525146e-01
-8.742271065711975098e-01
5.403866171836853027e-01
-6.734805107116699219e-01
-6.570597738027572632e-02
2.351234406232833862e-01
2.402293086051940918e-01
1.757148951292037964e-01
1.583068072795867920e-01
-7.863731682300567627e-02
-1.696158051490783691e-01
-1.157035946846008301e+00
1.928115338087081909e-01
-1.804770231246948242e+00
2.854588031768798828e-01
5.122002363204956055e-01
-1.815976500511169434e-01
3.923432528972625732e-02
1.035133600234985352e+00
4.232639446854591370e-02
3.580007851123809814e-01
4.115002453327178955e-01
1.993170976638793945e-01
-4.337080419063568115e-01
9.788730740547180176e-02
7.171172499656677246e-01
4.873452186584472656e-01
7.237322926521301270e-01
3.889631927013397217e-01
3.635471314191818237e-02
7.984017953276634216e-03
9.765996336936950684e-01
1.093104839324951172e+00
3.400290310382843018e-01
-5.476456880569458008e-01
-6.612021327018737793e-01
-9.575112909078598022e-02
-1.364496946334838867e+00
-3.497636318206787109e-01
-6.179287433624267578e-01
-1.273991346359252930e+00
-4.914153218269348145e-01
-1.693537831306457520e-01
3.118287622928619385e-01
-9.856647253036499023e-02
9.033017754554748535e-01
-1.719289273023605347e-01
3.893674314022064209e-01
9.975153207778930664e-01
8.347237110137939453e-01
7.279606461524963379e-01
2.900010645389556885e-01
-4.596202075481414795e-01
-6.201182007789611816e-01
-8.451484441757202148e-01
-7.405375242233276367e-01
-5.334110260009765625e-01
1.213287338614463806e-01
-5.979480147361755371e-01
4.389688968658447266e-01
-1.898685842752456665e-01
2.791153788566589355e-01
5.250452756881713867e-01
-7.911590486764907837e-02
4.180498719215393066e-01
-1.416721791028976440e-01
-4.560207724571228027e-01
9.156050086021423340e-01
-1.382828950881958008e-01
1.753802597522735596e-01
6.578930616378784180e-01
5.625565648078918457e-01
-4.699299633502960205e-01
-7.962372899055480957e-01
3.633793294429779053e-01
-4.004404693841934204e-02
-5.946907401084899902e-01
2.164354771375656128e-01
1.842612028121948242e-01
-7.867847681045532227e-01
7.234029769897460938e-01
2.054485678672790527e-01
1.134967088699340820e+00
5.350707769393920898e-01
-9.434470534324645996e-01
1.746531724929809570e-01
-6.496682018041610718e-02
-4.801609218120574951e-01
2.216108441352844238e-01
5.112091898918151855e-01
-6.916860491037368774e-02
4.977535009384155273e-01
1.155601441860198975e-01
-2.137570232152938843e-01
1.783629059791564941e-01
2.037712782621383667e-01
6.398648619651794434e-01
6.272975206375122070e-01
7.797529697418212891e-01
1.413874924182891846e-01
3.748911619186401367e-01
3.751971125602722168e-01
-1.251241445541381836e+00
-1.142493486404418945e-01
-3.823817670345306396e-01
-2.685478031635284424e-01
-5.984618663787841797e-01
-1.176432371139526367e+00
6.034834980964660645e-01
-4.356862604618072510e-02
-6.741567701101303101e-02
3.537003695964813232e-01
7.309404015541076660e-01
1.448181867599487305e-01
5.398402810096740723e-01
8.865940570831298828e-01
3.273668140172958374e-02
1.303382962942123413e-01
-5.928473472595214844e-01
-2.102432548999786377e-01
2.649408280849456787e-01
-1.163347601890563965e+00
9.123189449310302734e-01
-6.668445467948913574e-02
6.370443701744079590e-01
3.921140134334564209e-01
1.276874542236328125e-01
-3.018026351928710938e-01
-3.704279363155364990e-01
-4.933965206146240234e-01
-5.917374491691589355e-01
1.041392385959625244e-01
3.930896222591400146e-01
2.957783825695514679e-02
9.911326318979263306e-02
5.073482394218444824e-01
8.901348710060119629e-01
-3.142443299293518066e-01
-1.178806275129318237e-01
5.619102716445922852e-01
-1.871059089899063110e-01
9.315697550773620605e-01
5.636041164398193359e-01
6.124654412269592285e-01
-4.039803743362426758e-01
-3.418160676956176758e-01
3.125618398189544678e-01
-4.608531296253204346e-01
2.899270057678222656e-01
-1.677228659391403198e-01
-4.049478471279144287e-01
-7.813188433647155762e-01
-2.551771700382232666e-01
9.278175979852676392e-02
-9.395722746849060059e-01
1.501992464065551758e+00
4.125009849667549133e-02
-3.980710357427597046e-02
-9.139119833707809448e-02
1.165745481848716736e-01
-8.263662457466125488e-01
9.963491559028625488e-01
-3.312085270881652832e-01
1.902752555906772614e-02
-1.011793315410614014e-01
2.858829498291015625e-01
-1.722750812768936157e-01
-8.621843159198760986e-02
-7.183526456356048584e-02
-5.513206720352172852e-01
4.309998154640197754e-01
6.551257520914077759e-02
4.524694979190826416e-01
1.109185889363288879e-01
-1.428210735321044922e-01
3.054049015045166016e-01
5.030230283737182617e-01
6.332100629806518555e-01
4.837613999843597412e-01
-2.894704788923263550e-02
2.855553627014160156e-01
1.576298028230667114e-01
-3.033564090728759766e-01
1.581862717866897583e-01
9.750253707170486450e-02
-2.683609426021575928e-01
-4.784785211086273193e-01
-2.806183099746704102e-01
2.750344872474670410e-01
-6.397213786840438843e-02
-4.373233616352081299e-01
-8.229989409446716309e-01
