7.839785814285278320e-01
-5.728570222854614258e-01
5.658768117427825928e-02
6.792615354061126709e-02
-2.147123664617538452e-01
4.317604601383209229e-01
-1.112860560417175293e+00
1.404937505722045898e+00
1.522630751132965088e-01
9.515390992164611816e-01
2.954404056072235107e-01
-4.273729622364044189e-01
-5.507652163505554199e-01
-1.361390352249145508e+00
-8.593786358833312988e-01
-4.729562699794769287e-01
-3.333040773868560791e-01
-1.392549723386764526e-01
-2.197964787483215332e-01
-2.185704559087753296e-01
-1.786277741193771362e-01
-2.016076147556304932e-01
-3.561280667781829834e-01
-3.357494771480560303e-01
1.089651808142662048e-01
3.207945823669433594e-01
1.607615828514099121e+00
1.907951384782791138e-01
-2.629694156348705292e-02
-6.374782919883728027e-01
2.059351503849029541e-01
1.823530048131942749e-01
1.108073592185974121e-01
-3.634752929210662842e-01
6.862388849258422852e-01
-1.056574821472167969e+00
2.627186477184295654e-01
-4.158514440059661865e-01
-4.280944168567657471e-02
2.924750745296478271e-01
-8.651821613311767578e-01
9.448775053024291992e-01
6.859750747680664062e-01
5.771324038505554199e-02
5.701612830162048340e-01
-7.197545170783996582e-01
-1.102202892303466797e+00
-1.386101961135864258e+00
-1.077013015747070312e-01
-3.710871040821075439e-01
8.867846727371215820e-01
-3.676114082336425781e-01
-6.578251719474792480e-01
-6.226130202412605286e-02
-4.577821493148803711e-01
8.577936291694641113e-01
-3.424994647502899170e-01
1.449831109493970871e-02
1.618040651082992554e-01
5.554279312491416931e-03
2.888501286506652832e-01
4.596155881881713867e-01
6.259623169898986816e-01
8.741589635610580444e-02
6.810631603002548218e-02
2.211591750383377075e-01
9.896998107433319092e-02
-1.883071064949035645e-01
4.940997362136840820e-01
-7.728536128997802734e-01
-7.860745787620544434e-01
-4.754946231842041016e-01
3.260772228240966797e-01
1.442400813102722168e-01
-7.410216927528381348e-01
-7.543272376060485840e-01
-6.336053013801574707e-01
6.491221189498901367e-01
3.816685974597930908e-01
9.362998008728027344e-01
-7.043561339378356934e-02
-4.066184759140014648e-01
3.418334424495697021e-01
-5.896783471107482910e-01
-7.678830623626708984e-01
-2.716560661792755127e-01
-7.127494812011718750e-01
1.232334375381469727e-01
-4.202160835266113281e-01
-7.036984562873840332e-01
-4.964468479156494141e-01
-5.405536293983459473e-01
7.755859196186065674e-02
-2.896735630929470062e-02
6.274676322937011719e-01
1.426930069923400879e+00
5.476086139678955078e-01
2.720630168914794922e-01
2.117825746536254883e-01
3.598300814628601074e-01
-2.539572417736053467e-01
-4.207413494586944580e-01
8.373706340789794922e-01
4.387178458273410797e-03
2.301518172025680542e-01
-1.140774250030517578e+00
9.663180708885192871e-01
9.106795191764831543e-01
9.795586466789245605e-01
-5.176671221852302551e-02
-6.134790182113647461e-01
-6.706773042678833008e-01
-1.548522353172302246e+00
-6.290952563285827637e-01
-5.582537651062011719e-01
-5.690706893801689148e-02
-2.558240294456481934e-01
-6.327259540557861328e-01
-4.695242345333099365e-01
4.914950728416442871e-01
-1.712714433670043945e-01
-7.594306021928787231e-02
-1.850595027208328247e-01
3.242650330066680908e-01
1.283031255006790161e-01
-1.241253688931465149e-02
7.278643548488616943e-02
6.091211438179016113e-01
1.962401270866394043e-01
9.841571450233459473e-01
-5.650815367698669434e-01
-7.913129925727844238e-01
1.425902694463729858e-01
2.030697911977767944e-01
9.169775247573852539e-01
-3.371609151363372803e-01
-6.367383003234863281e-01
-1.255945801734924316e+00
5.786291956901550293e-01
6.361726671457290649e-02
5.907443761825561523e-01
-6.366055458784103394e-02
5.532843470573425293e-01
5.446569323539733887e-01
-3.673921227455139160e-01
-6.735061407089233398e-01
-1.721600070595741272e-02
-1.285745799541473389e-01
-1.698839783668518066e+00
1.689366579055786133e+00
4.345324337482452393e-01
-2.653342485427856445e-01
-8.047466278076171875e-01
-5.852389335632324219e-01
-1.563084423542022705e-01
-8.868763446807861328e-01
-6.630269885063171387e-01
-3.599402904510498047e-01
-3.701181411743164062e-01
3.530034422874450684e-01
9.113500118255615234e-01
-5.149482488632202148e-01
5.213272571563720703e-01
1.852225542068481445e+00
7.576494812965393066e-01
1.243420958518981934e+00
3.467243015766143799e-01
-5.934841036796569824e-01
2.932734787464141846e-02
-9.149943292140960693e-02
-1.296938806772232056e-01
-9.887427836656570435e-02
-2.879377603530883789e-01
7.050257176160812378e-03
-2.542217969894409180e-01
4.461766481399536133e-01
3.489588797092437744e-01
-5.652190744876861572e-02
-9.181876778602600098e-01
-2.913456559181213379e-01
-6.688023209571838379e-01
-2.635138630867004395e-01
2.887984216213226318e-01
1.665286421775817871e-01
4.733184576034545898e-01
-2.207352072000503540e-01
-1.129046916961669922e+00
1.738422393798828125e+00
6.746308207511901855e-01
6.467395424842834473e-01
3.412296772003173828e-01
1.706302314996719360e-01
-6.208966374397277832e-01
-9.070542454719543457e-01
-4.511887431144714355e-01
-1.087328791618347168e+00
-6.976701021194458008e-01
-8.087796568870544434e-01
3.083100542426109314e-02
-3.589130342006683350e-01
7.157974243164062500e-01
4.538790583610534668e-01
6.114507913589477539e-01
4.710914194583892822e-01
2.729319036006927490e-01
8.776871562004089355e-01
3.266604244709014893e-01
1.182950437068939209e-01
2.590447477996349335e-02
-4.611238539218902588e-01
3.769888877868652344e-01
-3.185633718967437744e-01
-6.176103949546813965e-01
-1.626348048448562622e-01
-3.125015646219253540e-02
-1.860357671976089478e-01
-6.236360073089599609e-01
-4.048673808574676514e-01
3.307468593120574951e-01
7.337780594825744629e-01
-1.693394482135772705e-01
4.693721234798431396e-01
-4.278684258460998535e-01
-7.874227166175842285e-01
-9.842795729637145996e-01
-1.583088994026184082e+00
4.384905397891998291e-01
-3.665772825479507446e-02
-3.241731319576501846e-03
8.223911281675100327e-04
-3.603158593177795410e-01
-1.296119689941406250e-01
-6.983694434165954590e-01
7.025804519653320312e-01
-1.310326695442199707e+00
9.424899220466613770e-01
-7.062857598066329956e-02
1.778735876083374023e+00
1.065352201461791992e+00
4.610641002655029297e-01
2.267266809940338135e-01
-2.610247433185577393e-01
1.642623543739318848e-01
-9.401878118515014648e-01
2.563789784908294678e-01
-1.671938538551330566e+00
-4.983911216259002686e-01
-1.632956862449645996e-01
1.841246150434017181e-02
2.546700835227966309e-01
-2.082106173038482666e-01
-1.403597090393304825e-02
-8.541222810745239258e-01
-5.316892266273498535e-01
-9.981647729873657227e-01
-1.166891813278198242e+00
-1.389180898666381836e+00
-8.070991039276123047e-01
-4.494851455092430115e-02
-3.567629158496856689e-01
7.378998398780822754e-02
-1.419387906789779663e-01
1.524739563465118408e-01
2.609287798404693604e-01
8.639010787010192871e-01
1.071023661643266678e-02
3.815078139305114746e-01
-4.056052565574645996e-01
2.597329616546630859e-01
-5.398953557014465332e-01
-7.911617159843444824e-01
-8.639549016952514648e-01
-1.131630539894104004e+00
1.463727831840515137e+00
3.663537204265594482e-01
4.177763462066650391e-01
6.531895995140075684e-01
1.660943217575550079e-02
2.607278227806091309e-01
5.651640295982360840e-01
6.225461363792419434e-01
2.060482800006866455e-01
8.414675593376159668e-01
-7.356716990470886230e-01
1.620406657457351685e-01
-4.376575946807861328e-01
-1.430896669626235962e-01
-7.006731033325195312e-01
-1.331123989075422287e-03
-6.439205408096313477e-01
-8.854182362556457520e-01
-9.021602869033813477e-01
-8.963317275047302246e-01
-5.521606206893920898e-01
-2.631782591342926025e-01
9.038414955139160156e-01
-5.150605440139770508e-01
5.075830221176147461e-01
7.465436458587646484e-01
8.236026018857955933e-02
2.692027091979980469e-01
4.437595605850219727e-01
-5.963660478591918945e-01
-4.636721014976501465e-01
1.247635036706924438e-01
-4.613583683967590332e-01
-6.442797780036926270e-01
3.642154335975646973e-01
-7.453960180282592773e-02
4.016310572624206543e-01
-8.999931067228317261e-02
2.504993677139282227e-01
-1.571162194013595581e-01
-2.983422577381134033e-01
6.147504448890686035e-01
5.856565386056900024e-02
6.899858117103576660e-01
-6.861824989318847656e-01
-1.476105809211730957e+00
-1.082206249237060547e+00
5.359905213117599487e-02
-1.196673512458801270e-01
3.000032007694244385e-01
2.599751055240631104e-01
-7.033920884132385254e-01
-3.914664387702941895e-01
-1.111609101295471191e+00
-1.410905458033084869e-02
7.929599285125732422e-01
5.012019872665405273e-01
9.993466138839721680e-01
-2.902318835258483887e-01
8.969205617904663086e-01
-1.069050803780555725e-01
-3.718138113617897034e-02
-5.052291154861450195e-01
-8.253776431083679199e-01
-6.103443503379821777e-01
3.919465094804763794e-02
-3.055568337440490723e-01
-4.965422153472900391e-01
-2.169039286673069000e-02
-3.152936697006225586e-01
-3.993554413318634033e-01
3.784012421965599060e-02
-1.647642612457275391e+00
1.723969914019107819e-02
7.380803823471069336e-01
7.360889911651611328e-01
8.932676315307617188e-01
8.212424516677856445e-01
5.609693527221679688e-01
7.996647953987121582e-01
-1.886485517024993896e-01
-4.848713800311088562e-02
-2.440068572759628296e-01
-1.954675167798995972e-01
-3.374647498130798340e-01
2.670797519385814667e-02
5.520749092102050781e-01
-8.462738990783691406e-01
-5.634338259696960449e-01
3.793104290962219238e-01
-1.209170073270797729e-01
-3.958806693553924561e-01
7.494389414787292480e-01
-4.707965254783630371e-01
-2.324935197830200195e-01
2.257229536771774292e-01
-6.892610192298889160e-01
-5.756959915161132812e-01
-4.548745751380920410e-01
-4.132148027420043945e-01
6.705512404441833496e-01
1.146641254425048828e+00
4.758756160736083984e-01
4.600925743579864502e-01
-3.427176773548126221e-01
-9.440459609031677246e-01
-3.671963810920715332e-01
-1.950715035200119019e-01
5.138111487030982971e-02
5.641891956329345703e-01
8.300420641899108887e-01
3.556008338928222656e-01
-1.732020080089569092e-01
-1.914550811052322388e-01
-6.191825866699218750e-01
8.113968968391418457e-01
8.950946927070617676e-01
2.146859765052795410e-01
-9.228171408176422119e-02
-6.997107267379760742e-01
-7.333117723464965820e-01
-1.153401061892509460e-01
-7.219962477684020996e-01
-3.010383248329162598e-01
-7.887159585952758789e-01
-4.303632080554962158e-01
-6.286577582359313965e-01
1.155370622873306274e-01
3.798866271972656250e-01
5.001372694969177246e-01
-4.444759488105773926e-01
8.147930502891540527e-01
9.759149700403213501e-02
-3.981392383575439453e-01
-4.279508590698242188e-01
-1.033682152628898621e-01
-6.559764146804809570e-01
-6.634882688522338867e-01
2.193162441253662109e-01
-1.040644168853759766e+00
1.673043370246887207e+00
-7.393898069858551025e-02
7.587649822235107422e-01
-3.338619470596313477e-01
-4.149413108825683594e-01
-5.016409754753112793e-01
-4.669860005378723145e-01
-1.571833133697509766e+00
-8.794133067131042480e-01
-1.871555894613265991e-01
1.191455572843551636e-01
1.157954573631286621e+00
-1.385213136672973633e-01
-1.082732458598911762e-03
-7.021361589431762695e-01
5.702382922172546387e-01
1.141118407249450684e+00
6.281016469001770020e-01
3.466823995113372803e-01
-8.674290776252746582e-01
1.065282747149467468e-01
-1.231839179992675781e+00
4.904793798923492432e-01
8.573924303054809570e-01
9.403640031814575195e-01
8.915869891643524170e-02
-5.601327419281005859e-01
-8.843839168548583984e-01
-1.296189904212951660e+00
-7.436071038246154785e-01
-8.710135817527770996e-01
-6.489681005477905273e-01
-3.189507424831390381e-01
-3.728139102458953857e-01
-1.388645730912685394e-03
-5.287155881524085999e-02
5.030311346054077148e-01
-1.520249843597412109e-01
6.922960877418518066e-01
5.814351886510848999e-02
1.669093668460845947e-01
1.174085855484008789e+00
3.225935399532318115e-01
-2.226664312183856964e-02
-1.019985787570476532e-02
5.474958419799804688e-01
6.668000221252441406e-01
-1.261849164962768555e+00
-1.320267319679260254e+00
-1.047646999359130859e+00
-3.549785315990447998e-01
-6.015110611915588379e-01
2.736406326293945312e-01
-7.217594385147094727e-01
3.721300363540649414e-01
-2.850063741207122803e-01
-1.617548987269401550e-02
-6.461353898048400879e-01
1.218700557947158813e-01
8.626423478126525879e-01
1.485046029090881348e+00
8.581519126892089844e-01
-1.969801485538482666e-01
-2.092876937240362167e-03
1.780199855566024780e-01
4.210893511772155762e-01
-3.613821566104888916e-01
-1.195713281631469727e+00
-2.282890081405639648e-01
-1.711033880710601807e-01
2.046164125204086304e-01
3.442503213882446289e-01
-4.305655062198638916e-01
-1.237188220024108887e+00
1.243547677993774414e+00
8.492283225059509277e-01
4.382552504539489746e-01
-4.538495540618896484e-01
-6.916429400444030762e-01
-1.119406700134277344e+00
-5.871366262435913086e-01
-5.933236479759216309e-01
1.482432633638381958e-01
-5.757828354835510254e-01
-1.377243846654891968e-01
-3.313309252262115479e-01
-5.090649127960205078e-01
-4.715003818273544312e-02
1.298934221267700195e-01
5.419201850891113281e-01
8.186700344085693359e-01
-1.837038248777389526e-01
8.223553299903869629e-01
9.395661950111389160e-01
7.732766270637512207e-01
-3.096478283405303955e-01
-9.995038509368896484e-01
-4.666195213794708252e-01
8.273272775113582611e-03
-1.453362852334976196e-01
