5.668280720710754395e-01
6.618631072342395782e-03
-1.797585282474756241e-03
-1.664278805255889893e-01
-1.898354291915893555e-01
-2.135232388973236084e-01
-2.635444886982440948e-02
1.848774403333663940e-02
1.770865023136138916e-01
-9.493821114301681519e-02
7.551539540290832520e-01
3.430726826190948486e-01
4.992641508579254150e-01
6.200835853815078735e-02
2.284495532512664795e-01
-2.539432048797607422e-01
-9.618273377418518066e-02
-4.553261101245880127e-01
-3.130094110965728760e-01
-3.149550259113311768e-01
-4.940521419048309326e-01
-2.747892737388610840e-01
-4.230039417743682861e-01
-5.890588164329528809e-01
-6.119526624679565430e-01
-9.157778620719909668e-01
-6.472126245498657227e-01
-1.402924805879592896e-01
3.450159132480621338e-01
2.795246541500091553e-01
8.516105413436889648e-01
4.846248626708984375e-01
4.645021259784698486e-01
-3.022992610931396484e-01
2.145015895366668701e-01
-1.403181999921798706e-01
-1.929450631141662598e-01
-1.030983328819274902e-01
-3.390497565269470215e-01
-4.519608318805694580e-01
-1.309721171855926514e-01
1.073006093502044678e-01
8.801683783531188965e-01
3.263695836067199707e-01
2.721202075481414795e-01
3.931397944688796997e-02
-4.537802636623382568e-01
-4.129658341407775879e-01
-3.534301817417144775e-01
-2.350774258375167847e-01
-4.408148527145385742e-01
-1.995628327131271362e-02
1.648976951837539673e-01
-1.879360526800155640e-01
3.181812763214111328e-01
-2.472453713417053223e-01
4.827135056257247925e-02
-4.922425150871276855e-01
-6.636641621589660645e-01
-4.506654441356658936e-01
-2.883431911468505859e-01
1.105583086609840393e-02
4.119052886962890625e-01
2.881756126880645752e-01
6.008784174919128418e-01
3.814972043037414551e-01
6.639654040336608887e-01
6.248564124107360840e-01
1.584088057279586792e-01
3.219912946224212646e-01
-3.646222054958343506e-01
-6.312201023101806641e-01
5.918737128376960754e-02
-1.241701483726501465e+00
-1.399962782859802246e+00
-7.420139312744140625e-01
-1.005600690841674805e+00
-6.520832777023315430e-01
-5.527608990669250488e-01
-7.784409075975418091e-02
3.784499168395996094e-01
3.230879604816436768e-01
2.015681415796279907e-01
3.476282954216003418e-01
-5.286344289779663086e-01
-6.108405590057373047e-01
-3.269054293632507324e-01
-3.953568041324615479e-01
1.282966285943984985e-01
-7.484027743339538574e-02
6.717897206544876099e-02
4.853337630629539490e-02
-3.366475701332092285e-01
2.979847192764282227e-01
-5.799491405487060547e-01
4.468103945255279541e-01
-4.815389811992645264e-01
1.368220448493957520e-01
-3.259615898132324219e-01
1.005699634552001953e-01
-7.538130879402160645e-02
-1.343444436788558960e-01
-9.055069088935852051e-02
1.273094676434993744e-05
5.334822833538055420e-02
3.213524818420410156e-01
2.158466428518295288e-01
-4.046135246753692627e-01
3.504213094711303711e-01
-6.688477993011474609e-01
1.515999287366867065e-01
-3.239353746175765991e-02
1.829781979322433472e-01
1.594573408365249634e-01
1.978985965251922607e-01
2.905258834362030029e-01
1.434660851955413818e-01
-1.712112575769424438e-01
1.201085671782493591e-01
-2.933507561683654785e-01
-4.606084227561950684e-01
-4.403005242347717285e-01
-2.350475490093231201e-01
-2.581082284450531006e-01
1.149197071790695190e-01
-3.492588698863983154e-01
-4.017250984907150269e-02
2.144148349761962891e-01
1.048283874988555908e-01
5.790098309516906738e-01
4.112007096409797668e-02
2.554916441440582275e-01
-1.477748304605484009e-01
-3.330146670341491699e-01
-2.701261043548583984e-01
-8.300473690032958984e-01
-5.343686342239379883e-01
-4.466817975044250488e-01
-5.277436375617980957e-01
-1.279630661010742188e-01
-1.828486658632755280e-02
5.945245623588562012e-01
5.191782116889953613e-01
4.420506954193115234e-01
7.551495432853698730e-01
-2.736707963049411774e-02
3.769126906991004944e-02
-4.089647829532623291e-01
-3.503298163414001465e-01
-3.107742667198181152e-01
-2.570978403091430664e-01
-3.691501021385192871e-01
-3.262645378708839417e-02
-2.831882238388061523e-01
3.442583084106445312e-01
3.393513709306716919e-02
2.961925789713859558e-02
3.254836201667785645e-01
-9.168977290391921997e-02
7.654169201850891113e-02
-5.041757822036743164e-01
-6.058860421180725098e-01
-8.507454395294189453e-01
-3.416657149791717529e-01
-1.990374624729156494e-01
2.232296615839004517e-01
1.672070026397705078e-01
4.143021404743194580e-01
5.094591975212097168e-01
3.472053408622741699e-01
4.343661665916442871e-01
3.108990490436553955e-01
2.144680768251419067e-01
1.231162846088409424e-01
-3.946489691734313965e-01
3.595924377441406250e-01
-7.153657078742980957e-01
-4.821744263172149658e-01
-8.618624210357666016e-01
-5.485450625419616699e-01
-2.925699353218078613e-01
-2.865454852581024170e-01
8.298490196466445923e-02
5.460650473833084106e-02
3.254269957542419434e-01
3.710603415966033936e-01
6.530861258506774902e-01
2.829168438911437988e-01
3.568983078002929688e-01
1.845511496067047119e-01
-1.191238127648830414e-02
-3.132931888103485107e-01
-4.425317645072937012e-01
-3.136477768421173096e-01
-5.766476392745971680e-01
-1.922377496957778931e-01
-4.442049264907836914e-01
-2.372584789991378784e-01
-1.382688134908676147e-01
-1.574418991804122925e-01
1.142347678542137146e-01
4.443775117397308350e-01
-7.335867267102003098e-03
4.159647226333618164e-02
1.915863901376724243e-01
2.189431786537170410e-01
5.570267438888549805e-01
3.281906843185424805e-01
1.958829313516616821e-01
5.377018079161643982e-02
-2.777098417282104492e-01
-1.402124464511871338e-01
-9.551969766616821289e-01
-7.836167514324188232e-02
-2.597005963325500488e-01
7.289785891771316528e-02
-2.320954501628875732e-01
-2.284104824066162109e-01
-4.158276617527008057e-01
-2.378962785005569458e-01
-2.276362627744674683e-01
-4.337663576006889343e-02
-3.394226431846618652e-01
-2.074167132377624512e-01
-4.501392245292663574e-01
-1.816278398036956787e-01
-1.833212077617645264e-01
-5.615279078483581543e-02
-1.449054628610610962e-01
4.933700338006019592e-02
1.943062245845794678e-01
5.412684381008148193e-02
7.304396629333496094e-01
3.671514391899108887e-01
6.754984855651855469e-01
1.918893903493881226e-01
3.291140198707580566e-01
-4.359701573848724365e-01
9.682090878486633301e-01
-1.346828222274780273e+00
2.481442540884017944e-01
-1.039645910263061523e+00
-6.008054614067077637e-01
-6.822182536125183105e-01
-6.891118288040161133e-01
-5.834084153175354004e-01
-2.148868888616561890e-01
-3.639117181301116943e-01
-2.336416393518447876e-01
1.294669508934020996e-01
-1.851038336753845215e-01
5.480339005589485168e-02
-1.474237442016601562e-01
-2.175555825233459473e-01
-3.520672917366027832e-01
-3.235981762409210205e-01
-2.004751265048980713e-01
-3.264855742454528809e-01
-2.207275629043579102e-01
-1.645727157592773438e-01
-1.202702671289443970e-01
3.442586362361907959e-01
-2.520275115966796875e-01
3.683852851390838623e-01
-4.808813333511352539e-01
3.596608042716979980e-01
-6.508812904357910156e-01
-3.829004466533660889e-01
-2.558411061763763428e-01
-3.769914805889129639e-01
-7.093354314565658569e-02
-2.810099124908447266e-01
1.579096466302871704e-01
-7.204633951187133789e-02
1.355342119932174683e-01
1.421989686787128448e-02
7.083122134208679199e-01
2.005971819162368774e-01
8.566539287567138672e-01
-1.280424147844314575e-01
9.827163815498352051e-01
-1.387037634849548340e+00
-3.412913158535957336e-02
-8.399306535720825195e-01
-4.940567612648010254e-01
-4.466743767261505127e-01
-3.779417276382446289e-01
-3.492146432399749756e-01
1.358762085437774658e-01
2.444387227296829224e-01
2.724865078926086426e-01
1.915884464979171753e-01
2.540354616940021515e-03
-3.092251420021057129e-01
7.170232385396957397e-02
-2.874990701675415039e-01
-1.487163007259368896e-01
-5.000188946723937988e-01
-3.652603924274444580e-01
-2.424062192440032959e-01
-1.486418545246124268e-01
-7.168938871473073959e-03
-2.533216476440429688e-01
-5.449003726243972778e-02
-2.642606794834136963e-01
3.007140457630157471e-01
2.306419909000396729e-01
5.820009112358093262e-01
3.441323637962341309e-01
-6.695530563592910767e-02
4.496450722217559814e-01
-5.442106351256370544e-02
5.147426202893257141e-02
-4.661908447742462158e-01
-4.055795967578887939e-01
-4.667509198188781738e-01
-3.301473855972290039e-01
-5.385130643844604492e-01
-1.205098330974578857e-01
-7.488383054733276367e-01
-2.492728084325790405e-01
9.047812968492507935e-02
1.223151087760925293e-01
-2.348961234092712402e-01
2.765638232231140137e-01
6.299570947885513306e-02
-3.475666046142578125e-01
1.580061018466949463e-01
-5.331183671951293945e-01
-9.773910641670227051e-01
-4.535788893699645996e-01
-6.034307479858398438e-01
-1.637173146009445190e-01
-5.258896574378013611e-02
1.257252842187881470e-01
2.753912806510925293e-01
2.449129819869995117e-01
4.004842936992645264e-01
4.221093952655792236e-01
-9.058675915002822876e-02
4.763801395893096924e-01
-2.140212059020996094e-01
-2.529249191284179688e-01
-1.939635276794433594e-01
-6.587110161781311035e-01
-4.600430428981781006e-01
-6.881005764007568359e-01
-6.295562386512756348e-01
-3.051084280014038086e-01
-4.319584071636199951e-01
4.271902441978454590e-01
3.418500125408172607e-01
8.259466290473937988e-01
-1.918934732675552368e-01
6.859422326087951660e-01
-2.788554131984710693e-01
2.736534774303436279e-01
-9.877549111843109131e-02
-5.344166755676269531e-01
-3.923903219401836395e-03
-2.139111459255218506e-01
-2.264656722545623779e-01
1.082504913210868835e-01
1.052834391593933105e-01
2.682581543922424316e-01
6.692418456077575684e-02
4.465444087982177734e-01
1.532075107097625732e-01
-2.196367233991622925e-01
3.091914355754852295e-01
-2.211413085460662842e-01
-2.273234128952026367e-01
-5.294419527053833008e-01
-7.756466865539550781e-01
-4.302895963191986084e-01
-4.910007417201995850e-01
1.413141936063766479e-01
1.324681043624877930e-01
3.324775695800781250e-01
-8.642978966236114502e-03
3.177124857902526855e-01
2.485675960779190063e-01
6.288765668869018555e-01
3.869899809360504150e-01
2.893272638320922852e-01
1.393848508596420288e-01
-3.662594407796859741e-02
-2.860767245292663574e-01
-3.648032248020172119e-01
-2.870865166187286377e-01
-2.501671910285949707e-01
-2.078060209751129150e-01
1.561265811324119568e-02
-3.281769156455993652e-01
3.081996440887451172e-01
-2.272929251194000244e-01
2.749597728252410889e-01
-2.118270099163055420e-01
2.028047889471054077e-01
-4.796925485134124756e-01
-4.736050590872764587e-02
-2.422054409980773926e-01
-1.325668487697839737e-02
-4.333313405513763428e-01
-2.114590853452682495e-01
-2.127421349287033081e-01
-2.954724431037902832e-01
2.676928937435150146e-01
1.794822514057159424e-01
2.959164083003997803e-01
2.266288250684738159e-01
-1.770243793725967407e-01
-9.286279231309890747e-02
-3.917947411537170410e-01
-1.177183389663696289e-01
-3.705990016460418701e-01
-3.337597250938415527e-01
-6.371210813522338867e-01
-2.642002105712890625e-01
8.507461100816726685e-02
1.909999251365661621e-01
3.809620440006256104e-02
2.374404221773147583e-01
-3.858510255813598633e-01
2.218738943338394165e-01
-3.643192648887634277e-01
1.193452104926109314e-01
-1.548077613115310669e-01
-1.981668770313262939e-01
1.001015529036521912e-01
3.091722130775451660e-01
2.302844524383544922e-01
4.858236014842987061e-01
-1.517586782574653625e-02
1.294709593057632446e-01
-1.322643011808395386e-01
-2.930448055267333984e-01
-6.370451450347900391e-01
-1.203775182366371155e-01
-4.205254316329956055e-01
6.766249984502792358e-02
-7.156425714492797852e-01
-6.803230196237564087e-02
-2.974613383412361145e-02
2.857366502285003662e-01
3.914676010608673096e-01
3.646802902221679688e-01
1.177024561911821365e-02
5.778135359287261963e-02
4.438751935958862305e-02
-6.249771118164062500e-01
-7.612897753715515137e-01
-3.716479539871215820e-01
-6.040427088737487793e-01
-4.908792972564697266e-01
-9.390664845705032349e-02
-1.237985640764236450e-01
2.430060356855392456e-01
4.409128427505493164e-01
8.052232861518859863e-01
4.590389430522918701e-01
7.436752319335937500e-01
1.614859402179718018e-01
-2.623620331287384033e-01
-3.743422925472259521e-01
-5.706019401550292969e-01
-5.874380469322204590e-01
-6.594021320343017578e-01
4.747030884027481079e-02
-4.970768988132476807e-01
1.324504315853118896e-01
2.048638761043548584e-01
2.037603706121444702e-01
1.899302750825881958e-01
5.156887173652648926e-01
-2.659377157688140869e-01
-3.735537827014923096e-01
-8.064575791358947754e-01
-4.482181966304779053e-01
-2.610812485218048096e-01
-1.262885928153991699e-01
-4.819790646433830261e-02
5.817956924438476562e-01
5.796383023262023926e-01
4.000734090805053711e-01
5.237538814544677734e-01
4.469300806522369385e-01
-3.378891944885253906e-02
-1.392944902181625366e-01
4.059655219316482544e-02
-1.643497794866561890e-01
1.827847026288509369e-02
-3.941802978515625000e-01
-1.573195755481719971e-01
-3.145085871219635010e-01
2.432600110769271851e-01
1.091555804014205933e-01
2.067098319530487061e-01
-1.254840791225433350e-01
-8.475619554519653320e-02
-3.788073062896728516e-01
-1.152602732181549072e-01
-5.880330801010131836e-01
-2.902342975139617920e-01
-1.181989789009094238e+00
-8.433982133865356445e-01
-5.164220333099365234e-01
-3.682437241077423096e-01
2.868006527423858643e-01
1.297597140073776245e-01
6.393617391586303711e-01
3.067238628864288330e-01
1.050053119659423828e+00
