3.361202180385589600e-01
9.208800792694091797e-01
8.382657170295715332e-01
7.982556223869323730e-01
3.528431951999664307e-01
3.264649212360382080e-01
3.596488386392593384e-03
-1.272801756858825684e-01
-7.418742775917053223e-01
-4.090110361576080322e-01
-4.973789751529693604e-01
3.007284365594387054e-02
-1.816942989826202393e-01
-8.659576997160911560e-03
-2.272753119468688965e-01
2.368453443050384521e-01
-4.247066378593444824e-02
-8.716114610433578491e-02
9.103912115097045898e-01
4.147126376628875732e-01
-8.265426754951477051e-01
6.025674566626548767e-02
-1.391422510147094727e+00
-6.135557889938354492e-01
-1.444414407014846802e-01
4.597930312156677246e-01
2.665567696094512939e-01
4.020992815494537354e-01
-9.700436592102050781e-01
-2.596121430397033691e-01
-5.407257080078125000e-01
-7.072103023529052734e-01
-6.227415055036544800e-02
9.050525426864624023e-01
-5.626465678215026855e-01
7.593314647674560547e-01
-5.944250524044036865e-02
-2.594790458679199219e-01
-2.489362359046936035e-01
1.751999706029891968e-01
-6.279689818620681763e-02
-1.553092896938323975e-01
-3.507766127586364746e-01
-1.277269124984741211e+00
4.885365068912506104e-01
1.687501668930053711e-01
6.283117830753326416e-02
6.919050216674804688e-01
-5.259219408035278320e-01
6.150004863739013672e-01
4.479281008243560791e-01
-5.785886049270629883e-01
6.644466519355773926e-01
-8.455448783934116364e-03
-8.981299400329589844e-01
-4.613623023033142090e-01
3.267050161957740784e-02
7.506019622087478638e-02
6.882894784212112427e-02
3.866140246391296387e-01
5.343874692916870117e-01
1.946418136358261108e-01
4.676699042320251465e-01
-3.530987501144409180e-01
-1.419782042503356934e+00
8.683469891548156738e-01
-1.031648635864257812e+00
6.546702384948730469e-01
1.063211560249328613e+00
-8.688672780990600586e-01
-8.866311907768249512e-01
-2.237591028213500977e+00
1.101049065589904785e+00
-1.511095166206359863e-01
-5.069125294685363770e-01
3.610068261623382568e-01
9.475009441375732422e-01
-6.823884695768356323e-02
6.067525744438171387e-01
-2.015255540609359741e-01
-5.708924531936645508e-01
-8.446998149156570435e-02
-7.011681199073791504e-01
-5.659524202346801758e-01
1.152682974934577942e-01
-8.078685402870178223e-01
1.894768774509429932e-01
-3.684114813804626465e-01
-6.813669800758361816e-01
2.545252740383148193e-01
-7.895978689193725586e-01
4.634892642498016357e-01
5.879035964608192444e-02
-8.125206232070922852e-01
1.196242332458496094e+00
-3.187086582183837891e-01
1.092747449874877930e-01
5.105361342430114746e-01
-6.452351808547973633e-02
-3.013446331024169922e-01
-5.647909641265869141e-01
3.944038450717926025e-01
3.428578376770019531e-01
6.155648231506347656e-01
-1.568711921572685242e-02
-2.226007878780364990e-01
-1.511795669794082642e-01
1.544383075088262558e-02
2.744442820549011230e-01
4.360972940921783447e-01
1.548209488391876221e-01
-9.174443781375885010e-02
4.913474023342132568e-01
-4.542326927185058594e-01
2.932749092578887939e-01
2.028163224458694458e-01
-9.294530749320983887e-01
7.667100429534912109e-01
-2.380438745021820068e-01
1.365916281938552856e-01
4.589816629886627197e-01
-4.602023065090179443e-01
8.779225945472717285e-01
-1.599469184875488281e-01
-6.469578146934509277e-01
6.382455229759216309e-01
-5.915101170539855957e-01
-1.138507366180419922e+00
3.642005845904350281e-02
-1.823339313268661499e-01
-5.017760992050170898e-01
-9.056881070137023926e-03
-3.229938149452209473e-01
-9.840938448905944824e-01
-1.643171757459640503e-01
-1.396514326333999634e-01
-5.830208659172058105e-01
5.128678083419799805e-01
-3.276268541812896729e-01
2.024799734354019165e-01
9.528453946113586426e-01
5.464185476303100586e-01
1.192586570978164673e-01
4.072149991989135742e-01
-5.336592197418212891e-01
-8.651117235422134399e-02
5.676709413528442383e-01
-1.047427654266357422e+00
3.412926495075225830e-01
-5.280708149075508118e-02
-1.017494201660156250e+00
-3.284615874290466309e-01
1.371183805167675018e-02
1.058520823717117310e-01
-1.360483467578887939e-02
1.168916225433349609e+00
-2.251213490962982178e-01
1.114291548728942871e+00
-1.006231456995010376e-01
-9.981322288513183594e-01
9.846127033233642578e-01
1.285588026046752930e+00
4.127384126186370850e-01
-2.701833844184875488e-01
1.802597194910049438e-01
-7.282008528709411621e-01
-3.954525887966156006e-01
-9.275197982788085938e-01
-5.411288142204284668e-01
5.008253455162048340e-01
-2.220160514116287231e-01
3.535510972142219543e-02
-1.250424236059188843e-01
-6.571281552314758301e-01
1.421291083097457886e-01
2.304505743086338043e-02
-3.494600951671600342e-02
-7.492495179176330566e-01
3.441403508186340332e-01
-4.783113002777099609e-01
1.444637179374694824e+00
-7.415151000022888184e-01
-2.128506451845169067e-01
7.063525915145874023e-01
-8.535621166229248047e-01
5.225418210029602051e-01
-2.837565839290618896e-01
9.052838087081909180e-01
6.447076797485351562e-01
-2.972993850708007812e-01
-2.884706556797027588e-01
7.748380899429321289e-01
-7.860107421875000000e-01
4.452022016048431396e-01
1.632022112607955933e-01
-6.958853602409362793e-01
1.151237726211547852e+00
-9.726536273956298828e-01
-2.824371099472045898e+00
1.371321082115173340e+00
-9.989390373229980469e-01
-1.143557801842689514e-01
1.453669667243957520e-01
-8.634410500526428223e-01
6.661107540130615234e-01
4.350604116916656494e-01
2.333290688693523407e-02
6.587828695774078369e-02
3.881213441491127014e-02
-1.732044368982315063e-01
6.340229511260986328e-01
-1.174699440598487854e-01
3.320125639438629150e-01
3.869358599185943604e-01
-4.376777410507202148e-01
3.329158723354339600e-01
-6.140975356101989746e-01
-3.826536238193511963e-01
-4.082836583256721497e-02
-1.012745141983032227e+00
-3.311327695846557617e-01
-3.730021715164184570e-01
-4.469956159591674805e-01
6.274459362030029297e-01
-1.726554930210113525e-01
7.927068471908569336e-01
7.763168215751647949e-02
-3.358045518398284912e-01
-1.148131042718887329e-01
6.745603680610656738e-01
-1.707111895084381104e-01
3.250599801540374756e-01
1.402690708637237549e-01
-6.507392525672912598e-01
8.946599364280700684e-01
-8.747789859771728516e-01
3.803307414054870605e-01
-2.763410806655883789e-01
-1.253273040056228638e-01
5.288956761360168457e-01
-7.163825035095214844e-01
-3.022586405277252197e-01
-6.943584084510803223e-01
-3.608870320022106171e-04
-3.767175972461700439e-01
2.914937436580657959e-01
-8.591649532318115234e-01
-3.974138796329498291e-01
-1.314092427492141724e-01
-6.241571903228759766e-01
3.182687163352966309e-01
-9.165716171264648438e-01
-4.381512999534606934e-01
-2.077621780335903168e-02
-1.582005023956298828e-01
-3.064307868480682373e-01
3.665099740028381348e-01
5.019722580909729004e-01
3.082946240901947021e-01
5.168901085853576660e-01
-3.120258748531341553e-01
5.674562603235244751e-02
-2.451557479798793793e-02
-8.632290363311767578e-02
-1.948955934494733810e-03
1.384608983993530273e+00
-8.298134803771972656e-02
4.636287391185760498e-01
-4.897739887237548828e-01
-9.338022470474243164e-01
-4.791561365127563477e-01
-5.344485044479370117e-01
-7.874568104743957520e-01
-3.029274642467498779e-01
-5.924044847488403320e-01
-4.043499529361724854e-01
1.719285696744918823e-01
4.814738631248474121e-01
-2.997224330902099609e-01
8.481009602546691895e-01
2.237645089626312256e-01
1.223622709512710571e-01
2.037910073995590210e-01
3.546931147575378418e-01
3.049748241901397705e-01
5.027285218238830566e-01
2.180322408676147461e-01
2.278982847929000854e-01
2.752557992935180664e-01
-5.182945132255554199e-01
-8.740661293268203735e-02
-3.845320045948028564e-01
-5.755914449691772461e-01
2.506750822067260742e-01
-2.291103303432464600e-01
-1.596201181411743164e+00
3.494596481323242188e-01
-8.254905231297016144e-03
-1.127882361412048340e+00
1.022644758224487305e+00
-8.296025395393371582e-01
-8.806924819946289062e-01
8.077647089958190918e-01
6.050258874893188477e-01
-3.847839236259460449e-01
9.810385853052139282e-02
1.025880873203277588e-01
-2.028843164443969727e-01
-2.494360208511352539e-01
4.765283465385437012e-01
3.674341142177581787e-01
-2.256038337945938110e-01
-5.820729732513427734e-01
-5.872307419776916504e-01
-2.374735474586486816e-01
9.917252659797668457e-01
-1.617360562086105347e-01
7.967974245548248291e-02
2.082305550575256348e-01
-1.043914079666137695e+00
7.873439788818359375e-01
-1.015251517295837402e+00
2.501020580530166626e-02
5.087900757789611816e-01
-1.109596490859985352e+00
4.554800391197204590e-01
-4.691197350621223450e-02
-7.323292493820190430e-01
-5.246783047914505005e-02
-1.894044637680053711e+00
2.089448571205139160e-01
4.212034046649932861e-01
8.083450794219970703e-02
1.371020674705505371e-01
-4.259782135486602783e-01
-6.775031089782714844e-01
4.248128831386566162e-01
-2.737490832805633545e-01
6.799667477607727051e-01
-6.794705390930175781e-01
-4.078502655029296875e-01
1.089480042457580566e+00
-4.276057779788970947e-01
1.944316476583480835e-01
6.450049877166748047e-01
-3.111279904842376709e-01
6.104558110237121582e-01
1.543551236391067505e-01
-1.158721685409545898e+00
3.806210681796073914e-02
-4.110948145389556885e-01
-4.893447458744049072e-01
-2.805716991424560547e-01
-4.303248524665832520e-01
9.197199940681457520e-01
-3.438407182693481445e-02
5.480797290802001953e-01
-7.457075268030166626e-02
9.951478838920593262e-01
9.963658452033996582e-02
-9.825758934020996094e-01
1.204366564750671387e+00
-9.666896462440490723e-01
-4.327876567840576172e-01
-1.702606379985809326e-01
-6.388961672782897949e-01
4.589748382568359375e-01
-1.146081760525703430e-01
1.435243487358093262e-01
1.162850186228752136e-01
-1.333169788122177124e-01
-1.525078900158405304e-02
-8.756265044212341309e-02
5.371774733066558838e-02
-5.163350701332092285e-02
3.524721413850784302e-02
6.955824494361877441e-01
8.094875216484069824e-01
-6.512799263000488281e-01
1.306407600641250610e-01
1.994959264993667603e-01
-2.869324982166290283e-01
8.946992754936218262e-01
3.457970917224884033e-01
-3.511149063706398010e-02
1.301707029342651367e-01
-8.968532830476760864e-02
-8.523789644241333008e-01
-5.110011696815490723e-01
2.168829292058944702e-01
-6.104317903518676758e-01
5.753526464104652405e-02
-4.100481569766998291e-01
8.013761043548583984e-01
-9.055021405220031738e-02
4.817023873329162598e-02
3.850177228450775146e-01
-3.357725590467453003e-02
-6.018311977386474609e-01
2.245349138975143433e-01
-3.201902508735656738e-01
-7.868949174880981445e-01
-2.637482285499572754e-01
-3.165778219699859619e-01
8.985109329223632812e-01
-2.489645034074783325e-01
-7.425435185432434082e-01
9.422944784164428711e-01
-7.563562989234924316e-01
8.219453096389770508e-01
-4.027848243713378906e-01
-2.041728198528289795e-01
4.610153436660766602e-01
-1.635053753852844238e-01
-3.002327084541320801e-01
-6.314648985862731934e-01
-1.070034623146057129e+00
4.035451710224151611e-01
-1.814416199922561646e-01
-6.428888440132141113e-01
8.727689385414123535e-01
-4.672255218029022217e-01
3.352884650230407715e-01
8.845262527465820312e-01
-8.261773586273193359e-01
-1.762365549802780151e-01
3.188836276531219482e-01
-5.379278063774108887e-01
1.574935168027877808e-01
-6.622167229652404785e-01
-9.048139452934265137e-01
2.579052448272705078e-01
-8.853980898857116699e-02
-6.269672513008117676e-02
1.639368683099746704e-01
-2.266282886266708374e-01
2.529088854789733887e-01
6.539958715438842773e-01
2.703840732574462891e-01
8.844701051712036133e-01
1.582421660423278809e-01
-5.269700288772583008e-01
5.370960831642150879e-01
-4.254166409373283386e-02
-1.163590475916862488e-01
-1.759606748819351196e-01
-3.664606809616088867e-01
-4.445537030696868896e-01
2.272480428218841553e-01
-1.763427704572677612e-01
2.112878262996673584e-01
2.257492393255233765e-02
-8.128989487886428833e-02
5.916690230369567871e-01
-4.665131866931915283e-01
-4.496510326862335205e-02
1.195564121007919312e-01
-1.864044517278671265e-01
-2.441527880728244781e-02
-7.547988295555114746e-01
-1.987552642822265625e-01
-4.238563179969787598e-01
-1.265086680650711060e-01
-1.191910058259963989e-01
5.298057198524475098e-01
4.521194994449615479e-01
-3.879720568656921387e-01
1.054362654685974121e+00
-7.097182273864746094e-01
6.343300342559814453e-01
-6.428601741790771484e-01
-8.903859853744506836e-01
7.736881971359252930e-01
-2.651638388633728027e-01
-3.969902396202087402e-01
-1.425004899501800537e-01
6.032902002334594727e-01
4.012942314147949219e-01
-5.269997119903564453e-01
2.374911606311798096e-01
-8.387042284011840820e-01
-7.106799483299255371e-01
1.391597650945186615e-02
-8.760455846786499023e-01
8.198381662368774414e-01
4.779681861400604248e-01
-1.184435859322547913e-01
3.764539659023284912e-01
7.275919914245605469e-01
-3.512116670608520508e-01
-6.215976476669311523e-01
-1.018231511116027832e-01
-4.081091582775115967e-01
-3.692668080329895020e-01
-1.082766614854335785e-02
-7.476533055305480957e-01
3.162437081336975098e-01
-2.715858519077301025e-01
2.007801085710525513e-01
3.510159254074096680e-01
5.268709659576416016e-01
1.334136128425598145e-01
-5.502567067742347717e-02
2.080329805612564087e-01
-7.734963297843933105e-01
6.603286862373352051e-01
3.473212122917175293e-01
-5.733464956283569336e-01
-3.061921298503875732e-01
-3.636788725852966309e-01
8.637868762016296387e-01
5.853663682937622070e-01
8.865243792533874512e-01
