-4.534539580345153809e-01
2.375460974872112274e-02
-3.877342641353607178e-01
3.071603551506996155e-02
-1.368481963872909546e-01
-2.207727134227752686e-01
2.505954205989837646e-01
3.006160259246826172e-01
-7.668415307998657227e-01
-7.916772365570068359e-01
-5.746718049049377441e-01
3.402410149574279785e-01
1.556701511144638062e-01
5.302928686141967773e-01
3.102395534515380859e-01
9.719105958938598633e-01
4.869937002658843994e-01
6.353977918624877930e-01
4.115282297134399414e-01
7.310705780982971191e-01
2.875173389911651611e-01
1.917779296636581421e-01
4.644394293427467346e-02
-1.334547251462936401e-01
-8.155642449855804443e-02
-1.533695757389068604e-01
-2.091825306415557861e-01
-3.890360295772552490e-01
-5.513795614242553711e-01
-5.018682479858398438e-01
1.955476850271224976e-01
-1.038472503423690796e-01
6.235168576240539551e-01
6.039251685142517090e-01
-2.980493903160095215e-01
1.911425113677978516e+00
-5.259979367256164551e-01
-4.086866974830627441e-01
-8.209428787231445312e-01
-6.380281448364257812e-01
-5.647054910659790039e-01
4.925916790962219238e-01
2.947971522808074951e-01
3.514412045478820801e-01
5.300608873367309570e-01
1.409958720207214355e+00
2.467019319534301758e+00
-3.187910616397857666e-01
-3.434704542160034180e-01
-1.566860526800155640e-01
1.205276995897293091e-01
5.642247851938009262e-04
6.355701684951782227e-01
-5.293033719062805176e-01
-1.138644516468048096e-01
4.652667343616485596e-01
5.998732447624206543e-01
2.750140428543090820e-01
-2.733847498893737793e-01
-1.063874661922454834e-01
-4.274300336837768555e-01
-5.743224024772644043e-01
-4.784405976533889771e-02
-7.896666228771209717e-02
4.005467295646667480e-01
-2.611087262630462646e-01
-9.148039221763610840e-01
-1.710947155952453613e-01
-1.315076649188995361e-01
-1.265866011381149292e-01
1.367136538028717041e-01
-2.488874197006225586e-01
4.041263163089752197e-01
1.922937110066413879e-02
1.131316050887107849e-01
9.718138575553894043e-01
9.321715831756591797e-01
9.827730804681777954e-02
1.972389966249465942e-01
-3.370247483253479004e-01
-2.455760687589645386e-01
2.111230790615081787e-02
-1.193310469388961792e-01
5.693258643150329590e-01
-2.058885693550109863e-01
4.126398861408233643e-01
4.312243778258562088e-03
3.880540728569030762e-01
-1.709211617708206177e-01
7.372522950172424316e-01
3.169829547405242920e-01
7.639058828353881836e-01
1.624657809734344482e-01
2.302541434764862061e-01
-5.062234997749328613e-01
-3.277245163917541504e-01
-2.805899679660797119e-01
1.679159849882125854e-01
-2.501195967197418213e-01
-2.098765671253204346e-01
5.744588971138000488e-01
-5.379609465599060059e-01
2.344951033592224121e-01
-9.531484246253967285e-01
-2.822334878146648407e-03
-5.694305300712585449e-01
1.063063979148864746e+00
-1.930765360593795776e-01
1.239459067583084106e-01
-1.943291276693344116e-01
-1.728409975767135620e-01
-6.869024783372879028e-02
-2.615196704864501953e-01
-1.803365908563137054e-02
-4.634522795677185059e-01
1.617634296417236328e-01
-3.369390666484832764e-01
1.724792867898941040e-01
-1.410832703113555908e-01
4.872017353773117065e-02
3.098657131195068359e-01
3.057284653186798096e-01
5.867622494697570801e-01
-4.283930640667676926e-03
3.640034794807434082e-01
-2.329165339469909668e-01
-7.770850509405136108e-02
8.064249157905578613e-01
3.298653960227966309e-01
5.255851149559020996e-01
4.174657166004180908e-01
3.148115277290344238e-01
-2.662631273269653320e-01
3.377950787544250488e-01
-1.704703569412231445e-01
-1.819405891001224518e-02
-1.413881406188011169e-02
3.199019134044647217e-01
-9.970398992300033569e-02
-5.437358617782592773e-01
-6.025725603103637695e-01
-2.558133304119110107e-01
-6.054429411888122559e-01
-2.547428905963897705e-01
-2.095844447612762451e-01
-2.420576959848403931e-01
6.161681413650512695e-01
-1.576898843050003052e-01
8.825327754020690918e-01
3.236931860446929932e-01
-1.601094603538513184e-01
3.043486177921295166e-01
3.710157573223114014e-01
4.682537615299224854e-01
-7.458000630140304565e-02
3.580084145069122314e-01
1.668355762958526611e-01
-2.097026817500591278e-02
-4.625584781169891357e-01
-2.644783854484558105e-01
-9.949830770492553711e-01
-1.481919288635253906e-01
-3.214998543262481689e-01
1.698766835033893585e-02
4.846386611461639404e-01
3.054201602935791016e-01
1.524168998003005981e-01
-1.027572676539421082e-01
3.260273039340972900e-01
-1.212550103664398193e-01
3.205768167972564697e-01
2.560695111751556396e-01
-2.348922044038772583e-01
-5.673422217369079590e-01
-3.282036185264587402e-01
-6.272704005241394043e-01
3.447763919830322266e-01
3.479707539081573486e-01
3.343575000762939453e-01
3.027545809745788574e-01
1.405111253261566162e-01
6.911123543977737427e-02
-1.496970355510711670e-01
-4.862327873706817627e-01
6.569784283638000488e-01
-5.760612487792968750e-01
3.507604300975799561e-01
-3.979793787002563477e-01
-3.711967170238494873e-01
-2.050935626029968262e-01
-6.414343118667602539e-01
-6.290818452835083008e-01
4.968319237232208252e-01
1.657170355319976807e-01
6.255496144294738770e-01
9.496775269508361816e-02
8.391274213790893555e-01
2.625457346439361572e-01
8.254041522741317749e-02
-2.864127159118652344e-01
-7.269991040229797363e-01
-1.698331236839294434e-01
1.998460739850997925e-01
5.131498575210571289e-01
3.574054539203643799e-01
2.384781688451766968e-01
4.031425118446350098e-01
-3.636333346366882324e-02
-1.530673801898956299e-01
-2.196165323257446289e-01
2.505150735378265381e-01
-4.033051729202270508e-01
1.493004679679870605e+00
-5.198082923889160156e-01
7.917139679193496704e-02
-6.749024987220764160e-01
-1.401268690824508667e-01
-1.475617587566375732e-01
-6.338432431221008301e-01
-6.321047246456146240e-02
-6.213246583938598633e-01
2.015293538570404053e-01
6.359814405441284180e-01
4.848660528659820557e-01
8.301947712898254395e-01
3.882235288619995117e-01
-4.972746968269348145e-02
3.827983438968658447e-01
4.111807793378829956e-02
-3.604811429977416992e-01
-3.917844593524932861e-01
-1.791479885578155518e-01
-4.978936910629272461e-01
1.041631102561950684e-01
-4.406069591641426086e-02
1.744493722915649414e+00
-1.916946023702621460e-01
3.610226809978485107e-01
3.726281225681304932e-01
-6.711147427558898926e-01
-6.263487339019775391e-01
8.536237478256225586e-01
-1.544482260942459106e-01
7.157648801803588867e-01
5.318548679351806641e-01
-2.043673098087310791e-01
5.317363142967224121e-01
7.469043135643005371e-01
7.863325625658035278e-02
1.790767610073089600e-01
2.201649844646453857e-01
3.613966107368469238e-01
9.433331489562988281e-01
5.955909490585327148e-01
1.470786631107330322e-01
-1.112491011619567871e+00
-3.704236745834350586e-01
-4.360799491405487061e-01
-3.850034475326538086e-01
9.494228661060333252e-02
2.073602229356765747e-01
8.723232746124267578e-01
3.580381870269775391e-01
-1.595197618007659912e-01
1.660877913236618042e-01
2.042155563831329346e-01
1.738878786563873291e-01
2.598084881901741028e-02
-4.854847788810729980e-01
-3.802189528942108154e-01
-2.317937612533569336e-01
-5.052649378776550293e-01
-2.113715559244155884e-01
3.247071206569671631e-01
-7.576484233140945435e-02
7.231699824333190918e-01
1.071832656860351562e+00
1.246641993522644043e+00
1.265971064567565918e+00
-7.106848806142807007e-02
-9.095916152000427246e-02
4.216895401477813721e-01
7.953553795814514160e-01
-5.814420580863952637e-01
-9.921761751174926758e-01
-5.282005071640014648e-01
4.392432793974876404e-02
-6.975142955780029297e-01
-1.043786406517028809e+00
3.092941343784332275e-01
-1.325656771659851074e-01
2.096242159605026245e-01
4.673258662223815918e-01
6.258992105722427368e-02
-2.786571979522705078e-01
3.124746084213256836e-01
7.282217144966125488e-01
3.866203129291534424e-01
1.368906497955322266e-01
5.642454028129577637e-01
6.419193744659423828e-01
5.714265704154968262e-01
1.216778308153152466e-01
-1.062696099281311035e+00
3.886025547981262207e-01
-2.601185441017150879e-01
1.420633047819137573e-01
-5.109385251998901367e-01
-2.438315302133560181e-01
-1.736435592174530029e-01
-2.632808387279510498e-01
-3.648938834667205811e-01
-1.966324299573898315e-01
-6.592979431152343750e-01
-3.759095212444663048e-03
-1.489927023649215698e-01
-3.414464592933654785e-01
8.056045174598693848e-01
8.102802038192749023e-01
1.949215292930603027e+00
-2.697148621082305908e-01
1.243344306945800781e+00
4.989993274211883545e-01
-3.847233206033706665e-02
1.140347957611083984e+00
-1.320077925920486450e-01
-2.080909609794616699e-01
-1.020805597305297852e+00
-2.019792497158050537e-01
-6.689679026603698730e-01
-7.270270586013793945e-01
2.201203703880310059e-01
-9.183386564254760742e-01
2.324805557727813721e-01
-1.037206277251243591e-01
8.431368470191955566e-01
2.702450156211853027e-01
9.495233744382858276e-02
-2.855793237686157227e-01
1.217985153198242188e-01
-1.471743732690811157e-01
6.868146061897277832e-01
-1.638771444559097290e-01
-3.694316744804382324e-01
5.648423917591571808e-03
1.660553067922592163e-01
5.325327515602111816e-01
6.278873682022094727e-01
5.126046389341354370e-02
2.232391089200973511e-01
-4.223758876323699951e-01
5.779477357864379883e-01
-4.213938117027282715e-02
2.520167529582977295e-01
-6.203989982604980469e-01
-4.867852926254272461e-01
1.339128911495208740e-01
2.817587461322546005e-03
-4.797378480434417725e-01
-1.471239924430847168e-01
5.792354419827461243e-02
-4.624455273151397705e-01
6.075895205140113831e-02
1.725326925516128540e-01
2.484575361013412476e-01
3.904312849044799805e-01
-1.126909032464027405e-01
-5.564500689506530762e-01
-7.571542859077453613e-01
2.043024636805057526e-02
5.306458473205566406e-01
1.402741670608520508e-01
5.656791925430297852e-01
-1.150289028882980347e-01
4.524081051349639893e-01
-4.942272976040840149e-02
8.934488892555236816e-01
9.865048527717590332e-01
1.138806119561195374e-01
-4.913451671600341797e-01
-3.024652004241943359e-01
-2.124544829130172729e-01
-6.337773799896240234e-02
-1.843972206115722656e-01
-6.053999066352844238e-01
-1.119573712348937988e+00
-5.930957198143005371e-01
-4.350367486476898193e-01
-2.558310627937316895e-01
1.517804414033889771e-01
5.573437735438346863e-02
7.244917750358581543e-01
2.024807780981063843e-01
3.819699585437774658e-01
-2.361922711133956909e-02
7.238666415214538574e-01
-1.690850965678691864e-02
3.457880392670631409e-02
-1.307582855224609375e-01
3.515677154064178467e-01
-2.215337604284286499e-01
5.183216333389282227e-01
5.965045690536499023e-01
6.977666616439819336e-01
2.042866945266723633e-01
-1.041201472282409668e+00
4.590839743614196777e-01
5.669113397598266602e-01
1.638300061225891113e+00
2.716336250305175781e-01
-5.084292292594909668e-01
-8.031461834907531738e-01
-2.150917798280715942e-01
3.506881892681121826e-01
1.672244668006896973e-01
1.725338459014892578e+00
-4.904337823390960693e-01
2.771088182926177979e-01
-7.108190059661865234e-01
2.650933265686035156e-01
4.322397112846374512e-01
8.886308670043945312e-01
5.406874418258666992e-01
4.219960868358612061e-01
-1.063020080327987671e-01
4.350055754184722900e-01
-4.664840698242187500e-01
-1.722495406866073608e-01
-6.126818060874938965e-01
-3.815694749355316162e-01
-2.586164772510528564e-01
-9.758766889572143555e-01
-1.748870760202407837e-01
-1.059021279215812683e-01
1.900852620601654053e-01
5.158504843711853027e-01
8.100972175598144531e-01
1.522747725248336792e-01
1.375143826007843018e-01
2.171945273876190186e-01
-2.754659652709960938e-01
-8.178748488426208496e-01
-4.077417775988578796e-02
-9.713834524154663086e-01
6.272367835044860840e-01
-5.537963286042213440e-02
1.413324028253555298e-01
7.362477779388427734e-01
-2.248685508966445923e-01
9.050012230873107910e-01
-2.315829135477542877e-02
-8.469011634588241577e-02
3.533568382263183594e-01
1.438618898391723633e-01
-2.705495655536651611e-01
-1.533113885670900345e-02
-2.593813538551330566e-01
1.563747376203536987e-01
1.667551994323730469e-01
1.615710109472274780e-01
4.330765008926391602e-01
-1.433235555887222290e-01
1.940930038690567017e-01
-7.423913478851318359e-02
4.846948683261871338e-01
-3.247259259223937988e-01
-4.337539151310920715e-02
-5.138418078422546387e-01
-3.406264781951904297e-01
1.788401454687118530e-01
-7.086536288261413574e-01
5.972539186477661133e-01
-3.254573419690132141e-02
2.535437233746051788e-02
2.160797715187072754e-01
7.068920731544494629e-01
4.790079891681671143e-01
-2.716612629592418671e-02
8.070515394210815430e-01
1.171680539846420288e-01
1.515565067529678345e-01
-1.088266372680664062e+00
-6.574513912200927734e-01
-2.852549552917480469e-01
4.900388121604919434e-01
-4.896791875362396240e-01
9.678128361701965332e-02
1.999342441558837891e-01
-1.786500662565231323e-01
-1.084628626704216003e-01
-5.926334261894226074e-01
4.339173734188079834e-01
3.350113332271575928e-01
5.697926282882690430e-01
1.292281784117221832e-02
3.468212187290191650e-01
4.723137617111206055e-01
2.764527201652526855e-01
-1.285732984542846680e-01
-3.016221523284912109e-01
1.001328676939010620e-01
-7.102881073951721191e-01
1.522437334060668945e-01
3.164488673210144043e-01
8.522483706474304199e-01
9.468315541744232178e-02
-4.853964224457740784e-02
-7.771667838096618652e-01
-7.378816604614257812e-02
-6.214238703250885010e-02
-2.821046411991119385e-01
4.934390783309936523e-01
-3.036443591117858887e-01
