-4.431960880756378174e-01
-1.873648017644882202e-01
6.088953465223312378e-02
3.930362164974212646e-01
4.620580077171325684e-01
6.374918818473815918e-01
7.748367637395858765e-02
6.177628878504037857e-03
1.150588765740394592e-01
1.035565212368965149e-01
1.225488334894180298e-01
1.812872886657714844e+00
-1.693827062845230103e-01
5.808073878288269043e-01
1.120217293500900269e-01
-8.921575546264648438e-02
9.095714986324310303e-02
-1.905779391527175903e-01
1.227060705423355103e-01
1.414441466331481934e-01
1.668358743190765381e-01
-2.346724122762680054e-01
-2.546337842941284180e-01
-5.597949624061584473e-01
-3.774910867214202881e-01
-3.018929995596408844e-02
3.925929665565490723e-01
-9.607531875371932983e-02
-3.035061247646808624e-02
4.997466132044792175e-02
3.126643896102905273e-01
3.072814345359802246e-01
4.351096153259277344e-01
-5.534290522336959839e-02
2.364743351936340332e-01
-2.133095115423202515e-01
3.731504548341035843e-03
5.088514685630798340e-01
9.343337267637252808e-02
3.399753868579864502e-01
4.782787561416625977e-01
2.609306871891021729e-01
-1.661120206117630005e-01
3.149031996726989746e-01
-2.730811536312103271e-01
1.122878715395927429e-01
1.651629507541656494e-01
2.209566533565521240e-01
-9.747004508972167969e-02
-4.548130333423614502e-01
-8.530436754226684570e-01
1.128257215023040771e-01
-4.404347389936447144e-02
-2.247177213430404663e-01
2.804478108882904053e-01
7.525151222944259644e-02
4.151122570037841797e-01
-1.252674162387847900e-01
-4.281994998455047607e-01
-1.196070313453674316e-01
-4.177311062812805176e-02
3.633507788181304932e-01
3.495693504810333252e-01
4.987066611647605896e-02
-5.461978912353515625e-01
-3.506649732589721680e-01
-1.775719672441482544e-01
2.966703474521636963e-02
4.676730632781982422e-01
-2.985629141330718994e-01
1.682844012975692749e-02
2.226040959358215332e-01
-5.564342141151428223e-01
-1.815422028303146362e-01
2.440859675407409668e-01
-3.890412449836730957e-01
2.193175792694091797e+00
-1.729233562946319580e-01
3.548599183559417725e-01
-1.140927001833915710e-01
6.124178171157836914e-01
1.291688382625579834e-01
2.348593026399612427e-01
2.941352427005767822e-01
-9.239693731069564819e-02
-1.853934228420257568e-01
-1.855413019657135010e-01
-6.771515011787414551e-01
-1.284255087375640869e-01
2.966966629028320312e-01
3.914802074432373047e-01
8.335629105567932129e-01
1.861676275730133057e-01
7.504020929336547852e-01
-6.695504486560821533e-02
4.313148260116577148e-01
-1.538863629102706909e-01
-2.310217469930648804e-01
-4.685712233185768127e-02
-3.807002305984497070e-01
-5.535532832145690918e-01
-6.706549525260925293e-01
-5.170013904571533203e-01
1.831652522087097168e-01
-2.471464872360229492e-01
-1.294914931058883667e-01
2.275243401527404785e-01
-2.750518023967742920e-01
-7.769119739532470703e-02
-5.028683543205261230e-01
-3.715100288391113281e-01
-1.638788878917694092e-01
-3.216135203838348389e-01
1.518202573060989380e-01
4.091171324253082275e-01
7.425851821899414062e-01
6.412028670310974121e-01
5.001769065856933594e-01
-2.568134665489196777e-02
7.516897916793823242e-01
3.023014590144157410e-02
1.014607623219490051e-01
1.554145961999893188e-01
-2.818897068500518799e-01
-8.377406746149063110e-02
-1.547459214925765991e-01
-3.021550774574279785e-01
1.035369277000427246e+00
6.601965427398681641e-01
-6.417854130268096924e-02
2.360489070415496826e-01
-2.178255468606948853e-01
1.736869849264621735e-02
-1.874985843896865845e-01
9.357065707445144653e-02
-2.169694602489471436e-01
2.474870346486568451e-02
5.959571003913879395e-01
3.941179811954498291e-02
-3.944213390350341797e-01
-8.797460794448852539e-01
-7.356272339820861816e-01
-3.073410391807556152e-01
-8.723001480102539062e-01
-5.899421572685241699e-01
-4.080165922641754150e-01
-1.958651989698410034e-01
2.949534356594085693e-01
6.830158829689025879e-01
1.426796197891235352e+00
1.552375197410583496e+00
1.351716041564941406e+00
9.222860932350158691e-01
1.001608490943908691e+00
-3.919896185398101807e-01
2.433500587940216064e-01
-6.282149553298950195e-01
-7.883552312850952148e-01
-4.785560965538024902e-01
-6.505566239356994629e-01
-5.381920337677001953e-01
-2.752132117748260498e-01
-8.195701986551284790e-02
1.950434893369674683e-01
2.406167536973953247e-01
6.392081379890441895e-01
-2.280629128217697144e-01
-1.198769688606262207e+00
-6.665842533111572266e-01
-4.937127530574798584e-01
-6.211549043655395508e-01
3.844957649707794189e-01
3.450466990470886230e-01
6.385918259620666504e-01
2.000482231378555298e-01
6.742668896913528442e-02
1.612188369035720825e-01
6.603718996047973633e-01
1.857254952192306519e-01
3.921096920967102051e-01
1.574272066354751587e-01
1.735619306564331055e-01
1.353475302457809448e-01
1.152306199073791504e-01
1.381611227989196777e-01
-1.895635426044464111e-01
2.614087611436843872e-02
-3.662187233567237854e-02
1.916386932134628296e-02
-1.609293222427368164e-01
-1.585230082273483276e-01
-8.386210799217224121e-01
4.003227502107620239e-02
-3.202143609523773193e-01
6.788676232099533081e-02
7.719596624374389648e-01
4.098157584667205811e-01
3.915694653987884521e-01
-3.706823885440826416e-01
-3.923715949058532715e-01
-7.219842672348022461e-01
-1.615711003541946411e-01
-2.213936448097229004e-01
-3.889115750789642334e-01
6.849265843629837036e-02
-5.809534341096878052e-02
1.446345448493957520e-01
1.588762700557708740e-01
2.023732364177703857e-01
8.395742624998092651e-02
2.092557549476623535e-01
2.726499140262603760e-01
-2.742608785629272461e-01
1.035675525665283203e+00
2.462077140808105469e-01
1.806091219186782837e-01
7.832491993904113770e-01
3.887920379638671875e-01
1.263759136199951172e-01
-2.287407405674457550e-02
-2.194310575723648071e-01
3.356371521949768066e-01
2.792419493198394775e-01
4.655964076519012451e-01
-3.683389723300933838e-01
-5.582650899887084961e-01
-8.161150217056274414e-01
7.678475230932235718e-02
-2.688295580446720123e-02
-2.798319160938262939e-01
-2.999084591865539551e-01
-1.012864708900451660e+00
-6.036508455872535706e-02
-3.954576700925827026e-02
-8.531993627548217773e-02
3.072104416787624359e-02
-1.563076823949813843e-01
4.815649986267089844e-02
3.571045696735382080e-01
1.452270001173019409e-01
1.153500556945800781e+00
2.544469237327575684e-01
3.930406570434570312e-01
2.388110905885696411e-01
4.254444241523742676e-01
-1.282018572092056274e-01
3.233967423439025879e-01
5.549938082695007324e-01
2.071523219347000122e-01
3.999976217746734619e-01
-4.995631277561187744e-01
-3.697291016578674316e-02
-1.460713744163513184e-01
7.743179202079772949e-01
8.501186221837997437e-02
1.744849205017089844e+00
2.939248383045196533e-01
-1.268624067306518555e-01
-1.660881191492080688e-01
6.882456131279468536e-03
8.049002289772033691e-02
8.363407850265502930e-01
2.027902454137802124e-01
3.065207004547119141e-01
-8.978675305843353271e-02
-9.931988269090652466e-02
2.471169829368591309e-01
-3.065550923347473145e-01
-2.914254069328308105e-01
-3.664989769458770752e-01
-3.102004826068878174e-01
-3.334124684333801270e-01
-2.587528526782989502e-01
1.707921326160430908e-01
-2.037813216447830200e-01
-1.587644219398498535e-01
-2.670447230339050293e-01
-5.706500634551048279e-02
2.964484691619873047e-01
1.723602414131164551e-01
-9.440908581018447876e-02
-1.913807243108749390e-01
1.417318433523178101e-01
3.055058047175407410e-02
-1.717886626720428467e-01
-8.685807883739471436e-02
-8.764394372701644897e-02
8.411695063114166260e-02
1.186066120862960815e-01
4.830615967512130737e-02
1.393938809633255005e-01
4.412091672420501709e-01
9.901201128959655762e-01
2.621987760066986084e-01
1.245367601513862610e-01
2.287781387567520142e-01
4.179724156856536865e-01
-1.958177834749221802e-01
6.396759152412414551e-01
-7.839663326740264893e-02
-1.405056267976760864e-01
-9.795771837234497070e-01
-6.187371015548706055e-01
7.845025658607482910e-01
2.117550075054168701e-01
5.607083439826965332e-01
-1.829983890056610107e-01
-1.576063632965087891e-01
1.836382299661636353e-01
1.217609196901321411e-01
4.054473247379064560e-03
3.640363216400146484e-01
3.112142682075500488e-01
-3.998917043209075928e-01
-3.910397589206695557e-01
-6.491620540618896484e-01
-4.448015391826629639e-01
1.001479029655456543e-01
5.967040061950683594e-01
4.993871152400970459e-01
-7.967791520059108734e-03
1.464289277791976929e-01
-5.928356051445007324e-01
-2.089023590087890625e-01
2.441612929105758667e-01
1.536933928728103638e-01
1.313898563385009766e-01
7.616822123527526855e-01
2.445399910211563110e-01
2.067226469516754150e-01
1.172325685620307922e-01
-3.830426335334777832e-01
-2.292869091033935547e-01
1.182992979884147644e-01
-3.210291638970375061e-02
2.227097004652023315e-01
-2.299987226724624634e-01
-1.425973176956176758e-01
-6.454345583915710449e-01
1.170900538563728333e-01
5.903881192207336426e-01
-1.944189369678497314e-01
3.078826069831848145e-01
1.583200395107269287e-01
5.297042727470397949e-01
7.442859411239624023e-01
2.901747226715087891e-01
5.443095415830612183e-02
-9.215261340141296387e-01
-4.248073399066925049e-01
-4.719197452068328857e-01
-2.293024063110351562e-01
-9.288822114467620850e-02
-5.649731680750846863e-02
-1.016641020774841309e+00
-5.894302725791931152e-01
1.218650415539741516e-01
-9.728487581014633179e-02
1.711168289184570312e-01
-8.203086256980895996e-02
1.060088396072387695e+00
7.442198395729064941e-01
8.801340460777282715e-01
-2.353172898292541504e-01
-2.648937106132507324e-01
-1.917871385812759399e-01
3.022642433643341064e-01
-6.643275022506713867e-01
2.995668947696685791e-01
-4.126593172550201416e-01
-6.189467012882232666e-02
-1.229609828442335129e-03
-1.542022675275802612e-01
-8.619360625743865967e-02
4.469535499811172485e-02
8.828819263726472855e-04
-2.610532939434051514e-01
1.897153705358505249e-01
-1.922053992748260498e-01
-5.448797345161437988e-01
-4.542540311813354492e-01
-2.899751365184783936e-01
-2.375229448080062866e-01
3.666609060019254684e-03
2.845602929592132568e-01
3.920409381389617920e-01
3.216761648654937744e-01
1.662500947713851929e-01
-2.070196568965911865e-01
1.964820474386215210e-01
6.880934238433837891e-01
4.462600946426391602e-01
1.046899557113647461e+00
-2.999061644077301025e-01
-3.119824826717376709e-01
1.437708586454391479e-01
-6.138180494308471680e-01
2.193915396928787231e-01
-2.354085743427276611e-01
-3.229083418846130371e-01
-3.112048655748367310e-02
1.311516880989074707e+00
7.642162442207336426e-01
3.144716098904609680e-02
2.509129643440246582e-01
1.423068046569824219e-01
6.617459654808044434e-01
-3.822188377380371094e-01
-4.215519428253173828e-01
-8.771453052759170532e-02
1.150333285331726074e-01
2.074272483587265015e-01
2.784948050975799561e-02
2.956616878509521484e-01
3.870811685919761658e-02
5.577020645141601562e-01
3.203544318675994873e-01
6.772132962942123413e-02
-5.272348523139953613e-01
3.455852866172790527e-01
7.158266901969909668e-01
-3.069667220115661621e-01
9.279496967792510986e-02
-4.448660612106323242e-01
-2.170142903923988342e-02
-5.133372545242309570e-02
3.986429572105407715e-01
4.630383104085922241e-02
-7.823517322540283203e-01
-1.218856349587440491e-01
-2.842969298362731934e-01
2.417599111795425415e-01
1.041311770677566528e-01
1.002287343144416809e-01
5.663346052169799805e-01
3.386127054691314697e-01
7.338256239891052246e-01
-4.459911286830902100e-01
8.038681745529174805e-01
-9.100810289382934570e-01
-1.820297092199325562e-01
-4.984696209430694580e-01
-3.038079664111137390e-02
-2.467906624078750610e-01
-1.248019859194755554e-01
1.432860344648361206e-01
-1.160599142313003540e-01
5.924450978636741638e-02
6.005645394325256348e-01
3.672327697277069092e-01
1.666203737258911133e-01
3.750434219837188721e-01
1.969448029994964600e-01
-2.980723679065704346e-01
3.720388412475585938e-01
-7.864291220903396606e-02
-2.883968353271484375e-01
-2.770804464817047119e-01
-6.852362155914306641e-01
-1.999875754117965698e-01
-4.207334667444229126e-02
1.693967580795288086e-01
2.806926369667053223e-01
2.084416449069976807e-01
7.981771826744079590e-01
-1.551751345396041870e-01
5.331993475556373596e-02
1.092348918318748474e-01
2.455217540264129639e-01
1.051922664046287537e-01
8.813615143299102783e-02
1.241231560707092285e-01
-5.137608647346496582e-01
-2.880008220672607422e-01
2.764091193675994873e-01
3.804155811667442322e-02
-2.757759094238281250e-01
-5.666133761405944824e-01
-1.829694807529449463e-01
1.148482710123062134e-01
3.094919025897979736e-01
8.569054007530212402e-01
2.278012633323669434e-01
1.081526756286621094e+00
4.648027718067169189e-01
-1.174920499324798584e-01
3.759090006351470947e-01
5.786375701427459717e-02
-9.669739753007888794e-02
-9.398239850997924805e-02
-3.381044268608093262e-01
7.527855038642883301e-01
1.130631566047668457e-01
3.389561176300048828e-01
2.527417615056037903e-02
3.223615288734436035e-01
-2.988903820514678955e-01
-5.156409740447998047e-01
1.398621778935194016e-02
1.267269402742385864e-01
1.052132919430732727e-01
5.380316376686096191e-01
-6.777393221855163574e-01
-1.168393015861511230e+00
-6.018356680870056152e-01
-6.106140017509460449e-01
4.799230024218559265e-02
3.766195774078369141e-01
2.472913742065429688e+00
-4.217523038387298584e-01
1.424982398748397827e-01
-2.468789555132389069e-02
1.243458036333322525e-02
