2.238329648971557617e+00
-1.861183196306228638e-01
3.789234757423400879e-01
6.646319031715393066e-01
5.530545115470886230e-01
7.159937024116516113e-01
8.849885463714599609e-01
-5.249036848545074463e-02
-8.191986083984375000e-01
-1.597541570663452148e+00
-3.797374665737152100e-02
-7.798972129821777344e-01
-8.525530807673931122e-03
-1.118834853172302246e+00
1.208549290895462036e-01
4.319353997707366943e-01
-1.362343877553939819e-01
-8.664865046739578247e-02
9.873766452074050903e-02
4.499827623367309570e-01
7.360784411430358887e-01
1.182756423950195312e+00
-1.914999037981033325e-01
-4.749615490436553955e-01
-1.656352877616882324e-01
-3.211815059185028076e-01
1.589210927486419678e-01
2.304018735885620117e-01
-6.185388565063476562e-01
-5.390130355954170227e-02
-1.957423388957977295e-01
-7.077209353446960449e-01
-4.322693347930908203e-01
-7.810926437377929688e-01
7.849283516407012939e-02
-2.218386530876159668e-02
4.426696524024009705e-02
9.654144048690795898e-01
-1.308693587779998779e-01
-3.342911899089813232e-01
-1.779857993125915527e+00
-2.683844864368438721e-01
-2.640173733234405518e-01
3.402766585350036621e-02
-2.261253297328948975e-01
1.015163660049438477e+00
2.704792320728302002e-01
2.661412358283996582e-01
1.849877536296844482e-01
-1.915433555841445923e-01
-4.592780470848083496e-01
9.963629394769668579e-02
-3.106083869934082031e-01
4.832175076007843018e-01
2.999876737594604492e-01
-2.917810380458831787e-01
-3.114698529243469238e-01
-9.146293997764587402e-01
-1.654561609029769897e-01
-8.320766687393188477e-02
6.358155608177185059e-01
8.416052460670471191e-01
1.510401517152786255e-01
3.125847876071929932e-01
4.955769479274749756e-01
2.153660953044891357e-01
1.974152773618698120e-01
-4.192947447299957275e-01
-3.079828917980194092e-01
1.012290045619010925e-01
7.690010964870452881e-02
-3.426045775413513184e-01
-3.384050130844116211e-01
-6.577517390251159668e-01
-4.252532124519348145e-01
-9.724413156509399414e-01
-5.724751353263854980e-01
2.867887355387210846e-02
-4.320659637451171875e-01
-5.944366455078125000e-01
5.219808220863342285e-01
2.470088452100753784e-01
3.612993061542510986e-01
6.425720453262329102e-01
-1.075503706932067871e+00
-7.562015056610107422e-01
-1.331349760293960571e-01
-5.266504287719726562e-01
7.466642260551452637e-01
8.507896661758422852e-01
9.222673177719116211e-01
-2.081888914108276367e-01
-2.542948722839355469e-01
-5.836525559425354004e-02
-8.007423281669616699e-01
6.360064260661602020e-03
3.672806322574615479e-01
1.075943782925605774e-01
1.359817236661911011e-01
5.192952156066894531e-01
-8.289002180099487305e-01
-7.098868489265441895e-01
-3.558455109596252441e-01
-2.035265415906906128e-01
1.783405393362045288e-01
-3.975231200456619263e-02
-9.363076090812683105e-02
4.310149699449539185e-02
5.304537415504455566e-01
3.925774395465850830e-01
-3.955668807029724121e-01
-1.332098484039306641e+00
4.316075146198272705e-01
7.596321105957031250e-01
2.856143414974212646e-01
-2.586493790149688721e-01
-3.922561407089233398e-01
-3.810900449752807617e-01
9.851659834384918213e-02
4.883624613285064697e-01
6.565772294998168945e-01
5.212356448173522949e-01
-3.905812278389930725e-02
2.788940370082855225e-01
-4.697125554084777832e-01
-3.442100882530212402e-01
3.973614573478698730e-01
5.376893281936645508e-01
-1.507081836462020874e-01
-2.556976974010467529e-01
-5.829834342002868652e-01
-3.101195991039276123e-01
-5.067847371101379395e-01
6.737615913152694702e-02
-1.586212992668151855e+00
-1.246839642524719238e+00
2.284032702445983887e-01
-7.473694086074829102e-01
-6.763604879379272461e-01
8.127597570419311523e-01
3.743764758110046387e-01
8.839484453201293945e-01
9.703803062438964844e-01
1.332163095474243164e+00
5.190858244895935059e-01
-4.067063629627227783e-01
-9.337847232818603516e-01
1.231424883008003235e-01
4.416965246200561523e-01
-4.792485833168029785e-01
2.903991043567657471e-01
-1.257072538137435913e-01
-8.826851248741149902e-01
-1.918774485588073730e+00
-1.179456785321235657e-01
-3.886216580867767334e-01
-3.467678129673004150e-01
7.101283669471740723e-01
2.282711267471313477e-01
4.891966581344604492e-01
1.850137710571289062e-01
6.880253553390502930e-02
4.208822548389434814e-01
5.864183306694030762e-01
4.765420556068420410e-01
4.771747589111328125e-01
8.737421035766601562e-02
-3.616243004798889160e-01
6.839364022016525269e-02
3.124138712882995605e-01
-5.125620365142822266e-01
-2.128935419023036957e-02
-5.978083014488220215e-01
-5.655135959386825562e-02
-4.144814312458038330e-01
3.264738917350769043e-01
6.820140033960342407e-02
1.283898204565048218e-01
-5.598330497741699219e-02
5.470196902751922607e-02
-7.677790522575378418e-02
-5.673835873603820801e-01
1.374126821756362915e-01
5.776013433933258057e-02
3.040499985218048096e-01
3.605118691921234131e-01
-1.816252917051315308e-01
-6.322294473648071289e-01
-1.134552992880344391e-03
2.328871786594390869e-01
-1.734744310379028320e-01
7.489217817783355713e-02
1.833143234252929688e-01
-1.916944980621337891e-01
-6.980226635932922363e-01
-4.043748676776885986e-01
-2.716549038887023926e-01
-5.245720967650413513e-02
2.754625678062438965e-01
3.458272218704223633e-01
5.299049019813537598e-01
1.463009119033813477e+00
-9.375940263271331787e-02
-3.974876180291175842e-02
-6.366827487945556641e-01
-4.832645058631896973e-01
4.178048968315124512e-01
2.241053134202957153e-01
2.672835290431976318e-01
-2.248879522085189819e-01
-3.648905158042907715e-01
-6.987960338592529297e-01
-6.754766106605529785e-01
-3.892260193824768066e-01
-2.780147492885589600e-01
2.427399009466171265e-01
-1.110676005482673645e-01
-2.104139477014541626e-01
1.181624010205268860e-01
-5.125244706869125366e-02
6.520866155624389648e-01
1.118942424654960632e-01
-4.558719992637634277e-01
3.429730832576751709e-01
-1.698950119316577911e-02
-2.173328250646591187e-01
1.226790901273488998e-02
-1.113559976220130920e-01
-3.794023394584655762e-01
-2.569056451320648193e-01
1.458137035369873047e-01
6.877890825271606445e-01
3.087663352489471436e-01
-2.759676575660705566e-01
-3.497855663299560547e-01
-8.147674798965454102e-01
-1.066152930259704590e+00
2.040243595838546753e-01
-1.129242777824401855e-01
3.424800932407379150e-01
-1.501659452915191650e-01
-7.585787028074264526e-02
-1.209274604916572571e-01
-3.687127679586410522e-02
-6.505250185728073120e-02
2.770473957061767578e-01
3.834348618984222412e-01
-4.376564323902130127e-01
-9.587709903717041016e-01
-4.791798591613769531e-01
-4.647972881793975830e-01
6.580107212066650391e-01
-3.569315746426582336e-02
-2.679628431797027588e-01
7.952664792537689209e-02
3.282742500305175781e-01
-1.394373923540115356e-01
-6.964117288589477539e-01
-4.792365059256553650e-02
2.954775393009185791e-01
-2.028825432062149048e-01
-1.023427248001098633e-01
-4.079541265964508057e-01
-1.244913697242736816e+00
-3.406631350517272949e-01
-1.082509830594062805e-01
9.244746528565883636e-03
-8.163172006607055664e-01
-6.341803818941116333e-02
8.502852171659469604e-02
3.834731578826904297e-01
1.576082035899162292e-02
6.731287837028503418e-01
2.969348430633544922e-01
-1.631403863430023193e-01
-3.570707738399505615e-01
-5.813983082771301270e-01
2.040754705667495728e-01
-7.827626168727874756e-02
-1.836382031440734863e+00
-3.548208177089691162e-01
1.905746906995773315e-01
5.967468619346618652e-01
6.195566058158874512e-01
9.625401496887207031e-01
2.980425059795379639e-01
-9.221324324607849121e-02
6.348753720521926880e-02
5.756504535675048828e-01
6.440626382827758789e-01
-3.548991978168487549e-01
1.657260209321975708e-01
-9.216901063919067383e-01
3.547342717647552490e-01
-1.213954612612724304e-01
3.859196901321411133e-01
5.104605853557586670e-02
-7.307270169258117676e-01
-3.356133997440338135e-01
-3.245816528797149658e-01
2.553216218948364258e-01
-5.484073162078857422e-01
-3.914434015750885010e-01
-7.202925682067871094e-01
-3.638873398303985596e-01
-5.885622650384902954e-02
-6.795769929885864258e-02
-1.859555840492248535e-01
-9.013997763395309448e-02
-3.057992756366729736e-01
2.783602178096771240e-01
-2.657082080841064453e-01
5.385935679078102112e-02
-5.971133112907409668e-01
4.138659834861755371e-01
-1.503785233944654465e-02
1.164232254028320312e+00
8.236838132143020630e-02
-3.548022508621215820e-01
-9.140589237213134766e-01
-5.509997606277465820e-01
1.830785274505615234e-01
2.998874150216579437e-02
7.054546475410461426e-01
4.680660963058471680e-01
4.355563521385192871e-01
-6.151553988456726074e-01
-1.957343518733978271e-01
-3.414119184017181396e-01
-6.701277196407318115e-02
4.190251976251602173e-02
5.717935785651206970e-02
1.008030056953430176e+00
9.146919250488281250e-01
-2.637054957449436188e-02
-2.594365775585174561e-01
-1.111786484718322754e+00
-6.356122493743896484e-01
-6.176209449768066406e-02
-8.427932858467102051e-02
6.760990023612976074e-01
-7.049208879470825195e-02
-5.050618052482604980e-01
-3.792494237422943115e-01
-4.015764892101287842e-01
-2.171740308403968811e-02
-4.234442412853240967e-01
7.227095216512680054e-02
6.121386289596557617e-01
-4.473563730716705322e-01
-5.626659393310546875e-01
-1.940361857414245605e-01
1.471895575523376465e-01
4.426647126674652100e-01
-4.543365538120269775e-01
-2.712408900260925293e-01
-4.515880644321441650e-01
-6.583275198936462402e-01
-3.208072483539581299e-01
4.807711839675903320e-01
1.057195425033569336e+00
6.247640848159790039e-01
5.969478487968444824e-01
-3.560605049133300781e-01
9.117968678474426270e-01
6.847461462020874023e-01
7.914619445800781250e-01
2.484048306941986084e-01
8.122550249099731445e-01
-5.078647136688232422e-01
-6.486489176750183105e-01
-4.366834759712219238e-01
-6.733133196830749512e-01
-7.997498512268066406e-01
-5.587880015373229980e-01
3.055676631629467010e-02
-1.061919182538986206e-01
-2.459097653627395630e-01
-4.858610332012176514e-01
-2.334869652986526489e-01
-1.626262068748474121e-01
-2.184425853192806244e-02
5.774545297026634216e-02
7.693399190902709961e-01
2.376665174961090088e-01
-2.261089831590652466e-01
-2.456730008125305176e-01
2.579807341098785400e-01
4.621276557445526123e-01
1.444413214921951294e-01
4.359963238239288330e-01
6.223933398723602295e-02
2.938609384000301361e-02
-6.903991699218750000e-01
-3.324604332447052002e-01
-3.048406541347503662e-01
-1.278150379657745361e-01
-3.507814109325408936e-01
1.257564067840576172e+00
5.201134085655212402e-01
3.815179765224456787e-01
4.680029451847076416e-01
-4.679617881774902344e-01
-6.333332061767578125e-01
-9.540094137191772461e-01
-5.535102486610412598e-01
5.716819688677787781e-02
-8.010745644569396973e-01
-1.236287951469421387e-01
-8.223985433578491211e-01
-4.600797295570373535e-01
-5.244221687316894531e-01
1.374961286783218384e-01
-1.128471493721008301e-01
3.949042558670043945e-01
-1.835610419511795044e-01
-6.106754541397094727e-01
-7.378990054130554199e-01
-4.374462962150573730e-01
2.681419849395751953e-01
5.081622004508972168e-01
3.130771815776824951e-01
-5.093508958816528320e-01
-7.675993442535400391e-01
1.513982936739921570e-02
2.983599714934825897e-02
6.686683893203735352e-01
1.075701475143432617e+00
4.852089583873748779e-01
5.549604892730712891e-01
-4.815810024738311768e-01
-5.810889005661010742e-01
-5.953606963157653809e-01
-8.774966746568679810e-02
-4.251644909381866455e-01
4.344325661659240723e-01
2.073813825845718384e-01
4.425909221172332764e-01
6.590266823768615723e-01
-2.886179089546203613e-01
-6.815229654312133789e-01
-9.039236307144165039e-01
-5.679762959480285645e-01
2.929051518440246582e-01
1.529599446803331375e-02
1.471305191516876221e-01
-5.840707421302795410e-01
9.557184576988220215e-02
1.518391221761703491e-01
1.769595406949520111e-02
1.186412721872329712e-01
2.259874641895294189e-01
5.018787980079650879e-01
-6.595196127891540527e-01
-8.534693121910095215e-01
-2.297429800033569336e+00
-5.437367558479309082e-01
1.617496758699417114e-01
5.926516056060791016e-01
6.201577782630920410e-01
6.312827467918395996e-01
1.038095280528068542e-01
-4.616322517395019531e-01
-4.582681357860565186e-01
-6.814136505126953125e-01
4.180590435862541199e-02
1.987610161304473877e-01
3.556511923670768738e-02
5.511388182640075684e-01
6.630954146385192871e-01
2.339305132627487183e-01
-3.099270537495613098e-02
-5.367749333381652832e-01
2.580824196338653564e-01
3.374320566654205322e-01
1.204910054802894592e-01
1.125295385718345642e-01
-9.594754129648208618e-02
-1.471165865659713745e-01
-5.690184235572814941e-01
-5.379255414009094238e-01
-1.307969331741333008e+00
-1.333601027727127075e-01
3.761536478996276855e-01
-8.096628189086914062e-01
6.493164598941802979e-02
2.391639500856399536e-01
-3.790965676307678223e-01
2.121403366327285767e-01
-3.501233831048011780e-02
5.472834110260009766e-01
4.099074006080627441e-01
-5.642728805541992188e-01
7.463540136814117432e-02
-6.138508915901184082e-01
1.039000973105430603e-02
-2.147470563650131226e-01
3.009518682956695557e-01
4.999191462993621826e-01
-3.371131420135498047e-01
4.438222572207450867e-02
4.982072114944458008e-01
1.867493838071823120e-01
2.441215664148330688e-01
-8.240814208984375000e-01
-6.694541573524475098e-01
2.662127017974853516e-01
7.250254601240158081e-02
2.997424304485321045e-01
-2.539506554603576660e-01
-2.660446465015411377e-01
1.262128632515668869e-02
-3.414523601531982422e-01
