1.805529117584228516e+00
5.803391933441162109e-01
6.904640793800354004e-01
7.078507542610168457e-01
3.666334450244903564e-01
-1.882574558258056641e+00
-6.620128750801086426e-01
-4.651176277548074722e-03
-1.002116501331329346e-01
5.698350071907043457e-01
6.218599081039428711e-01
3.803345188498497009e-02
2.256004661321640015e-01
-3.933174014091491699e-01
-1.067727580666542053e-01
-3.872214257717132568e-01
-6.602874398231506348e-01
-1.708373725414276123e-01
-1.458996385335922241e-01
-4.178768694400787354e-01
3.778747320175170898e-01
1.173556745052337646e-01
1.305856823921203613e+00
1.493511348962783813e-01
-3.143528103828430176e-02
-1.006429433822631836e+00
-7.993543744087219238e-01
-5.228971838951110840e-01
2.298434078693389893e-01
9.928829073905944824e-01
2.105109393596649170e-01
-1.592749208211898804e-01
-2.429714053869247437e-01
-1.072406291961669922e+00
2.309554219245910645e-01
-8.424030542373657227e-01
-7.937600016593933105e-01
-7.396504878997802734e-01
-3.597783446311950684e-01
5.030663311481475830e-02
3.780801892280578613e-01
-3.782064914703369141e-01
5.872020125389099121e-01
4.736023545265197754e-01
6.152590364217758179e-02
-3.328315019607543945e-01
-2.507480382919311523e-01
-5.155504941940307617e-01
2.093976736068725586e-01
-3.729699552059173584e-01
-2.309371531009674072e-02
2.415015697479248047e-01
-1.042768657207489014e-01
-1.038968861103057861e-01
5.045855641365051270e-01
3.799234330654144287e-01
-3.653316497802734375e-01
-1.220589503645896912e-01
-9.597582370042800903e-02
5.943191051483154297e-01
1.064152121543884277e+00
1.021248340606689453e+00
2.935265302658081055e-01
-5.868517160415649414e-01
-7.321743369102478027e-01
-6.645230054855346680e-01
2.592108845710754395e-01
1.619822382926940918e-01
3.825747966766357422e-01
-2.991592697799205780e-02
4.285281989723443985e-03
-3.505723476409912109e-01
-2.429853379726409912e-02
8.269963413476943970e-02
-4.326136410236358643e-01
-9.222179055213928223e-01
-1.721070885658264160e+00
-1.116790413856506348e+00
-5.523161292076110840e-01
-6.456829309463500977e-01
3.063990771770477295e-01
-2.350365966558456421e-01
2.423368953168392181e-02
5.807025358080863953e-02
-3.452519178390502930e-01
-3.585581779479980469e-01
-3.461551666259765625e-01
-1.187616363167762756e-01
5.780265927314758301e-01
2.300323843955993652e-01
4.305620491504669189e-01
1.979013085365295410e-01
3.922314047813415527e-01
1.477728962898254395e+00
4.471417665481567383e-01
5.582939386367797852e-01
-7.799176126718521118e-02
-2.688765823841094971e-01
-9.241134673357009888e-02
8.143718838691711426e-01
-5.695939064025878906e-01
-7.417093515396118164e-01
-5.342168807983398438e-01
-4.473222196102142334e-01
-7.447227835655212402e-01
9.512829035520553589e-02
-6.029090881347656250e-01
-4.661379754543304443e-01
-1.063962560147047043e-02
-1.214507594704627991e-01
-2.062536925077438354e-01
5.646629333496093750e-01
3.472235500812530518e-01
-2.855893075466156006e-01
-2.009398490190505981e-02
3.554300963878631592e-01
4.567204713821411133e-01
-3.580257296562194824e-02
-2.014754265546798706e-01
5.532758310437202454e-02
-4.945845603942871094e-01
-2.419796139001846313e-01
-1.298249661922454834e-01
2.178640216588973999e-01
1.694616079330444336e-01
-2.833781242370605469e-01
2.473560720682144165e-01
2.215739488601684570e-01
4.730299115180969238e-01
6.587356328964233398e-02
-8.531609550118446350e-03
-8.310605287551879883e-01
-3.305754959583282471e-01
-1.288719028234481812e-01
-3.024475276470184326e-01
-6.781322360038757324e-01
-1.090737432241439819e-01
-4.632740318775177002e-01
-6.310645937919616699e-01
-3.315538763999938965e-01
-6.842017173767089844e-01
3.680735230445861816e-01
6.435980796813964844e-01
7.817554473876953125e-01
5.653116106986999512e-01
4.960925877094268799e-01
2.724375128746032715e-01
3.280724585056304932e-02
-1.800346374511718750e-01
-1.270680129528045654e-01
1.266338825225830078e-01
-2.992000877857208252e-01
-3.051174581050872803e-01
-6.271698474884033203e-01
3.458080887794494629e-01
-3.535133898258209229e-01
-1.461773216724395752e-01
-4.696633517742156982e-01
-3.114487417042255402e-02
-1.337946653366088867e-01
-6.013902425765991211e-01
-2.072993963956832886e-01
7.623090595006942749e-02
4.404774010181427002e-01
3.987996876239776611e-01
-1.138905063271522522e-01
-1.224225312471389771e-01
2.822497114539146423e-02
7.818348705768585205e-02
8.425480723381042480e-01
-8.686865866184234619e-02
5.583049058914184570e-01
-7.751411795616149902e-01
6.393964290618896484e-01
1.137910410761833191e-01
-5.180651545524597168e-01
-6.624367833137512207e-01
-3.279600441455841064e-01
-9.906885027885437012e-02
2.518860399723052979e-01
7.584361433982849121e-01
-4.930504858493804932e-01
-3.436025977134704590e-01
-2.077508270740509033e-01
4.404786229133605957e-01
1.104957580566406250e+00
6.334656476974487305e-01
-7.794167399406433105e-01
-3.110256791114807129e-01
-6.395886540412902832e-01
-2.713311910629272461e-01
1.776703447103500366e-01
4.079299569129943848e-01
6.644205003976821899e-02
-4.014436304569244385e-01
-6.404607295989990234e-01
-6.086078882217407227e-01
-6.466491818428039551e-01
-3.885113000869750977e-01
-3.473995625972747803e-01
-2.169396728277206421e-02
5.070165917277336121e-02
-5.343104600906372070e-01
1.046205997467041016e+00
1.053202986717224121e+00
6.564500927925109863e-01
6.200159788131713867e-01
7.599781155586242676e-01
3.509954735636711121e-02
4.739890694618225098e-01
-2.637029588222503662e-01
-1.310995817184448242e+00
-1.094523906707763672e+00
-5.349587276577949524e-02
8.985653519630432129e-01
6.369005441665649414e-01
9.823765605688095093e-02
2.195678502321243286e-01
-9.410895407199859619e-02
-1.491798460483551025e-01
1.909947544336318970e-01
-8.843086361885070801e-01
-9.851455092430114746e-01
-2.147898524999618530e-01
1.311210989952087402e-01
-3.005238175392150879e-01
-7.355220317840576172e-01
-8.993283659219741821e-02
-6.387894153594970703e-01
-5.237997323274612427e-02
2.160241454839706421e-02
1.810359507799148560e-01
-3.460860848426818848e-01
-1.488575786352157593e-01
4.624688327312469482e-01
3.804583251476287842e-01
-3.888286054134368896e-01
2.975502610206604004e-01
9.726481437683105469e-01
1.043112039566040039e+00
1.158844351768493652e+00
7.277001440525054932e-02
-2.272939383983612061e-01
-1.055285453796386719e+00
-1.348335862159729004e+00
-9.780665636062622070e-01
-3.788433670997619629e-01
-1.084520816802978516e+00
-7.995964288711547852e-01
-1.433948874473571777e-01
-2.826858758926391602e-01
3.815796691924333572e-03
2.689035423099994659e-02
1.451751470565795898e+00
1.159344434738159180e+00
3.420193791389465332e-01
-4.636359512805938721e-01
3.409284949302673340e-01
4.721176922321319580e-01
-5.605515241622924805e-01
-1.997807979583740234e+00
-1.961846470832824707e+00
3.299159109592437744e-01
-1.520420461893081665e-01
-2.065273672342300415e-01
-3.114947080612182617e-01
-4.472322165966033936e-01
-1.483706682920455933e-01
1.066045641899108887e+00
9.955583810806274414e-01
4.831087589263916016e-01
-3.635536134243011475e-01
6.112181544303894043e-01
-9.832929074764251709e-02
-8.054313808679580688e-02
-4.829588532447814941e-01
-6.880858540534973145e-01
-9.617359042167663574e-01
-4.601219892501831055e-01
-9.821996092796325684e-01
-5.157258510589599609e-01
-2.768999934196472168e-01
2.502543330192565918e-01
1.648289263248443604e-01
7.091429829597473145e-01
2.482883036136627197e-01
7.686747908592224121e-01
1.248837783932685852e-01
6.706087589263916016e-01
1.702538877725601196e-02
-2.076604962348937988e-01
-5.212590098381042480e-01
-6.503600478172302246e-01
-5.618014335632324219e-01
3.640862405300140381e-01
-1.455774158239364624e-01
-4.210720360279083252e-01
-2.980442941188812256e-01
5.401549339294433594e-01
1.725592017173767090e-01
1.178482547402381897e-01
2.521602213382720947e-01
-4.192423820495605469e-01
-5.199134945869445801e-01
-7.107002735137939453e-01
-1.720318049192428589e-01
-7.683728337287902832e-01
-7.028721570968627930e-01
-2.457506209611892700e-01
-4.620050489902496338e-01
-1.263378560543060303e-01
1.035886332392692566e-01
7.157672196626663208e-02
1.381125003099441528e-01
2.441328018903732300e-01
1.374856829643249512e-01
3.166794776916503906e-01
-2.579809129238128662e-01
6.064618825912475586e-01
-1.959214955568313599e-01
6.056184172630310059e-01
2.099368274211883545e-01
-1.069487482309341431e-01
1.162778958678245544e-01
-6.138302683830261230e-01
1.435828804969787598e-01
1.235761046409606934e-01
4.850721061229705811e-01
-5.623875856399536133e-01
-6.751021742820739746e-01
-6.556993722915649414e-01
-7.495130300521850586e-01
3.375396728515625000e-01
-4.558765143156051636e-02
-3.921094834804534912e-01
-3.869803249835968018e-01
-6.664138436317443848e-01
-6.426175832748413086e-01
-9.051177650690078735e-02
-1.183358192443847656e+00
-6.996110677719116211e-01
-5.033887028694152832e-01
7.383984047919511795e-03
3.715959936380386353e-02
4.247432202100753784e-02
1.008938789367675781e+00
1.145456075668334961e+00
1.195607542991638184e+00
6.839928627014160156e-01
2.349779009819030762e-02
-3.044125437736511230e-01
-2.345811128616333008e-01
6.287260055541992188e-01
2.292989566922187805e-02
1.354663074016571045e-01
-7.323303073644638062e-02
-5.360399186611175537e-02
2.892338931560516357e-01
4.573668241500854492e-01
-2.470477670431137085e-02
-6.216917932033538818e-02
-1.945517659187316895e-01
6.847978569567203522e-03
-2.800894379615783691e-01
-6.745927333831787109e-01
-7.667808532714843750e-01
-3.777421116828918457e-01
-1.155073881149291992e+00
-5.749446898698806763e-02
-1.228471040725708008e+00
-2.583783864974975586e-01
-1.001116037368774414e+00
2.844067662954330444e-02
-1.331122666597366333e-01
6.825807690620422363e-02
2.601882517337799072e-01
4.510795176029205322e-01
7.111985087394714355e-01
7.840190529823303223e-01
2.416710555553436279e-01
4.487607181072235107e-01
7.268444299697875977e-01
1.203780651092529297e+00
5.780913829803466797e-01
2.743476629257202148e-01
3.104559183120727539e-01
1.482895463705062866e-01
-9.950155019760131836e-01
-1.611235886812210083e-01
8.981770873069763184e-01
5.324409008026123047e-01
7.406753301620483398e-01
-1.975359171628952026e-01
-6.316698789596557617e-01
-3.635646998882293701e-01
-3.757957518100738525e-01
-1.090066552162170410e+00
-1.194295406341552734e+00
-1.200782060623168945e+00
-1.499265551567077637e+00
2.531376481056213379e-01
2.688624337315559387e-02
5.638641305267810822e-03
-4.959611594676971436e-01
4.430707916617393494e-02
3.094891011714935303e-01
4.482023417949676514e-01
5.582597106695175171e-02
-1.352997496724128723e-02
2.686148583889007568e-01
2.460318505764007568e-01
3.407419025897979736e-01
8.199569582939147949e-01
3.193022310733795166e-01
3.512627184391021729e-01
-4.153605997562408447e-01
-5.639300942420959473e-01
-4.594618976116180420e-01
-7.200227975845336914e-01
-4.773181378841400146e-01
-5.598606467247009277e-01
-2.347214818000793457e-01
5.936487317085266113e-01
7.921601086854934692e-02
5.625019073486328125e-01
-8.409789800643920898e-01
-4.491919875144958496e-01
-7.058404386043548584e-02
4.567316733300685883e-03
4.194092750549316406e-01
-4.717181026935577393e-01
-1.279301047325134277e-01
-6.638193726539611816e-01
1.535002328455448151e-02
-7.040446251630783081e-02
-8.774302154779434204e-02
1.803016960620880127e-01
2.801196873188018799e-01
1.033632278442382812e+00
6.736113429069519043e-01
1.483272612094879150e-01
-2.998982965946197510e-01
-5.234517529606819153e-02
-1.014337897300720215e+00
-6.739591956138610840e-01
1.459064632654190063e-01
-2.285176962614059448e-01
-7.288029044866561890e-02
8.316949754953384399e-02
-8.697191625833511353e-02
1.325504183769226074e-01
7.341467738151550293e-01
3.003898262977600098e-01
-1.039791181683540344e-01
5.163561105728149414e-01
-2.795317769050598145e-01
-8.678596615791320801e-01
-2.106709957122802734e+00
-1.112766504287719727e+00
2.944806516170501709e-01
1.923634707927703857e-01
4.065733551979064941e-01
4.311950132250785828e-02
7.995543628931045532e-02
-1.767776012420654297e-01
-1.399068534374237061e-01
-1.170276775956153870e-01
2.632016837596893311e-01
2.472098916769027710e-01
-3.545556664466857910e-01
6.594837456941604614e-02
6.230999827384948730e-01
-6.647016853094100952e-02
3.020438551902770996e-01
2.824999094009399414e-01
-3.367974162101745605e-01
-1.883441931568086147e-03
-3.858770430088043213e-01
5.562720894813537598e-01
2.470003515481948853e-01
-4.504983425140380859e-01
-8.199211359024047852e-01
-7.470090389251708984e-01
-1.070618331432342529e-01
-3.468856811523437500e-01
-4.317317306995391846e-01
1.883750110864639282e-01
-1.349722743034362793e-01
-4.574497044086456299e-02
-2.259111702442169189e-01
-1.407067775726318359e-01
-1.695674657821655273e-01
-6.648546457290649414e-01
-4.748488962650299072e-01
3.930890858173370361e-01
5.416377782821655273e-01
1.980513334274291992e-01
2.069083899259567261e-01
-1.387612074613571167e-01
-2.204107493162155151e-01
-1.847765147686004639e-01
-2.289735376834869385e-01
-2.255506217479705811e-01
7.498326897621154785e-01
7.127035409212112427e-02
1.670442372560501099e-01
4.077717661857604980e-01
4.120942056179046631e-01
3.566677272319793701e-01
-1.068610787391662598e+00
1.512954682111740112e-01
-4.039339721202850342e-01
-4.897941648960113525e-01
