-1.846234440803527832e+00
-4.407159090042114258e-01
-5.093402862548828125e-01
-1.968530118465423584e-01
-3.973010778427124023e-01
1.642453521490097046e-01
-4.038734436035156250e-01
1.792206019163131714e-01
5.834363698959350586e-01
1.836595237255096436e-01
7.046899944543838501e-02
5.639711022377014160e-01
6.541253924369812012e-01
3.649044632911682129e-01
2.614872157573699951e-01
1.351101882755756378e-02
4.357286691665649414e-01
1.937872022390365601e-01
6.814481019973754883e-01
6.757770776748657227e-01
5.921730026602745056e-02
-1.588302701711654663e-01
-9.514703601598739624e-02
7.023262232542037964e-02
-4.930830597877502441e-01
4.749798681586980820e-03
-2.958959639072418213e-01
-3.930954933166503906e-01
5.864029526710510254e-01
-6.728711724281311035e-01
-7.791895419359207153e-02
-5.614998936653137207e-01
2.751830033957958221e-02
4.113157391548156738e-01
-3.729778826236724854e-01
4.567492287606000900e-03
-1.062185913324356079e-01
7.879765033721923828e-01
8.904576301574707031e-01
5.853237509727478027e-01
1.527820378541946411e-01
-6.069680303335189819e-02
-5.042499303817749023e-02
-4.698560535907745361e-01
-9.198349900543689728e-03
-3.214106261730194092e-01
1.010545864701271057e-01
5.262154340744018555e-01
3.949558734893798828e-01
-8.445829898118972778e-02
2.447642385959625244e-01
3.163842856884002686e-01
-3.645266294479370117e-01
-4.442184865474700928e-01
-5.879487991333007812e-01
-6.019570231437683105e-01
-1.522870659828186035e-01
7.516809701919555664e-01
3.101047277450561523e-01
1.599308699369430542e-01
3.759401440620422363e-01
4.343266785144805908e-01
-1.889071166515350342e-01
2.621604204177856445e-01
-4.090858101844787598e-01
-3.473773226141929626e-02
1.073204353451728821e-01
-4.495653510093688965e-01
-2.589983046054840088e-01
-3.289811909198760986e-01
-7.032119482755661011e-02
-3.575697541236877441e-01
-1.504286974668502808e-01
-2.442484349012374878e-01
1.875277757644653320e-01
1.529756337404251099e-01
2.724343836307525635e-01
4.784659445285797119e-01
5.001357197761535645e-01
5.020380020141601562e-01
-5.938560515642166138e-02
-2.076952010393142700e-01
1.013629958033561707e-01
-4.711336791515350342e-01
1.362568587064743042e-01
2.639469802379608154e-01
-8.194030821323394775e-02
3.232583403587341309e-02
-2.493676096200942993e-01
-1.249481365084648132e-01
3.204810023307800293e-01
3.327925801277160645e-01
9.687837958335876465e-01
5.145875215530395508e-01
8.288055658340454102e-01
-1.697553694248199463e-01
3.288690149784088135e-01
-9.315493106842041016e-01
-5.095348358154296875e-01
-1.531323790550231934e-01
-5.713667869567871094e-01
3.316857293248176575e-02
1.230714097619056702e-01
-2.001914978027343750e-01
3.205908238887786865e-01
-1.108934879302978516e+00
-3.395493626594543457e-01
-3.023127913475036621e-01
4.536698460578918457e-01
5.330746620893478394e-02
3.989341855049133301e-01
-8.010259270668029785e-01
1.561105698347091675e-01
3.440633416175842285e-01
1.814536303281784058e-01
-9.319439530372619629e-01
-2.065438479185104370e-01
6.141475401818752289e-03
6.341695189476013184e-01
1.692444682121276855e-01
2.840411365032196045e-01
-3.817732445895671844e-03
4.668851792812347412e-01
-1.333947330713272095e-01
-8.001819849014282227e-01
-1.632921695709228516e-01
-3.876124024391174316e-01
2.004654854536056519e-01
1.361318707466125488e+00
3.654487133026123047e-01
5.794487595558166504e-01
-3.275099694728851318e-01
9.507143869996070862e-03
6.405471265316009521e-02
-1.806511729955673218e-01
-6.449174284934997559e-01
7.693779468536376953e-01
-2.006703615188598633e-01
4.623531550168991089e-02
-7.325218059122562408e-03
2.175237536430358887e-01
1.020349040627479553e-01
-4.360787197947502136e-02
-2.679360285401344299e-02
-2.996679246425628662e-01
-6.760094314813613892e-02
-5.770057439804077148e-01
-9.496990591287612915e-03
-5.736954808235168457e-01
-7.154670357704162598e-02
-2.153186127543449402e-02
3.015013039112091064e-01
3.577606379985809326e-01
9.159778952598571777e-01
2.589063942432403564e-01
2.833194136619567871e-01
-2.464884370565414429e-01
5.040524601936340332e-01
4.939355254173278809e-01
7.622584104537963867e-01
4.614582061767578125e-01
1.023440957069396973e-01
3.356638252735137939e-01
-1.798826158046722412e-01
-8.807306885719299316e-01
-7.293813228607177734e-01
-1.024750828742980957e+00
-9.181892871856689453e-02
1.050025701522827148e+00
-2.435883730649948120e-01
5.280817300081253052e-02
-5.129425525665283203e-01
6.922278553247451782e-02
-2.393013536930084229e-01
-2.074659019708633423e-01
-1.850072145462036133e-01
-1.308622360229492188e+00
3.952679932117462158e-01
5.850530266761779785e-01
3.945565223693847656e-01
-5.129464268684387207e-01
5.288271903991699219e-01
1.975211948156356812e-01
1.749544292688369751e-01
-3.006440699100494385e-01
5.391199588775634766e-01
-5.876715183258056641e-01
1.106047511100769043e+00
4.029293358325958252e-01
1.404843479394912720e-01
-4.385115802288055420e-01
-7.046932727098464966e-02
-9.560500979423522949e-01
4.914882406592369080e-02
-3.503642976284027100e-02
-1.635142266750335693e-01
-4.282879829406738281e-02
3.584497570991516113e-01
-2.037020176649093628e-01
-3.492202758789062500e-01
4.285460114479064941e-01
-2.100267708301544189e-01
8.443687856197357178e-02
-9.982386976480484009e-02
-3.220689669251441956e-02
-2.980672754347324371e-02
6.388891339302062988e-01
-7.589037716388702393e-02
6.759344041347503662e-02
-1.054325699806213379e-01
7.542143762111663818e-02
4.100609123706817627e-01
-2.046320438385009766e-01
1.697766482830047607e-01
2.003609836101531982e-01
4.267520308494567871e-01
9.992009401321411133e-01
2.262711226940155029e-01
8.998119086027145386e-02
-5.467657446861267090e-01
-1.092312633991241455e-01
-1.821041405200958252e-01
6.600174307823181152e-02
-9.188115596771240234e-03
-1.125560887157917023e-02
7.822378724813461304e-02
1.376228779554367065e-02
-2.128098458051681519e-01
-1.821353733539581299e-01
-4.008382558822631836e-01
-2.682786881923675537e-01
-1.951380670070648193e-01
2.812098860740661621e-01
6.339120864868164062e-01
-2.907095663249492645e-02
9.601990133523941040e-02
3.520890325307846069e-02
2.037353217601776123e-01
-9.513568282127380371e-01
-3.926369547843933105e-01
-7.912377119064331055e-01
-2.246896177530288696e-01
-6.189201027154922485e-02
4.171099066734313965e-01
6.288408637046813965e-01
6.183763146400451660e-01
-3.368904888629913330e-01
8.367399573326110840e-01
1.123600959777832031e+00
1.011472582817077637e+00
1.077259421348571777e+00
2.977026402950286865e-01
4.912944436073303223e-01
-4.193161800503730774e-02
8.181980252265930176e-02
-5.953462123870849609e-01
5.973352193832397461e-01
-3.806509673595428467e-01
5.892753601074218750e-01
3.397755026817321777e-01
-7.023611068725585938e-01
1.312718391418457031e-01
-4.185175001621246338e-01
-8.056745678186416626e-02
-1.020095229148864746e+00
3.319684267044067383e-01
4.284037947654724121e-01
4.401667416095733643e-01
-5.734791234135627747e-02
3.543834388256072998e-01
-1.381321400403976440e-01
1.692883819341659546e-01
-7.803888320922851562e-01
-2.394617944955825806e-01
-5.933275818824768066e-01
9.633471965789794922e-01
1.496667712926864624e-01
7.553458809852600098e-01
-2.073442041873931885e-01
5.698556900024414062e-01
-6.076505184173583984e-01
-3.366399705410003662e-01
-6.971535682678222656e-01
7.379246503114700317e-02
2.850630283355712891e-01
-3.141819536685943604e-01
-3.898044824600219727e-01
-1.189636811614036560e-01
-4.054560363292694092e-01
-7.341831922531127930e-01
-1.964667588472366333e-01
6.789979338645935059e-01
1.117174774408340454e-01
8.041017651557922363e-01
8.002108335494995117e-01
3.910150825977325439e-01
-2.632571756839752197e-01
-9.678875096142292023e-03
-3.486061692237854004e-01
2.376338541507720947e-01
1.543029248714447021e-01
-2.644044458866119385e-01
1.007237583398818970e-01
9.136853814125061035e-01
2.029656022787094116e-01
1.387702375650405884e-01
-4.425227642059326172e-01
2.101759463548660278e-01
1.660363912582397461e+00
5.545678138732910156e-01
8.118161559104919434e-01
-1.483414918184280396e-01
1.676741391420364380e-01
-2.352708429098129272e-01
-7.497832179069519043e-01
-4.446592926979064941e-01
-4.760243594646453857e-01
2.226529270410537720e-01
-8.188444972038269043e-01
-2.499757260084152222e-01
2.475604265928268433e-01
-3.585468828678131104e-01
3.623158037662506104e-01
-7.530202865600585938e-01
-3.208447694778442383e-01
3.288041353225708008e-01
5.304412245750427246e-01
1.290183424949645996e+00
-1.066118776798248291e-01
2.129461020231246948e-01
-4.401437938213348389e-01
-3.693579137325286865e-01
-4.251002371311187744e-01
-7.643764019012451172e-01
4.054692387580871582e-01
1.148920416831970215e+00
1.217988610267639160e+00
3.923861384391784668e-01
1.169870421290397644e-01
-4.518797993659973145e-01
3.139688819646835327e-02
-2.152064442634582520e-01
-1.831638216972351074e-01
-2.258662879467010498e-01
1.567764580249786377e-02
8.950871825218200684e-01
-2.497229129076004028e-01
-2.439845800399780273e-01
-8.999900221824645996e-01
-7.391916513442993164e-01
2.456873506307601929e-01
6.302341818809509277e-02
-4.985534548759460449e-01
-5.525238513946533203e-01
-8.398672193288803101e-02
2.817394137382507324e-01
8.451191186904907227e-01
3.136597871780395508e-01
7.390568405389785767e-02
-3.846113979816436768e-01
-2.849282324314117432e-01
-3.660866618156433105e-01
-4.829673469066619873e-01
-6.647627949714660645e-01
2.882417142391204834e-01
1.922158360481262207e+00
3.112980127334594727e-01
7.994227409362792969e-01
-1.217778176069259644e-01
3.055796585977077484e-02
-1.161096766591072083e-01
-3.774506971240043640e-02
7.770167291164398193e-02
4.013404846191406250e-01
4.320188164710998535e-01
2.877985537052154541e-01
-2.189134508371353149e-01
-9.729804098606109619e-02
5.104541778564453125e-01
-1.659787595272064209e-01
-3.186562061309814453e-01
-1.889213919639587402e-01
-3.651028275489807129e-01
-1.957270801067352295e-01
2.845469713211059570e-01
1.256020516157150269e-01
-6.572523117065429688e-01
-7.403275966644287109e-01
-2.262887358665466309e-01
-7.141861915588378906e-01
-5.660361051559448242e-01
-3.236832618713378906e-01
3.469185531139373779e-01
4.041834473609924316e-01
6.827221512794494629e-01
2.566812336444854736e-01
2.503730356693267822e-01
-5.116716027259826660e-02
-3.103219866752624512e-01
-9.386725723743438721e-02
1.188135966658592224e-01
-1.498738080263137817e-01
3.996601998805999756e-01
4.258874654769897461e-01
6.547207832336425781e-01
1.512826681137084961e-01
6.093690637499094009e-03
7.454367727041244507e-02
5.486926063895225525e-02
6.025359630584716797e-01
-4.179141223430633545e-01
1.707621514797210693e-01
2.837285399436950684e-01
7.200182676315307617e-01
-1.648447811603546143e-01
-3.380166292190551758e-01
-1.331762671470642090e-01
8.492387086153030396e-02
5.024175643920898438e-01
4.726693630218505859e-01
2.109494954347610474e-01
3.747048974037170410e-01
4.774774238467216492e-02
-5.512695759534835815e-02
-4.397333264350891113e-01
-4.844082891941070557e-01
-5.882927775382995605e-01
7.211493253707885742e-01
1.092788457870483398e+00
-3.702508807182312012e-01
1.689154207706451416e-01
-7.967229485511779785e-01
1.565415710210800171e-01
-1.382222771644592285e-02
-3.323203921318054199e-01
-2.863801419734954834e-01
-1.536283735185861588e-02
6.029848456382751465e-01
5.806474685668945312e-01
4.577148854732513428e-01
-7.483121752738952637e-02
1.471023261547088623e-02
1.748247146606445312e-01
-4.590680897235870361e-01
-2.052703052759170532e-01
-4.384446442127227783e-01
-2.501246333122253418e-01
6.412515640258789062e-01
-1.369788348674774170e-01
1.694836914539337158e-01
-2.730610407888889313e-02
-5.366429314017295837e-02
-1.070926189422607422e-01
1.785248667001724243e-01
-4.130752086639404297e-01
1.373692452907562256e-01
5.947440266609191895e-01
3.863799870014190674e-01
-6.873808801174163818e-02
3.176750540733337402e-01
-5.644323825836181641e-01
-1.610077619552612305e-01
-1.339227855205535889e-01
3.038199841976165771e-01
-2.632322311401367188e-01
6.154220104217529297e-01
4.538822174072265625e-01
3.665184378623962402e-01
-3.288581073284149170e-01
1.457311585545539856e-02
-2.218399941921234131e-01
-1.001895815134048462e-01
3.023269772529602051e-01
1.557066803798079491e-03
-1.986278742551803589e-01
2.243897020816802979e-01
2.957638502120971680e-01
4.835102856159210205e-01
-1.024017632007598877e-01
-4.971012175083160400e-01
-3.439531624317169189e-01
6.422342658042907715e-01
-8.877772092819213867e-01
6.321918368339538574e-01
-6.864207386970520020e-01
4.733207523822784424e-01
-2.440368682146072388e-01
4.882494807243347168e-01
-3.685780465602874756e-01
-1.400722377002239227e-02
9.443530440330505371e-01
1.968217045068740845e-01
-1.498548537492752075e-01
-1.200125217437744141e+00
-5.361754894256591797e-01
-6.384460330009460449e-01
8.699395507574081421e-02
4.141333997249603271e-01
-7.778189331293106079e-02
2.753295302391052246e-01
-6.228502839803695679e-03
-3.599671646952629089e-02
-3.415656462311744690e-02
4.677390158176422119e-01
-5.925889015197753906e-01
3.450889885425567627e-01
2.642423287034034729e-02
3.453191816806793213e-01
-5.650498867034912109e-01
2.846685703843832016e-03
4.683065712451934814e-01
4.067142009735107422e-01
7.168038487434387207e-01
