-8.117879033088684082e-01
6.380697488784790039e-01
-6.890949606895446777e-01
8.728124946355819702e-02
-1.906336396932601929e-01
1.403839290142059326e-01
-3.362566232681274414e-01
1.729986816644668579e-01
-3.454415127635002136e-02
1.709869503974914551e-02
-1.925658285617828369e-01
6.560369729995727539e-01
1.016077678650617599e-02
5.939511656761169434e-01
1.453090645372867584e-02
3.000032007694244385e-01
2.242083847522735596e-01
1.310711354017257690e-01
-7.964516431093215942e-02
1.421617865562438965e-01
5.012274980545043945e-01
2.300886809825897217e-01
3.835299015045166016e-01
-2.938861399888992310e-02
-1.782876253128051758e-02
4.342308342456817627e-01
-3.169201314449310303e-01
5.976059436798095703e-01
2.939004302024841309e-01
4.323722720146179199e-01
3.456850945949554443e-01
-4.931809008121490479e-02
-9.743199348449707031e-01
-1.614471554756164551e+00
-4.565004110336303711e-01
-5.343153476715087891e-01
-1.097436070442199707e+00
3.695013523101806641e-01
7.674777507781982422e-01
1.103843808174133301e+00
1.530424118041992188e+00
1.276064753532409668e+00
2.049967646598815918e-01
7.446985244750976562e-01
4.586352407932281494e-01
1.561020761728286743e-01
6.135169267654418945e-01
-1.574172675609588623e-01
2.529225051403045654e-01
4.840084910392761230e-01
-1.140841692686080933e-01
-6.442166864871978760e-02
1.733481734991073608e-01
-2.037600874900817871e-01
-2.030842006206512451e-01
-1.191196590662002563e-02
1.143065318465232849e-01
1.468375027179718018e-01
-5.497859120368957520e-01
-2.554942965507507324e-01
-2.773420214653015137e-01
-4.479614198207855225e-01
-1.940363943576812744e-01
1.281343251466751099e-01
-5.168520286679267883e-02
2.730435132980346680e-01
-3.801466524600982666e-02
5.110473036766052246e-01
4.727386683225631714e-02
4.269354641437530518e-01
1.171641275286674500e-01
3.146835863590240479e-01
-4.402476847171783447e-01
-6.327392533421516418e-03
-1.059216737747192383e+00
-1.262697577476501465e+00
3.112918436527252197e-01
-9.446111917495727539e-01
3.134156465530395508e-01
1.423758268356323242e-01
4.378300309181213379e-01
5.063120126724243164e-01
5.059020519256591797e-01
6.892982721328735352e-01
7.546747922897338867e-01
4.359105825424194336e-01
5.433207154273986816e-01
4.394194781780242920e-01
-2.729505896568298340e-01
2.811363935470581055e-01
1.817895323038101196e-01
3.126236498355865479e-01
-8.458583801984786987e-02
-2.087109833955764771e-01
1.715578734874725342e-01
-8.056285381317138672e-01
1.974044889211654663e-01
-5.469268560409545898e-01
-6.483677029609680176e-02
-3.534682393074035645e-01
1.153462603688240051e-01
4.590016901493072510e-01
1.882254630327224731e-01
5.660703778266906738e-01
3.908590376377105713e-01
-4.589111208915710449e-01
9.273319244384765625e-01
-2.732334733009338379e-01
2.354358434677124023e-01
-1.203301697969436646e-01
-1.014678739011287689e-03
-1.071646809577941895e-01
9.946421533823013306e-02
-2.858124375343322754e-01
-2.497332356870174408e-02
-2.711974382400512695e-01
-6.760443747043609619e-02
2.277795076370239258e-01
-8.729969859123229980e-01
-4.255536198616027832e-01
-1.775692820549011230e+00
-1.448538452386856079e-01
-7.413472533226013184e-01
-4.649657607078552246e-01
7.089539170265197754e-01
5.977097749710083008e-01
2.586572170257568359e-01
9.528303742408752441e-01
2.250398248434066772e-01
4.831159710884094238e-01
7.306055426597595215e-01
3.051139712333679199e-01
1.157635301351547241e-01
3.142901062965393066e-01
1.177255511283874512e-01
6.817812919616699219e-01
-1.345204114913940430e-01
5.976386070251464844e-01
2.304731309413909912e-01
2.542775869369506836e-01
3.180992305278778076e-01
-3.527781665325164795e-01
2.918033003807067871e-01
-5.286934971809387207e-01
2.751023769378662109e-01
5.034672617912292480e-01
-2.948037534952163696e-02
1.680534780025482178e-01
2.942962348461151123e-01
1.694863587617874146e-01
1.912361979484558105e-01
-4.357747435569763184e-01
-3.993857502937316895e-01
-1.892077803611755371e+00
4.512786865234375000e-02
-7.023746967315673828e-01
-1.497517824172973633e+00
-5.129824876785278320e-01
7.668155431747436523e-02
3.955859839916229248e-01
6.435371041297912598e-01
7.284778356552124023e-01
-7.270995993167161942e-03
1.221952438354492188e-01
6.007959842681884766e-01
1.829456984996795654e-01
8.746045231819152832e-01
5.612659454345703125e-01
3.581409752368927002e-01
-9.246207773685455322e-02
3.698470592498779297e-01
-4.700115919113159180e-01
2.060200572013854980e-01
-1.547252684831619263e-01
-9.271375834941864014e-02
-2.703043222427368164e-01
3.357938826084136963e-01
2.408503927290439606e-02
5.341799855232238770e-01
-1.554777026176452637e-01
4.331699311733245850e-01
-1.480820029973983765e-01
9.984488785266876221e-02
4.311201348900794983e-02
2.182140052318572998e-01
1.647993773221969604e-01
-2.083694487810134888e-01
4.613213241100311279e-03
-4.284895360469818115e-01
7.016842812299728394e-02
-2.673482596874237061e-01
-6.954779028892517090e-01
-8.548259735107421875e-01
-1.347748994827270508e+00
2.042428553104400635e-01
-8.219146132469177246e-01
1.050416380167007446e-02
5.340888351202011108e-02
4.857642948627471924e-01
7.046348452568054199e-01
6.724154353141784668e-01
5.328550338745117188e-01
1.217383265495300293e+00
2.158696502447128296e-01
5.976623892784118652e-01
-1.520710811018943787e-02
-9.842795133590698242e-02
1.201771870255470276e-01
4.395605921745300293e-01
5.796274542808532715e-01
3.709300458431243896e-01
4.688548669219017029e-02
2.538017630577087402e-01
-1.356980949640274048e-01
-3.110417909920215607e-02
-1.229334250092506409e-01
-2.340534180402755737e-01
-2.033568024635314941e-01
-2.418740540742874146e-01
-3.385454118251800537e-01
-1.832233369350433350e-01
-2.198116481304168701e-01
4.871268570423126221e-01
-6.260727643966674805e-01
2.086866647005081177e-01
-2.963645383715629578e-02
-2.219590097665786743e-01
-3.922925889492034912e-02
1.622522920370101929e-01
-4.315053224563598633e-01
2.948982715606689453e-01
-3.060694336891174316e-01
1.276280730962753296e-01
1.976700425148010254e-01
-1.161844879388809204e-01
5.669919252395629883e-01
2.097581177949905396e-01
-3.219632804393768311e-01
4.248678088188171387e-01
2.333771735429763794e-01
1.835736632347106934e-02
6.738764047622680664e-01
3.191687166690826416e-02
8.722881078720092773e-01
1.639351099729537964e-01
4.738294780254364014e-01
5.741501450538635254e-01
1.255977630615234375e+00
5.647299885749816895e-01
-2.123321294784545898e+00
-2.746223211288452148e-01
-1.369869261980056763e-01
-8.373631834983825684e-01
-5.873458981513977051e-01
5.140438079833984375e-01
2.887430489063262939e-01
7.943286895751953125e-01
8.907012343406677246e-01
1.647069454193115234e-01
8.134158849716186523e-01
4.507864713668823242e-01
9.275963306427001953e-01
4.186961948871612549e-01
5.267413854598999023e-01
4.375084042549133301e-01
4.502632915973663330e-01
2.910066246986389160e-01
-1.681592315435409546e-01
-1.641759723424911499e-01
4.055748507380485535e-02
-1.917538195848464966e-01
-2.008095830678939819e-01
-4.709706306457519531e-01
-7.428386807441711426e-02
-7.102610468864440918e-01
3.858161717653274536e-02
-5.165369510650634766e-01
-1.493040621280670166e-01
-6.449075937271118164e-01
4.119208082556724548e-02
-4.479006230831146240e-01
6.095214933156967163e-02
-4.246364235877990723e-01
3.563605248928070068e-01
-6.940878629684448242e-01
2.316512167453765869e-01
-1.126203835010528564e-01
4.741113781929016113e-01
-1.603312045335769653e-01
5.417279601097106934e-01
5.425665378570556641e-01
3.314723372459411621e-01
5.585129261016845703e-01
4.169228971004486084e-01
-4.522275626659393311e-01
4.858754277229309082e-01
-1.450226604938507080e-01
3.015976548194885254e-01
-5.035945773124694824e-01
4.240902066230773926e-01
-1.881391555070877075e-02
1.822272986173629761e-01
6.363686323165893555e-01
1.026208549737930298e-01
1.664768159389495850e-01
9.675672650337219238e-02
2.460471242666244507e-01
-6.658343481831252575e-04
2.361511290073394775e-01
-8.542080223560333252e-02
2.885706909000873566e-02
-5.852267146110534668e-01
3.880752027034759521e-01
-5.974205583333969116e-02
3.107151985168457031e-01
6.015554443001747131e-02
5.351062417030334473e-01
-2.267837971448898315e-01
1.618206128478050232e-02
-1.254188656806945801e+00
-1.381566047668457031e+00
2.697526514530181885e-01
-1.139718651771545410e+00
3.846154212951660156e-01
4.086249768733978271e-01
7.830777168273925781e-01
1.069434881210327148e+00
9.710344076156616211e-01
1.210933446884155273e+00
8.516352176666259766e-01
4.502816498279571533e-01
2.851282358169555664e-01
-1.931463554501533508e-02
4.891616478562355042e-02
2.469243705272674561e-01
4.873066246509552002e-01
2.572045028209686279e-01
2.320833504199981689e-01
-5.697082281112670898e-01
-1.446209661662578583e-02
-1.430983394384384155e-01
-6.220737099647521973e-01
-1.201828196644783020e-01
-1.726759374141693115e-01
-1.601959913969039917e-01
-2.091931551694869995e-01
2.342824190855026245e-01
-1.599268168210983276e-01
-2.086042761802673340e-01
-1.422460526227951050e-01
-4.627883806824684143e-02
-1.195213571190834045e-01
-2.697696387767791748e-01
2.227599620819091797e-01
-3.299879729747772217e-01
-5.930998921394348145e-01
-2.219978570938110352e-01
2.296689003705978394e-01
-4.375134706497192383e-01
7.088135927915573120e-02
-2.740885019302368164e-01
3.436853364109992981e-02
-3.666133284568786621e-01
1.797789335250854492e-01
3.563181757926940918e-01
1.865371763706207275e-01
5.980722233653068542e-02
1.206019371747970581e-01
-1.279874444007873535e-01
9.045239686965942383e-01
1.439191550016403198e-01
4.909799993038177490e-01
2.180855572223663330e-01
-2.699598670005798340e-02
-6.635719537734985352e-02
-1.574425250291824341e-01
-1.140460819005966187e-01
1.685629040002822876e-01
-1.951664127409458160e-02
-2.586101889610290527e-01
-5.668809413909912109e-01
-1.301580369472503662e-01
-3.670695424079895020e-01
1.120859235525131226e-01
1.654180735349655151e-01
1.661508530378341675e-01
1.255612373352050781e-01
1.865239739418029785e-01
-8.099018037319183350e-02
-9.891753643751144409e-02
7.919749617576599121e-02
3.673499524593353271e-01
5.001945495605468750e-01
3.872214257717132568e-01
-2.704606056213378906e-01
6.820209622383117676e-01
-3.239248394966125488e-01
-1.631441414356231689e-01
-3.350974917411804199e-01
-1.906202673912048340e+00
1.012405902147293091e-01
-4.588989019393920898e-01
-6.807632446289062500e-01
9.049473404884338379e-01
-1.697303354740142822e-01
1.276980638504028320e+00
8.351078629493713379e-01
1.158863544464111328e+00
5.958640575408935547e-01
1.002644181251525879e+00
6.462595462799072266e-01
6.133559942245483398e-01
4.115055501461029053e-01
2.409970015287399292e-01
-5.720653012394905090e-02
5.304337143898010254e-01
3.865116238594055176e-01
3.344569206237792969e-01
1.549248099327087402e-01
-7.477962970733642578e-02
8.727473765611648560e-02
-7.503245770931243896e-02
-8.352892994880676270e-01
-1.079015135765075684e-01
-5.734791755676269531e-01
2.081901729106903076e-01
-4.155781269073486328e-01
1.618519872426986694e-01
-5.088340044021606445e-01
3.778911754488945007e-02
3.955090343952178955e-01
-1.337525546550750732e-01
1.358982175588607788e-01
-3.055929243564605713e-01
-1.926496177911758423e-01
4.629420042037963867e-01
-4.671635329723358154e-01
6.717669963836669922e-02
-2.490190863609313965e-01
-1.680975034832954407e-02
2.602853775024414062e-01
-1.581625640392303467e-01
9.593011438846588135e-02
5.061146616935729980e-01
-2.258629500865936279e-01
3.270161896944046021e-02
4.925079941749572754e-01
-3.476082980632781982e-01
4.846551418304443359e-01
-1.376056112349033356e-02
2.049551457166671753e-01
-1.727814227342605591e-01
2.694917321205139160e-01
7.739603519439697266e-02
2.880057096481323242e-01
1.847575604915618896e-02
-4.064733162522315979e-02
9.352250397205352783e-02
-7.940138578414916992e-01
-3.246867954730987549e-01
2.630782425403594971e-01
4.892097041010856628e-02
5.327761769294738770e-01
3.119229674339294434e-01
4.739198386669158936e-01
2.761539816856384277e-02
1.777100861072540283e-01
2.629479467868804932e-01
3.400537371635437012e-01
4.574845433235168457e-01
1.705548353493213654e-02
7.965508699417114258e-01
-3.475007414817810059e-01
-2.350975275039672852e-01
-2.952303290367126465e-01
3.311690092086791992e-01
-3.899654373526573181e-02
-2.822828292846679688e-01
-9.503475427627563477e-01
-1.940827965736389160e-01
-1.331268399953842163e-01
-3.810241520404815674e-01
-8.429781347513198853e-02
-7.892643809318542480e-01
-4.030806720256805420e-01
-2.054711878299713135e-01
-3.835752010345458984e-01
2.032516151666641235e-01
-3.646572232246398926e-01
-4.342327713966369629e-01
-3.272288441658020020e-01
3.673143386840820312e-01
4.499797523021697998e-01
-5.254055932164192200e-02
2.059717327356338501e-01
-2.881007194519042969e-01
6.329483389854431152e-01
5.624792724847793579e-02
3.638541698455810547e-01
6.359028220176696777e-01
3.531554341316223145e-01
1.247318863868713379e+00
6.327548027038574219e-01
8.437630534172058105e-01
1.333416581153869629e+00
-1.109455246478319168e-02
3.266586959362030029e-01
-2.795025408267974854e-01
-2.367398142814636230e-02
-2.075982809066772461e+00
4.139674603939056396e-01
-9.187273383140563965e-01
-5.625618100166320801e-01
