3.693087399005889893e-02
-1.632947847247123718e-02
-1.828274130821228027e-01
-1.156118232756853104e-04
2.255199849605560303e-02
-2.218900024890899658e-01
3.009654348716139793e-03
-1.035015136003494263e-01
1.110752299427986145e-02
-1.812910288572311401e-01
3.978887498378753662e-01
1.467593610286712646e-01
4.553568661212921143e-01
2.521400153636932373e-01
2.711670696735382080e-01
4.190070927143096924e-01
-6.464156508445739746e-01
-3.281009793281555176e-01
-4.347220063209533691e-01
-3.117300271987915039e-01
8.392482250928878784e-02
-1.935756206512451172e-01
2.191578447818756104e-01
4.398974403738975525e-02
4.737814366817474365e-01
7.023258507251739502e-02
-1.427626353688538074e-03
2.210126072168350220e-01
1.741200983524322510e-01
4.359116256237030029e-01
4.495460689067840576e-01
3.435370922088623047e-01
7.921949028968811035e-01
-4.168190360069274902e-01
4.740969240665435791e-01
-1.496214419603347778e-01
3.063755631446838379e-01
2.748839557170867920e-01
1.973822116851806641e-01
9.645615518093109131e-02
2.300141751766204834e-01
3.370898365974426270e-01
-3.770385384559631348e-01
-1.007217168807983398e+00
-4.494159221649169922e-01
-3.836617767810821533e-01
-3.290919959545135498e-01
-3.158148527145385742e-01
1.978306919336318970e-01
3.714997693896293640e-02
-5.321791768074035645e-02
2.663165926933288574e-01
2.675349116325378418e-01
1.107281967997550964e-01
4.088180363178253174e-01
1.131736487150192261e-02
9.822841286659240723e-01
-5.711066722869873047e-02
1.209261119365692139e-01
-6.551130115985870361e-02
-1.063998192548751831e-01
-1.170800402760505676e-01
1.742313653230667114e-01
2.337432466447353363e-02
2.243720889091491699e-01
-3.610545694828033447e-01
4.032045006752014160e-01
3.751302957534790039e-01
2.783027244731783867e-03
-1.148124098777770996e+00
5.741726141422986984e-03
-4.360775947570800781e-01
-2.111745625734329224e-01
-2.867825329303741455e-02
1.680160313844680786e-01
4.601803123950958252e-01
2.094303816556930542e-01
1.759333610534667969e-01
1.050774753093719482e-01
2.668722271919250488e-01
2.730744481086730957e-01
9.154953807592391968e-02
5.419892668724060059e-01
1.492994874715805054e-01
2.252075970172882080e-01
4.082207679748535156e-01
6.611072421073913574e-01
2.009108513593673706e-01
-5.273751616477966309e-01
-6.131526231765747070e-01
2.931139767169952393e-01
-1.974453181028366089e-01
-1.503184884786605835e-01
2.457421123981475830e-01
-4.326502084732055664e-01
3.601500391960144043e-02
-1.976645439863204956e-01
-8.149636536836624146e-02
-3.702579736709594727e-01
2.337857484817504883e-01
3.864274322986602783e-01
-9.059964865446090698e-02
1.018951311707496643e-01
4.062590301036834717e-01
-2.386992424726486206e-01
3.166850507259368896e-01
1.862149536609649658e-01
4.347848892211914062e-02
1.744022965431213379e-01
9.890383481979370117e-02
-5.569425597786903381e-02
6.606870144605636597e-02
1.388159096240997314e-01
1.014625653624534607e-01
-1.170355230569839478e-01
4.675586819648742676e-01
1.078914031386375427e-01
-1.011345982551574707e+00
-2.212341576814651489e-01
-1.471368819475173950e-01
-6.583952903747558594e-02
5.115234293043613434e-03
-3.243833780288696289e-01
1.397062540054321289e-01
6.805707216262817383e-01
-2.358934730291366577e-01
4.454946517944335938e-01
2.583287954330444336e-01
-6.807831674814224243e-02
3.897294998168945312e-01
1.862738579511642456e-01
3.063452430069446564e-02
4.006806313991546631e-01
7.699935436248779297e-01
-6.325564384460449219e-01
-6.823326349258422852e-01
2.542058229446411133e-01
2.300436422228813171e-02
-1.779368370771408081e-01
1.002985611557960510e-01
-1.320309042930603027e-01
-1.522523611783981323e-01
6.425842642784118652e-02
-1.571921855211257935e-01
4.066491425037384033e-01
1.134019047021865845e-01
2.445993572473526001e-01
2.133155465126037598e-01
5.131150484085083008e-01
4.687151312828063965e-01
5.858912467956542969e-01
-1.141012191772460938e+00
5.480163544416427612e-02
-5.029435157775878906e-01
7.346957176923751831e-02
-2.973762154579162598e-01
-1.170582771301269531e-01
-7.619256526231765747e-02
1.064044907689094543e-01
3.508925903588533401e-03
2.111166268587112427e-01
2.284276485443115234e-01
-1.547702103853225708e-01
2.074129879474639893e-04
-4.778598621487617493e-02
7.708895206451416016e-02
2.091138809919357300e-01
4.051536917686462402e-01
-6.624539196491241455e-02
2.002754509449005127e-01
-2.507421374320983887e-01
1.783695966005325317e-01
-1.346878856420516968e-01
-8.338913321495056152e-02
-3.107304275035858154e-01
6.739551573991775513e-02
-1.081694290041923523e-01
5.611619353294372559e-01
-1.039736494421958923e-01
3.535484075546264648e-01
1.397342048585414886e-02
4.392932727932929993e-02
-2.178596258163452148e-01
5.485536903142929077e-02
3.156554996967315674e-01
-2.836421132087707520e-01
2.379292547702789307e-01
-2.270479351282119751e-01
7.523429393768310547e-02
-6.926078349351882935e-02
-9.750739485025405884e-02
1.506816297769546509e-01
5.205491781234741211e-01
4.492036998271942139e-01
-1.477220375090837479e-02
-1.034294605255126953e+00
-2.179255783557891846e-01
-6.117193102836608887e-01
-1.175511106848716736e-01
-2.791706025600433350e-01
-3.267351984977722168e-01
3.982871174812316895e-01
3.710729628801345825e-02
2.563232481479644775e-01
7.299711108207702637e-01
-1.029507890343666077e-01
1.968056261539459229e-01
3.350846096873283386e-02
6.801650524139404297e-01
3.717387020587921143e-01
2.659425735473632812e-01
4.935067594051361084e-01
8.543761074542999268e-02
2.731623351573944092e-01
6.339602172374725342e-02
1.703067123889923096e-01
1.810747236013412476e-01
2.475405782461166382e-01
-1.259740740060806274e-01
1.128514558076858521e-01
2.973999083042144775e-01
-2.786443531513214111e-01
-1.028944015502929688e+00
-2.656450867652893066e-01
-3.039655983448028564e-01
-4.926796555519104004e-01
-4.176547825336456299e-01
1.269705742597579956e-01
-1.706374883651733398e-01
1.292327884584665298e-02
1.256839651614427567e-02
2.975353598594665527e-02
4.514205157756805420e-01
7.213097810745239258e-02
6.930038928985595703e-01
3.825494349002838135e-01
-1.707724481821060181e-01
8.559178560972213745e-03
-1.535520423203706741e-02
-2.685381099581718445e-02
2.908887863159179688e-01
-1.932680979371070862e-02
4.794115424156188965e-01
1.277663558721542358e-02
2.107546851038932800e-02
-2.546807229518890381e-01
9.728361368179321289e-01
2.534967064857482910e-01
3.427777886390686035e-01
2.065103799104690552e-01
-2.642546892166137695e-01
3.771271109580993652e-01
2.183242887258529663e-01
2.894020080566406250e-01
6.166764348745346069e-02
1.873984187841415405e-01
3.243364095687866211e-01
-4.178487230092287064e-03
1.281285006552934647e-02
9.429895132780075073e-02
2.164525836706161499e-01
5.615215301513671875e-01
-1.067691564559936523e+00
-6.174172759056091309e-01
-3.034201562404632568e-01
-3.092764317989349365e-01
-2.049963772296905518e-01
-3.989512324333190918e-01
-3.295800834894180298e-02
-4.167522490024566650e-02
3.005221486091613770e-01
-4.230034723877906799e-02
5.380533337593078613e-01
-1.133769378066062927e-01
4.384260475635528564e-01
5.565237402915954590e-01
5.201828479766845703e-01
1.227154582738876343e-01
1.708465069532394409e-01
1.597403734922409058e-01
2.623355984687805176e-01
-9.539650380611419678e-02
3.509632647037506104e-01
-1.779710650444030762e-01
-6.434557586908340454e-02
5.241598933935165405e-02
2.833325862884521484e-01
-1.391377747058868408e-01
1.045371890068054199e-01
2.083950340747833252e-01
3.700065612792968750e-01
2.903751432895660400e-01
5.959533452987670898e-01
-7.589766383171081543e-02
-1.315175928175449371e-02
3.448080122470855713e-01
-1.015908241271972656e+00
-7.826706767082214355e-01
-5.662618279457092285e-01
-2.015715092420578003e-01
-4.770042002201080322e-01
2.925259619951248169e-02
2.220726311206817627e-01
1.007807254791259766e-01
-1.599859148263931274e-01
2.872267663478851318e-01
1.033195853233337402e-01
4.637730717658996582e-01
3.520179390907287598e-01
5.150440931320190430e-01
-1.366695612668991089e-01
4.576062262058258057e-01
2.894079089164733887e-01
1.770751625299453735e-01
3.258841633796691895e-01
3.722366988658905029e-01
1.095638647675514221e-01
3.662837147712707520e-01
1.332237243652343750e+00
8.195129781961441040e-02
-6.493745744228363037e-02
1.986329406499862671e-01
-3.001740947365760803e-02
4.226555526256561279e-01
-6.143881008028984070e-03
-8.616681694984436035e-01
-8.852064013481140137e-01
-4.901130497455596924e-01
-2.553672194480895996e-01
-2.982451915740966797e-01
-3.760165721178054810e-02
-3.195554614067077637e-01
-2.241349071264266968e-01
-2.408005297183990479e-02
3.726740926504135132e-02
1.191167950630187988e+00
3.464340865612030029e-01
1.560793220996856689e-01
1.647794693708419800e-01
3.096363544464111328e-01
2.103033214807510376e-01
1.550622284412384033e-01
1.029901392757892609e-02
1.401272118091583252e-01
-5.554326809942722321e-03
5.702414512634277344e-01
9.628541022539138794e-02
1.897579133510589600e-01
9.201062470674514771e-02
1.564170420169830322e-01
4.243332147598266602e-02
-3.401601910591125488e-01
2.230539917945861816e-02
3.070199787616729736e-01
-1.511687040328979492e-01
-1.813609153032302856e-01
-1.124021410942077637e-02
-9.542042016983032227e-02
-7.886052876710891724e-02
-1.600719392299652100e-01
2.600262761116027832e-01
-5.071444436907768250e-02
7.029690593481063843e-02
2.709377408027648926e-01
6.627772450447082520e-01
-6.751090288162231445e-02
-1.090647339820861816e+00
-6.974650025367736816e-01
-4.133801460266113281e-01
-1.130933165550231934e-01
-3.651439771056175232e-02
-2.146642468869686127e-02
-4.742981866002082825e-02
4.089710768312215805e-03
1.839999556541442871e-01
2.069836109876632690e-01
5.292492359876632690e-02
5.473269820213317871e-01
2.250917851924896240e-01
1.969395875930786133e-01
4.182171225547790527e-01
-2.576730772852897644e-02
1.164978891611099243e-01
2.976337447762489319e-02
2.991299331188201904e-01
2.734627574682235718e-02
1.587338596582412720e-01
1.544170379638671875e-01
2.373340278863906860e-01
-9.133677184581756592e-02
2.212571501731872559e-01
2.073754817247390747e-01
5.224671959877014160e-01
3.035226464271545410e-01
-6.630881428718566895e-01
-1.003791093826293945e+00
-5.854457020759582520e-01
-4.770451188087463379e-01
9.942860901355743408e-02
-2.889020740985870361e-01
3.079820796847343445e-02
1.640541106462478638e-01
5.314694643020629883e-01
1.047499701380729675e-01
2.655075788497924805e-01
5.191945433616638184e-01
6.220054030418395996e-01
-1.121701449155807495e-01
6.035066843032836914e-01
3.022552132606506348e-01
-1.612091213464736938e-01
4.259392619132995605e-01
5.346670374274253845e-02
-3.484521210193634033e-01
3.093683533370494843e-02
2.883162498474121094e-01
5.296859741210937500e-01
6.353081017732620239e-02
1.371114253997802734e-01
4.083410277962684631e-02
3.841367065906524658e-01
-1.257150024175643921e-01
2.368667274713516235e-01
-4.823628365993499756e-01
2.853282392024993896e-01
8.577753603458404541e-02
2.110678851604461670e-01
-2.892619669437408447e-01
-2.344454079866409302e-01
6.393936872482299805e-01
-6.465025246143341064e-02
2.060176283121109009e-01
3.155119344592094421e-02
1.149932518601417542e-01
-2.949462532997131348e-01
-1.008675575256347656e+00
-4.665071368217468262e-01
-4.113203287124633789e-01
-2.753501534461975098e-01
-2.926214039325714111e-01
4.377452731132507324e-01
-3.552296757698059082e-02
3.276564776897430420e-01
2.131200581789016724e-01
-1.730959713459014893e-01
5.832755565643310547e-01
-1.002919673919677734e-01
3.620851933956146240e-01
2.507007122039794922e-01
5.934249758720397949e-01
-5.212228000164031982e-02
4.413141012191772461e-01
9.329268932342529297e-01
2.832739986479282379e-02
2.759036719799041748e-01
1.626355648040771484e-01
2.625194787979125977e-01
3.130804002285003662e-02
-3.231694996356964111e-01
3.729519844055175781e-01
1.276014000177383423e-01
5.365693569183349609e-01
-1.071735143661499023e+00
-5.438020825386047363e-01
-6.658755540847778320e-01
-3.594885468482971191e-01
-4.327630400657653809e-01
2.672516554594039917e-02
2.104370445013046265e-01
-3.167274296283721924e-01
2.060794457793235779e-02
4.917695224285125732e-01
-4.172715842723846436e-01
-9.760255925357341766e-03
3.017827868461608887e-01
4.632138609886169434e-01
2.257013916969299316e-01
-2.688201665878295898e-01
4.945664852857589722e-02
1.133969202637672424e-01
6.584368348121643066e-01
3.149815797805786133e-01
2.087035030126571655e-01
2.830006480216979980e-01
9.835398197174072266e-02
-8.143794536590576172e-02
4.890096485614776611e-01
-1.323120892047882080e-01
1.934859305620193481e-01
2.946492284536361694e-02
6.305689364671707153e-02
6.299604773521423340e-01
2.807282805442810059e-01
1.196129396557807922e-01
2.788284979760646820e-02
3.420425653457641602e-01
7.243205793201923370e-03
5.828015804290771484e-01
-7.901777029037475586e-01
-8.841745853424072266e-01
-6.411306858062744141e-01
-8.110732585191726685e-02
-4.326789975166320801e-01
2.816781997680664062e-01
1.288127601146697998e-01
-7.989273965358734131e-02
-1.258019655942916870e-01
1.238678917288780212e-01
5.641202926635742188e-01
-6.566590815782546997e-02
1.280611939728260040e-02
1.828315109014511108e-01
3.131290972232818604e-01
