-3.865566551685333252e-01
-5.840044617652893066e-01
-7.775711417198181152e-01
-9.531911611557006836e-01
-1.001676917076110840e+00
-4.359919726848602295e-01
-1.764836311340332031e-01
-1.526212096214294434e-01
-3.846464753150939941e-01
1.653147190809249878e-01
1.276145577430725098e+00
-4.032085416838526726e-04
-3.101088404655456543e-01
-5.854966044425964355e-01
5.565247312188148499e-02
-3.458935767412185669e-02
-4.376607537269592285e-01
-2.716101706027984619e-01
3.362627029418945312e-01
-1.089942216873168945e+00
8.672799468040466309e-01
1.685204744338989258e+00
1.176934719085693359e+00
3.921233713626861572e-01
-3.352053463459014893e-02
-6.716535091400146484e-01
-7.461087703704833984e-01
2.260948866605758667e-01
-2.929250337183475494e-02
4.489623308181762695e-01
1.585581898689270020e-01
-3.914104104042053223e-01
-1.893445551395416260e-01
-9.762182235717773438e-01
4.503534734249114990e-01
-6.028796434402465820e-01
1.970402710139751434e-02
-7.603245973587036133e-02
-8.574280738830566406e-01
-3.672742843627929688e-01
1.307534277439117432e-01
1.352888226509094238e+00
1.637061357498168945e+00
-5.572727918624877930e-01
4.463040530681610107e-01
-8.769270777702331543e-01
-6.627433001995086670e-02
-1.792175769805908203e-01
-5.610642433166503906e-01
-5.487526655197143555e-01
-3.239812254905700684e-01
7.501103281974792480e-01
6.810044646263122559e-01
-3.036014139652252197e-01
8.228823542594909668e-01
4.396543279290199280e-02
-3.068997263908386230e-01
-5.460435748100280762e-01
-3.627138137817382812e-01
-7.120947837829589844e-01
9.057772159576416016e-01
1.013257503509521484e+00
6.124980449676513672e-01
6.906173825263977051e-01
1.284305334091186523e+00
3.009702824056148529e-02
-3.031923472881317139e-01
3.475611209869384766e-01
-5.455568805336952209e-02
-5.772487521171569824e-01
-4.943474531173706055e-01
-1.646095141768455505e-02
-1.080718636512756348e+00
5.564008355140686035e-01
1.212532401084899902e+00
-2.793947756290435791e-01
-1.376890063285827637e+00
-5.525117516517639160e-01
-3.302097618579864502e-01
3.574854433536529541e-01
8.799004554748535156e-01
1.862465143203735352e-01
3.805817067623138428e-01
-3.031970262527465820e-01
-8.022253513336181641e-01
-5.784920454025268555e-01
-4.964836239814758301e-01
-1.456756293773651123e-01
3.824381232261657715e-01
-3.285954892635345459e-01
6.116629838943481445e-01
1.041836142539978027e-01
-8.106594085693359375e-01
9.335395097732543945e-01
4.925265535712242126e-02
-4.309424757957458496e-01
-1.135691478848457336e-01
1.344135880470275879e+00
1.142861962318420410e+00
5.908187627792358398e-01
-4.058378636837005615e-01
-8.894752264022827148e-01
-1.846981346607208252e-01
-2.192343324422836304e-01
-3.242894411087036133e-01
4.750364720821380615e-01
-9.539197087287902832e-01
1.798101663589477539e-01
3.378715217113494873e-01
-7.061015963554382324e-01
6.202658414840698242e-01
3.922353684902191162e-01
1.157448410987854004e+00
6.771429777145385742e-01
2.205533683300018311e-01
6.222780942916870117e-01
-1.376871228218078613e+00
-1.762607544660568237e-01
6.663949042558670044e-02
-7.757667303085327148e-01
-2.082238644361495972e-01
-9.520609974861145020e-01
5.741437077522277832e-01
7.419282197952270508e-01
5.594663619995117188e-01
-9.625874161720275879e-01
4.370689094066619873e-01
5.760217905044555664e-01
1.463203281164169312e-01
-1.491633504629135132e-01
3.000202402472496033e-02
-5.568038225173950195e-01
-3.679696917533874512e-01
7.578907012939453125e-01
1.008911848068237305e+00
-5.660051107406616211e-01
-4.221878051757812500e-01
-1.015389323234558105e+00
-2.946367263793945312e-01
-4.521675109863281250e-01
2.375522106885910034e-01
1.369975566864013672e+00
3.186018764972686768e-01
5.315070748329162598e-01
2.903982400894165039e-01
-4.694391191005706787e-01
-7.955067157745361328e-01
-5.165297985076904297e-01
-2.919362783432006836e-01
5.642240494489669800e-02
-1.002867147326469421e-02
7.590093463659286499e-02
1.917064934968948364e-01
1.150000542402267456e-01
9.074473977088928223e-01
-5.078601837158203125e-01
2.909527420997619629e-01
6.752789020538330078e-01
-2.351499535143375397e-02
-9.065123200416564941e-01
-1.688199490308761597e-01
5.013286471366882324e-01
-1.102179735898971558e-01
5.535716414451599121e-01
2.723193466663360596e-01
5.236333012580871582e-01
-1.231298968195915222e-01
1.832144558429718018e-01
6.734464168548583984e-01
2.368547618389129639e-01
-1.863712817430496216e-01
3.555929958820343018e-01
-2.593983709812164307e-01
-2.079724669456481934e-01
1.298488020896911621e+00
-9.512757658958435059e-01
-1.505732834339141846e-01
-5.239386558532714844e-01
-8.594347238540649414e-01
-9.160262346267700195e-02
-2.385904490947723389e-01
8.075143396854400635e-02
1.894409656524658203e-01
4.172635972499847412e-01
2.382563352584838867e-01
-3.516374230384826660e-01
1.005677223205566406e+00
5.302457809448242188e-01
3.277513086795806885e-01
6.067402362823486328e-01
-9.737448096275329590e-01
-5.045757293701171875e-01
-3.979772925376892090e-01
-8.659573793411254883e-01
7.575681805610656738e-02
-6.248555779457092285e-01
1.819279909133911133e+00
1.651311039924621582e+00
5.117690563201904297e-01
-1.250355392694473267e-01
2.381275147199630737e-01
-4.017017781734466553e-02
-1.034387826919555664e+00
-3.192584216594696045e-01
-7.625535130500793457e-01
-2.777159400284290314e-02
2.052960097789764404e-01
-4.011841416358947754e-01
7.911200821399688721e-02
1.087210252881050110e-01
-8.128516077995300293e-01
-3.286635577678680420e-01
-1.347993463277816772e-01
3.033007681369781494e-01
-1.029539257287979126e-01
1.682347416877746582e+00
1.359845876693725586e+00
4.183268845081329346e-01
4.902280569076538086e-01
5.075528621673583984e-01
-1.579714566469192505e-01
-1.174472928047180176e+00
-1.310322046279907227e+00
-1.150612115859985352e+00
-3.353466689586639404e-01
-4.390814900398254395e-01
-6.752140522003173828e-01
1.845341771841049194e-01
-4.261012673377990723e-01
2.296793013811111450e-01
1.439999341964721680e-01
2.784551382064819336e-01
1.023510813713073730e+00
1.279883742332458496e+00
8.019673228263854980e-01
-1.065181374549865723e+00
2.956317365169525146e-01
8.279940485954284668e-01
-6.665886640548706055e-01
3.335341513156890869e-01
-8.172692060470581055e-01
1.663259506225585938e+00
1.398402333259582520e+00
2.002362161874771118e-01
-1.783477514982223511e-01
-7.323809266090393066e-01
-6.557456254959106445e-01
-1.332952499389648438e+00
-1.111055135726928711e+00
-8.733394742012023926e-01
-6.230541467666625977e-01
-4.081591665744781494e-01
-7.105200290679931641e-01
-6.569511294364929199e-01
-1.215842459350824356e-02
-1.856600791215896606e-01
4.353399276733398438e-01
1.928807049989700317e-01
5.907670259475708008e-01
-1.603819280862808228e-01
6.732010245323181152e-01
1.557764053344726562e+00
-5.138993859291076660e-01
-6.616973131895065308e-02
-7.298739254474639893e-02
-4.383618235588073730e-01
-7.039113640785217285e-01
-1.966532021760940552e-01
-3.071360886096954346e-01
4.902958571910858154e-01
4.221917390823364258e-01
1.614794731140136719e-01
4.613428413867950439e-01
-1.313315033912658691e-01
-7.081669569015502930e-01
8.272098302841186523e-01
1.626859664916992188e+00
3.850418031215667725e-01
9.802566766738891602e-01
3.318455517292022705e-01
-8.993177413940429688e-01
-7.085397839546203613e-02
-8.314251899719238281e-02
-8.705600500106811523e-01
5.350410938262939453e-01
-3.593305349349975586e-01
-1.503617465496063232e-01
-4.824885427951812744e-01
3.538306951522827148e-01
1.064373329281806946e-01
3.511162102222442627e-01
8.030862808227539062e-01
-5.064927339553833008e-01
-4.262114763259887695e-01
4.097764939069747925e-02
-6.827034950256347656e-01
-2.452256530523300171e-01
-9.922930598258972168e-01
3.589282929897308350e-01
-2.262438535690307617e-01
2.048625610768795013e-03
-2.063895389437675476e-02
-6.418015956878662109e-01
2.658993192017078400e-02
2.425038963556289673e-01
7.752116918563842773e-01
1.047575592994689941e+00
1.931708097457885742e+00
-1.294955134391784668e+00
6.284009218215942383e-01
-2.043278366327285767e-01
3.370290994644165039e-01
8.085069656372070312e-01
1.088891506195068359e+00
-2.449393570423126221e-01
-3.585672676563262939e-01
-7.842776179313659668e-01
-9.862135052680969238e-01
-4.962975680828094482e-01
-2.150880336761474609e+00
4.394899606704711914e-01
6.109742522239685059e-01
-1.488352119922637939e-01
-1.909271627664566040e-01
-2.818644233047962189e-02
-2.806942164897918701e-01
6.647279262542724609e-01
-8.007073402404785156e-01
-9.515947699546813965e-01
-1.701285094022750854e-01
-2.461593598127365112e-01
-2.254271060228347778e-01
4.587901756167411804e-02
-1.085354387760162354e-01
2.264870703220367432e-01
-1.709263771772384644e-01
2.335826456546783447e-01
1.015290379524230957e+00
7.853778004646301270e-01
5.972635149955749512e-01
1.671502590179443359e-01
-1.362643361091613770e+00
7.518819570541381836e-01
1.127382993698120117e+00
8.159796595573425293e-01
3.715043663978576660e-01
-6.397371292114257812e-01
-1.179991841316223145e+00
-2.220436334609985352e+00
-1.462467670440673828e+00
1.040695190429687500e+00
9.089996814727783203e-01
2.904665470123291016e-01
2.215261012315750122e-01
-7.605385184288024902e-01
2.162029445171356201e-01
1.310484766960144043e+00
-2.063429355621337891e+00
6.511430740356445312e-01
-6.160534024238586426e-01
-6.132175326347351074e-01
9.019983410835266113e-01
7.813774943351745605e-01
-1.756876707077026367e-02
-3.110112547874450684e-01
-9.471420198678970337e-02
1.524676918983459473e+00
-5.322448611259460449e-01
3.773735463619232178e-01
2.478606998920440674e-01
-2.702493369579315186e-01
-1.192465782165527344e+00
-6.121321320533752441e-01
-1.191605031490325928e-01
-2.017905376851558685e-02
3.322276473045349121e-01
3.330032527446746826e-01
2.867825627326965332e-01
2.479244768619537354e-01
-1.712908148765563965e-01
4.801175594329833984e-01
7.746505737304687500e-01
1.198691725730895996e+00
2.759061157703399658e-01
4.232381880283355713e-01
-5.011520385742187500e-01
2.758741974830627441e-01
-2.245326489210128784e-01
3.687146306037902832e-02
3.830667212605476379e-02
-4.671457111835479736e-01
-1.520086377859115601e-01
-5.092328190803527832e-01
5.586076974868774414e-01
3.390287160873413086e-01
-6.553665995597839355e-01
-3.909663762897253036e-03
-4.700744450092315674e-01
-2.547036409378051758e-01
-8.636586666107177734e-01
3.983617722988128662e-01
-1.134474109858274460e-02
8.362292051315307617e-01
-5.392756462097167969e-01
2.958639264106750488e-01
-6.355284452438354492e-01
-4.122149348258972168e-01
6.812574863433837891e-01
5.327029228210449219e-01
1.647650450468063354e-01
-7.859098315238952637e-01
-2.615143358707427979e-01
-5.106845870614051819e-02
-7.723377943038940430e-01
3.501596674323081970e-02
-7.003601193428039551e-01
-2.206750959157943726e-01
-8.850052952766418457e-01
6.432568430900573730e-01
1.453036665916442871e+00
-1.375839263200759888e-01
-6.109693050384521484e-01
3.081120178103446960e-02
1.369917690753936768e-01
5.088052749633789062e-01
-3.189868628978729248e-01
-2.705949246883392334e-01
-2.796663343906402588e-01
-6.363382935523986816e-02
1.173023700714111328e+00
1.453908681869506836e+00
-2.438100874423980713e-01
3.195059001445770264e-01
-5.701634883880615234e-01
6.359580159187316895e-01
-4.606466293334960938e-01
-7.160093784332275391e-01
1.920743882656097412e-01
-8.332193642854690552e-02
-3.178540468215942383e-01
1.367125213146209717e-01
-1.189899921417236328e+00
7.063066363334655762e-01
7.832791805267333984e-01
-5.548592805862426758e-01
5.476425290107727051e-01
-1.873069107532501221e-01
-4.285465776920318604e-01
5.247557163238525391e-01
-7.089059352874755859e-01
-3.667106330394744873e-01
2.097474485635757446e-01
1.980614662170410156e-01
-8.690611720085144043e-01
1.901956200599670410e-01
-1.077638640999794006e-01
6.122919321060180664e-01
8.845601677894592285e-01
4.104503691196441650e-01
5.065057277679443359e-01
5.282366275787353516e-01
5.758107304573059082e-01
-1.614931225776672363e+00
7.470837980508804321e-02
-5.198633074760437012e-01
-1.563661545515060425e-01
-2.304449379444122314e-01
-1.635244190692901611e-01
-1.546875685453414917e-01
-1.990631371736526489e-01
9.578629136085510254e-01
1.949094682931900024e-01
-6.646353006362915039e-01
7.347722649574279785e-01
2.803173065185546875e-01
-8.960937261581420898e-01
-1.585510849952697754e+00
7.979620099067687988e-01
8.260317891836166382e-02
4.897848963737487793e-01
-5.541202425956726074e-01
1.665260046720504761e-01
6.872438192367553711e-01
9.204241037368774414e-01
1.350459098815917969e+00
1.147055625915527344e+00
-1.794439405202865601e-01
-9.872441291809082031e-01
1.625185608863830566e-01
1.518677771091461182e-01
7.222428172826766968e-02
-3.226239681243896484e-01
-6.819809079170227051e-01
4.757860302925109863e-02
-1.699894219636917114e-01
3.265183568000793457e-01
4.640980064868927002e-01
5.839665532112121582e-01
-6.264302413910627365e-03
-5.200418233871459961e-01
1.912579685449600220e-01
-2.037844806909561157e-01
-4.988578855991363525e-01
-1.507988929748535156e+00
-5.235768556594848633e-01
-4.281156063079833984e-01
8.982521295547485352e-01
1.264912128448486328e+00
4.108345806598663330e-01
-3.372333049774169922e-01
2.497546970844268799e-01
3.746422827243804932e-01
1.486076235771179199e+00
