9.885604381561279297e-01
-3.804674744606018066e-01
9.071266651153564453e-02
-6.559772044420242310e-02
-4.042943939566612244e-02
-2.383861690759658813e-01
-4.770527482032775879e-01
8.825643658638000488e-01
-4.240064918994903564e-01
2.947283685207366943e-01
-2.337431758642196655e-01
-3.172917664051055908e-01
-6.897540092468261719e-01
-9.004972577095031738e-01
-1.499161720275878906e-01
-7.964487075805664062e-01
-1.942553818225860596e-01
-2.115324735641479492e-01
-2.465040087699890137e-01
2.168079465627670288e-02
-6.300780177116394043e-02
-1.147575378417968750e-01
-3.319790661334991455e-01
-2.996607422828674316e-01
2.719461545348167419e-02
2.712346613407135010e-01
6.998122930526733398e-01
3.166018798947334290e-02
-8.603981137275695801e-02
4.761602729558944702e-02
1.017545387148857117e-01
2.032308727502822876e-01
-3.231002390384674072e-02
-2.999190986156463623e-01
2.660957574844360352e-01
-5.129444003105163574e-01
4.152331650257110596e-01
3.668113052845001221e-02
1.570250242948532104e-01
-1.727797240018844604e-01
6.365784257650375366e-02
3.589916527271270752e-01
-2.995845302939414978e-02
8.394936472177505493e-02
-1.350146085023880005e-01
-6.025101542472839355e-01
-6.165646910667419434e-01
-6.199932098388671875e-01
-2.424126267433166504e-01
-5.164729356765747070e-01
2.842977344989776611e-01
-8.560111522674560547e-01
5.110176652669906616e-02
-3.408787548542022705e-01
3.523404523730278015e-02
3.261390328407287598e-01
-1.407795101404190063e-01
-2.173252999782562256e-01
-6.169569119811058044e-02
-1.334413141012191772e-02
4.158139824867248535e-01
3.942508399486541748e-01
5.372035503387451172e-01
-4.068106412887573242e-02
9.017680585384368896e-02
1.368245780467987061e-01
2.223979234695434570e-01
-1.479222625494003296e-01
1.530496925115585327e-01
-5.125452280044555664e-01
-3.733566701412200928e-01
-2.146857380867004395e-01
7.816615700721740723e-02
-2.553038001060485840e-01
-8.114745020866394043e-01
-5.996027588844299316e-01
-5.006415247917175293e-01
2.819097638130187988e-01
1.041905134916305542e-01
3.845696747303009033e-01
1.221715286374092102e-01
-1.311243474483489990e-01
3.005671203136444092e-01
-6.630541086196899414e-01
-3.299290537834167480e-01
-1.759614348411560059e-01
-4.846402704715728760e-01
-1.132408380508422852e-01
-2.036423534154891968e-01
-4.010630249977111816e-01
-2.315832674503326416e-01
-2.535947859287261963e-01
-1.604302972555160522e-01
-2.978705242276191711e-02
5.704276561737060547e-01
5.115954279899597168e-01
4.541170895099639893e-01
2.326516509056091309e-01
9.673114866018295288e-02
3.808258175849914551e-01
-1.156429573893547058e-02
-5.434596538543701172e-02
6.822780370712280273e-01
3.493899106979370117e-01
-1.711017936468124390e-01
-7.459917664527893066e-01
4.326076209545135498e-01
6.115032434463500977e-01
-6.508596241474151611e-02
-4.219510257244110107e-01
-1.193550944328308105e+00
-1.003059983253479004e+00
-1.656387567520141602e+00
-1.932487785816192627e-01
-4.795482158660888672e-01
-7.532239705324172974e-02
-1.129099503159523010e-01
-3.841563761234283447e-01
-3.604570925235748291e-01
1.011305972933769226e-01
-1.546948999166488647e-01
3.079386055469512939e-01
-8.539368957281112671e-02
4.292611479759216309e-01
3.942655622959136963e-01
9.912140667438507080e-02
1.358627974987030029e-01
4.250820875167846680e-01
-1.485094875097274780e-01
4.314964115619659424e-01
-4.323695302009582520e-01
-3.021154701709747314e-01
3.146022558212280273e-01
3.993422389030456543e-01
3.852366209030151367e-01
-2.116578370332717896e-01
-4.467033147811889648e-01
-5.274333953857421875e-01
3.870033845305442810e-02
-2.649099230766296387e-01
3.674225881695747375e-02
-8.774863183498382568e-02
1.687899082899093628e-01
4.374029934406280518e-01
3.193986788392066956e-02
-1.748910993337631226e-01
3.256148695945739746e-01
-2.648919522762298584e-01
-5.904028415679931641e-01
6.710153222084045410e-01
2.090862095355987549e-01
-5.470401644706726074e-01
-1.373851656913757324e+00
-1.423131227493286133e+00
-5.313166379928588867e-01
-7.753174901008605957e-01
-2.713986635208129883e-01
-1.653451770544052124e-01
-3.525153994560241699e-01
4.486689269542694092e-01
4.584604799747467041e-01
-3.430490195751190186e-01
3.812438547611236572e-01
1.257624626159667969e+00
7.095041871070861816e-01
9.856154918670654297e-01
3.323106169700622559e-01
-1.425273902714252472e-02
2.108794748783111572e-01
-2.128757536411285400e-02
4.207117855548858643e-02
1.800110489130020142e-01
-2.520251572132110596e-01
3.997000679373741150e-02
-2.354953736066818237e-01
1.207231953740119934e-01
7.199341058731079102e-02
-8.148485422134399414e-02
-5.730985403060913086e-01
-9.970425814390182495e-02
-4.431664347648620605e-01
-2.592004835605621338e-01
9.500744938850402832e-02
-1.186058074235916138e-01
4.308642446994781494e-01
-4.620507657527923584e-01
-2.233670502901077271e-01
5.260010957717895508e-01
3.858429491519927979e-01
9.045316278934478760e-02
-3.859144076704978943e-02
-1.924616694450378418e-01
-5.971238017082214355e-01
-7.254762053489685059e-01
-3.517571091651916504e-01
-6.067481637001037598e-01
-1.468133479356765747e-01
-2.912301421165466309e-01
-2.444204390048980713e-01
-3.131939470767974854e-01
-5.773251503705978394e-02
2.318325340747833252e-01
3.333562016487121582e-01
6.069836392998695374e-02
2.711860537528991699e-01
4.271960258483886719e-01
4.686603844165802002e-01
4.922483861446380615e-01
7.231830805540084839e-02
-2.107510715723037720e-01
6.617596745491027832e-02
-9.975568950176239014e-02
-1.159939169883728027e-01
-3.883422911167144775e-02
1.018094271421432495e-01
6.288532633334398270e-03
-4.445283114910125732e-01
-3.111002445220947266e-01
2.593390643596649170e-02
2.533448040485382080e-01
-1.568831950426101685e-01
2.001983970403671265e-01
-5.107993483543395996e-01
-6.363803744316101074e-01
-6.388229727745056152e-01
-4.366480708122253418e-01
9.763265401124954224e-02
1.020836159586906433e-01
-4.039410054683685303e-01
-2.572506368160247803e-01
-3.696643710136413574e-01
-4.367132186889648438e-01
-2.346881628036499023e-01
2.626409828662872314e-01
-3.084368407726287842e-01
4.027791619300842285e-01
-2.311825603246688843e-01
8.787251114845275879e-01
6.323973536491394043e-01
5.056063532829284668e-01
2.995216101408004761e-02
1.944469660520553589e-02
5.387832224369049072e-02
-7.470009326934814453e-01
2.701611220836639404e-01
-1.063806295394897461e+00
5.616242289543151855e-01
-4.545933604240417480e-01
1.198892444372177124e-01
-1.524917632341384888e-01
-3.085864782333374023e-01
-1.973769962787628174e-01
-8.145645856857299805e-01
-4.589406847953796387e-01
-5.917910933494567871e-01
-3.657509684562683105e-01
-3.989286124706268311e-01
-1.319148391485214233e-01
-1.145590990781784058e-01
-3.279106616973876953e-01
-2.114676088094711304e-01
-3.827055692672729492e-01
-3.307324275374412537e-02
2.970301918685436249e-02
5.157427191734313965e-01
-2.612015232443809509e-02
2.509188354015350342e-01
-6.702806949615478516e-01
3.027232289314270020e-01
-3.742484748363494873e-01
-3.205095650628209114e-03
-5.819857716560363770e-01
-2.007966190576553345e-01
4.116982221603393555e-01
1.319417953491210938e-01
-1.499479264020919800e-01
2.048314362764358521e-01
-6.375722885131835938e-01
4.230408743023872375e-02
2.162905186414718628e-01
6.750683784484863281e-01
2.946892678737640381e-01
9.260051250457763672e-01
-4.458692967891693115e-01
9.329287707805633545e-02
-2.821566462516784668e-01
2.264797315001487732e-02
-1.286316961050033569e-01
1.069923937320709229e-01
1.114269252866506577e-02
-4.895659089088439941e-01
-9.832369685173034668e-01
-1.667702436447143555e+00
-1.931431770324707031e+00
3.287794291973114014e-01
3.240260779857635498e-01
-4.093873798847198486e-01
4.158326610922813416e-02
8.033030480146408081e-02
-8.588247746229171753e-02
-4.587710648775100708e-02
1.580183655023574829e-01
-3.735516965389251709e-01
-2.279614806175231934e-01
4.579054415225982666e-01
-2.936089038848876953e-01
1.028943583369255066e-01
1.328221559524536133e-01
3.437335416674613953e-02
2.202520370483398438e-01
-1.097486019134521484e-01
7.801290601491928101e-02
-9.134173393249511719e-02
-1.473053693771362305e-01
8.668228983879089355e-02
-2.568169236183166504e-01
2.417032122611999512e-01
-4.032515287399291992e-01
-9.385265707969665527e-01
-2.836937606334686279e-01
-1.695277392864227295e-01
1.596116274595260620e-01
-2.046777904033660889e-01
-1.199522316455841064e-01
-6.788849830627441406e-01
-1.106008887290954590e-01
-7.081755399703979492e-01
6.460235714912414551e-01
-3.911773860454559326e-02
1.852702945470809937e-01
1.905607134103775024e-01
-1.675913929939270020e-01
4.155969321727752686e-01
-5.950672551989555359e-02
1.605998277664184570e-01
-3.459780663251876831e-02
-7.715688943862915039e-01
-6.266828775405883789e-01
1.031994745135307312e-01
-1.265466213226318359e-01
6.418833136558532715e-02
-1.524945497512817383e-01
-1.872243285179138184e-01
-2.228137701749801636e-01
-2.106484621763229370e-01
-7.178227901458740234e-01
2.473390549421310425e-01
-1.944418549537658691e-01
1.922889202833175659e-01
2.526190876960754395e-01
5.234203338623046875e-01
2.094178348779678345e-01
6.140398979187011719e-01
1.171534061431884766e-01
-1.574636064469814301e-02
-3.100881874561309814e-01
1.107373833656311035e-01
-1.427303850650787354e-01
3.287937119603157043e-02
3.034432530403137207e-01
-5.177007913589477539e-01
-3.353566229343414307e-01
1.220103353261947632e-01
-3.365308940410614014e-01
-2.920293249189853668e-03
1.366350427269935608e-02
-7.313598692417144775e-02
-2.364157885313034058e-01
2.125000059604644775e-01
-7.212205976247787476e-02
-3.115313351154327393e-01
-4.199693799018859863e-01
-3.612301945686340332e-01
4.671556353569030762e-01
2.641272544860839844e-01
1.312108635902404785e-01
-1.360459327697753906e-01
-1.950972080230712891e-01
-4.050578773021697998e-01
1.742821186780929565e-01
-7.641688734292984009e-02
1.106295809149742126e-01
4.204483926296234131e-01
4.000234007835388184e-01
1.048001050949096680e-01
-4.126541018486022949e-01
-2.791319787502288818e-01
1.988748013973236084e-01
2.950376570224761963e-01
6.788007616996765137e-01
9.627263247966766357e-02
-2.081570178270339966e-01
-4.626252055168151855e-01
-6.011465191841125488e-01
-1.560201793909072876e-01
-3.039069771766662598e-01
-1.978335231542587280e-01
-3.306533694267272949e-01
-3.888874351978302002e-01
-4.787643253803253174e-01
-9.685926139354705811e-02
1.937327235937118530e-01
-4.939290136098861694e-02
-4.120889008045196533e-01
-1.473252177238464355e-01
-1.310357749462127686e-01
-1.396791636943817139e-01
3.524158149957656860e-02
1.408356130123138428e-01
-2.143680304288864136e-01
-3.012155890464782715e-01
-1.496397703886032104e-01
-2.828848063945770264e-01
5.726913809776306152e-01
-2.694019302725791931e-02
2.474641352891921997e-01
-2.888457775115966797e-01
-3.398546576499938965e-01
-5.848819613456726074e-01
-3.854064643383026123e-01
-1.074520349502563477e+00
2.763984203338623047e-01
-4.539280831813812256e-01
2.301995754241943359e-01
5.583747625350952148e-01
-7.837364077568054199e-02
-6.113710254430770874e-02
-2.742320299148559570e-01
3.165718317031860352e-01
8.787988424301147461e-01
3.025640547275543213e-01
6.462439894676208496e-02
-2.059066295623779297e-01
-6.485591083765029907e-02
-6.308182477951049805e-01
4.424502551555633545e-01
1.104686185717582703e-01
2.350907176733016968e-01
-5.004626512527465820e-01
-1.323322534561157227e+00
-1.319055914878845215e+00
-1.376955151557922363e+00
-8.709571361541748047e-01
-1.509935557842254639e-01
-3.003210425376892090e-01
1.538817584514617920e-02
-2.768223285675048828e-01
-5.489150807261466980e-02
2.385348379611968994e-01
3.841102421283721924e-01
2.695401608943939209e-01
6.374188065528869629e-01
2.130846977233886719e-01
4.789443612098693848e-01
7.818937301635742188e-01
1.160130947828292847e-01
1.675554811954498291e-01
-1.162775307893753052e-01
-1.107706455513834953e-03
2.183500230312347412e-01
-7.068081498146057129e-01
-6.640694737434387207e-01
-5.858584642410278320e-01
-7.276936769485473633e-01
-7.990826964378356934e-01
-5.289162993431091309e-01
-6.033304333686828613e-01
1.329879462718963623e-01
-3.993095830082893372e-03
-2.022143304347991943e-01
-5.805388092994689941e-02
5.306972861289978027e-01
-2.343154400587081909e-01
1.423053264617919922e+00
4.916158914566040039e-01
2.002443671226501465e-01
-7.857079803943634033e-02
1.004831120371818542e-02
4.128408432006835938e-01
5.257413163781166077e-02
-4.354113340377807617e-02
2.907603681087493896e-01
-3.344921767711639404e-02
2.718968987464904785e-01
3.336681127548217773e-01
-2.362951487302780151e-01
-3.228148221969604492e-01
2.531285881996154785e-01
2.584206759929656982e-01
-4.965977370738983154e-01
-1.273928642272949219e+00
-1.042447566986083984e+00
-1.258062958717346191e+00
-8.232580423355102539e-01
-9.645864367485046387e-01
-3.250249624252319336e-01
-8.020400404930114746e-01
-2.907035350799560547e-01
-2.709292769432067871e-01
-3.113700747489929199e-01
8.989723026752471924e-02
8.650043010711669922e-01
8.605471253395080566e-01
9.079108238220214844e-01
2.384190708398818970e-01
7.345070242881774902e-01
7.322242856025695801e-01
8.667210340499877930e-01
1.782640069723129272e-01
-5.114675760269165039e-01
8.196222037076950073e-02
1.994105726480484009e-01
-1.969189792871475220e-01
