-3.089297711849212646e-01
4.818032681941986084e-02
-4.398773312568664551e-01
-6.389501094818115234e-01
3.073810935020446777e-01
-4.763132035732269287e-01
-8.641643822193145752e-02
-1.039611220359802246e+00
-7.814170122146606445e-01
-8.618580549955368042e-02
1.538716077804565430e+00
2.684585154056549072e-01
4.810873270034790039e-01
3.157899975776672363e-01
8.045449256896972656e-01
1.942959129810333252e-01
2.809874713420867920e-01
-2.306297123432159424e-01
2.905804216861724854e-01
8.980727940797805786e-02
1.074464693665504456e-01
2.536670863628387451e-01
2.790085077285766602e-01
-5.489447712898254395e-01
-5.907326340675354004e-01
-1.644877195358276367e-01
1.824230849742889404e-01
-7.289170622825622559e-01
-4.429565072059631348e-01
6.112489104270935059e-01
5.460294485092163086e-01
7.390084266662597656e-01
3.562793135643005371e-01
6.332279741764068604e-02
1.831040382385253906e-01
5.116021633148193359e-01
4.808649718761444092e-01
9.031802415847778320e-01
-9.604156613349914551e-01
-3.546265512704849243e-02
-9.037322402000427246e-01
6.561758518218994141e-01
3.044180572032928467e-01
-5.089266300201416016e-01
-1.290221661329269409e-01
-8.375349640846252441e-02
4.354636371135711670e-01
1.020107045769691467e-01
-7.178255915641784668e-01
1.772770136594772339e-01
7.940030097961425781e-02
1.051071882247924805e-01
-2.315644919872283936e-01
-1.613114774227142334e-01
4.230304360389709473e-01
-2.688549757003784180e-01
6.986180543899536133e-01
5.640988945960998535e-01
3.470479547977447510e-01
9.475298970937728882e-02
-7.614269852638244629e-01
-5.034545063972473145e-01
-8.930528759956359863e-01
2.757881581783294678e-01
3.456675708293914795e-01
1.290405094623565674e-01
4.811195433139801025e-01
1.766750365495681763e-01
-2.973784506320953369e-01
1.089798659086227417e-01
8.491140790283679962e-03
-1.787838488817214966e-01
-2.200534939765930176e-01
7.844021320343017578e-01
4.437044858932495117e-01
-3.228576183319091797e-01
1.052316874265670776e-01
3.097005784511566162e-01
3.515234291553497314e-01
-3.680631816387176514e-01
-1.062110066413879395e-03
-5.604997277259826660e-01
4.334266763180494308e-03
7.668781280517578125e-01
-2.335489541292190552e-01
-1.958759874105453491e-01
2.135225087404251099e-01
3.772329092025756836e-01
5.193338990211486816e-01
4.124334454536437988e-01
8.979164958000183105e-01
1.445693016052246094e+00
-8.010883331298828125e-01
3.911879956722259521e-01
1.876441538333892822e-01
-6.107614040374755859e-01
8.146004378795623779e-02
-4.523473381996154785e-01
-6.045336723327636719e-01
-7.888144850730895996e-01
9.456752538681030273e-01
-2.687705159187316895e-01
-1.016134858131408691e+00
-5.248665809631347656e-01
-7.449903059750795364e-04
-1.168326362967491150e-01
-1.426177918910980225e-01
-3.362965881824493408e-01
4.725095927715301514e-01
1.001652479171752930e+00
-4.900003373622894287e-01
7.706413418054580688e-02
3.011655807495117188e-01
2.102288305759429932e-01
2.142379879951477051e-01
-3.078637272119522095e-02
-4.321966692805290222e-02
3.295549452304840088e-01
-7.606301456689834595e-02
7.319822907447814941e-01
-8.689269423484802246e-02
-5.098061561584472656e-01
-7.874444127082824707e-01
3.014786355197429657e-02
6.905667185783386230e-01
-2.733654975891113281e-01
3.703919649124145508e-01
1.594755500555038452e-01
4.494887292385101318e-01
8.233123458921909332e-03
-3.313393294811248779e-01
-3.596842586994171143e-01
-3.111508190631866455e-01
7.910400032997131348e-01
6.458032131195068359e-01
9.367422200739383698e-03
9.761731028556823730e-01
7.581052184104919434e-01
4.784550368785858154e-01
3.410415351390838623e-01
-6.052762269973754883e-01
-3.886932730674743652e-01
-4.530157744884490967e-01
-5.530114769935607910e-01
-2.553747594356536865e-01
-2.067764699459075928e-01
-5.095354318618774414e-01
-4.981788396835327148e-01
2.501924335956573486e-01
-4.830157384276390076e-02
-1.393006891012191772e-01
1.565869897603988647e-01
4.927439987659454346e-01
-4.570475593209266663e-02
-2.030380964279174805e-01
-1.453730314970016479e-01
2.554686069488525391e-01
1.055756568908691406e+00
6.128942370414733887e-01
-1.915827542543411255e-01
9.026869386434555054e-02
1.424474567174911499e-01
-5.585661903023719788e-02
1.295962184667587280e-01
-9.084380269050598145e-01
7.694325596094131470e-02
-2.575052976608276367e-01
1.778446137905120850e-01
6.468277424573898315e-02
-4.714290499687194824e-01
-1.327478326857089996e-03
2.288050949573516846e-01
-2.648376822471618652e-01
-1.020883843302726746e-01
1.635849177837371826e-01
7.579910159111022949e-01
5.838104709982872009e-02
8.620973825454711914e-01
4.007965624332427979e-01
-2.696754038333892822e-02
-3.198085427284240723e-01
-6.795395612716674805e-01
-2.720702588558197021e-01
4.773242771625518799e-02
1.706397682428359985e-01
-6.210371255874633789e-01
5.261061787605285645e-01
-1.090239733457565308e-01
-1.074315190315246582e+00
-8.605201244354248047e-01
3.712328150868415833e-02
-1.182488072663545609e-02
4.217767417430877686e-01
-3.810144364833831787e-01
5.022727847099304199e-01
1.673033088445663452e-01
5.211278796195983887e-01
-2.473776936531066895e-01
-5.330770611763000488e-01
-1.527631580829620361e-01
-7.181829214096069336e-01
7.086425423622131348e-01
7.781511545181274414e-01
-6.983091235160827637e-01
3.991768360137939453e-01
-4.406171143054962158e-01
9.188774973154067993e-02
-1.560294777154922485e-01
6.454836130142211914e-01
1.935703307390213013e-01
8.453052043914794922e-01
7.345935106277465820e-01
1.588756203651428223e+00
-3.528368175029754639e-01
3.121942877769470215e-01
-7.980507612228393555e-02
1.560904830694198608e-01
6.330838203430175781e-01
8.043471574783325195e-01
4.378005564212799072e-01
-9.832071065902709961e-01
-2.064211517572402954e-01
-1.039144694805145264e-01
-3.322919607162475586e-01
-9.732189029455184937e-02
-8.916101455688476562e-01
-8.084462285041809082e-01
-5.288869142532348633e-02
-7.325088381767272949e-01
-4.215911328792572021e-01
2.656690776348114014e-02
-7.799007296562194824e-01
-5.323727801442146301e-02
7.898564934730529785e-01
-2.091699652373790741e-02
4.910380840301513672e-01
5.309002399444580078e-01
8.893434703350067139e-02
-2.957752440124750137e-03
4.073252677917480469e-01
6.043031811714172363e-01
5.981333255767822266e-01
3.321732580661773682e-01
8.582042902708053589e-02
-4.871950149536132812e-01
1.605947315692901611e-02
7.122846841812133789e-01
8.305018544197082520e-01
3.217789232730865479e-01
9.266895055770874023e-01
-5.486043691635131836e-01
-1.460142582654953003e-01
-5.185346603393554688e-01
5.322722792625427246e-01
-3.077032566070556641e-01
-6.954072117805480957e-01
-2.492083013057708740e-01
7.113748192787170410e-01
-5.606914758682250977e-01
-5.600173026323318481e-02
2.665021717548370361e-01
3.540701568126678467e-01
5.586373805999755859e-01
2.883476614952087402e-01
-9.387405589222908020e-03
1.346938461065292358e-01
4.842545390129089355e-01
1.207911372184753418e-01
3.074433505535125732e-01
-5.571035742759704590e-01
-9.669558405876159668e-01
-5.886565148830413818e-02
-4.158415496349334717e-01
-4.219234734773635864e-02
-1.278826296329498291e-01
-4.138081669807434082e-01
2.200494520366191864e-02
-4.759800434112548828e-01
6.821042895317077637e-01
4.675692617893218994e-01
-6.566251069307327271e-02
-1.945556253194808960e-01
5.394147634506225586e-01
-1.571369469165802002e-01
-5.004798173904418945e-01
-4.250237941741943359e-01
1.717121481895446777e+00
-8.346495032310485840e-01
6.905067563056945801e-01
-9.206707030534744263e-02
1.934550106525421143e-01
3.888082802295684814e-01
5.646251440048217773e-01
5.207055807113647461e-01
-2.709242701530456543e-01
-3.096063435077667236e-01
-1.919145733118057251e-01
-4.384045004844665527e-01
-5.984257459640502930e-01
1.157447934150695801e+00
1.079825997352600098e+00
-5.984706878662109375e-01
1.326758265495300293e-01
-6.092267632484436035e-01
6.972964406013488770e-01
1.559103876352310181e-01
2.454080432653427124e-01
-2.624243199825286865e-01
-3.047856390476226807e-01
-3.618645071983337402e-01
5.712890252470970154e-02
-5.540812611579895020e-01
-2.918440103530883789e-01
-1.528658717870712280e-01
2.991498410701751709e-01
5.388887524604797363e-01
8.491930365562438965e-02
4.310650527477264404e-01
3.639502525329589844e-01
7.914519309997558594e-01
-5.111630558967590332e-01
5.032488107681274414e-01
-9.162662178277969360e-02
-1.285349279642105103e-01
1.555715799331665039e-01
5.677934288978576660e-01
-6.750978827476501465e-01
1.409658342599868774e-01
-8.576701581478118896e-02
3.403751552104949951e-01
1.123910173773765564e-01
-1.170522198081016541e-01
-9.713068008422851562e-01
-1.302797049283981323e-01
4.251490533351898193e-01
3.861751258373260498e-01
6.879457272589206696e-03
-3.933989256620407104e-02
-7.188105583190917969e-01
1.369382381439208984e+00
-4.798423051834106445e-01
1.376323699951171875e-01
-1.512473225593566895e-01
6.183996796607971191e-01
5.698918700218200684e-01
6.812155842781066895e-01
-3.192351162433624268e-01
-5.673117041587829590e-01
-1.544970273971557617e-01
-4.056887626647949219e-01
1.492718756198883057e-01
-5.418375134468078613e-01
-4.943910837173461914e-01
1.543503850698471069e-01
1.706113964319229126e-01
-8.331420421600341797e-01
-2.675161696970462799e-02
9.605749510228633881e-03
4.565464258193969727e-01
-2.768630683422088623e-01
-1.983807981014251709e-02
-1.434627920389175415e-01
1.743251085281372070e-01
7.112993597984313965e-01
-1.099243834614753723e-01
-1.007196493446826935e-02
3.967284560203552246e-01
1.417019814252853394e-01
4.455320537090301514e-01
-5.006733536720275879e-01
4.098203480243682861e-01
4.797815680503845215e-01
-6.743975915014743805e-03
1.639553112909197807e-03
-1.647972464561462402e-01
-3.775582313537597656e-01
6.113141402602195740e-02
-5.087353587150573730e-01
-3.689604625105857849e-02
-6.114666536450386047e-02
-8.153671026229858398e-01
3.324829339981079102e-01
7.207505404949188232e-02
4.227001667022705078e-01
2.480249255895614624e-01
-8.228800296783447266e-01
-1.295526504516601562e+00
-7.624689936637878418e-01
-3.207762241363525391e-01
6.327298879623413086e-01
4.399465918540954590e-01
3.700513839721679688e-01
6.612986326217651367e-01
3.736097216606140137e-01
4.299327731132507324e-01
-2.902580201625823975e-01
-4.261754751205444336e-01
-4.184597730636596680e-01
2.757076621055603027e-01
5.331840515136718750e-01
-1.749034225940704346e-01
4.599362015724182129e-01
7.669190764427185059e-01
6.646639108657836914e-01
4.222764074802398682e-01
-6.852695345878601074e-01
6.610377877950668335e-02
-6.575313806533813477e-01
-1.580149829387664795e-01
-2.562133967876434326e-02
-3.815458118915557861e-01
-1.425682008266448975e-01
-2.592504918575286865e-01
1.479266583919525146e-01
4.046263694763183594e-01
1.207116022706031799e-01
8.810930252075195312e-01
2.696703374385833740e-01
9.892265796661376953e-01
-1.302494555711746216e-01
2.261678576469421387e-01
-4.345741868019104004e-02
-7.206753492355346680e-01
3.300230503082275391e-01
1.935471445322036743e-01
-5.691171288490295410e-01
-2.611077427864074707e-01
2.626062631607055664e-01
3.486898168921470642e-02
1.313984841108322144e-01
-8.541886210441589355e-01
-9.502032995223999023e-01
-1.111151725053787231e-01
4.305223003029823303e-02
-6.427487730979919434e-01
1.679588407278060913e-01
1.294854432344436646e-01
4.418179392814636230e-01
6.265199780464172363e-01
-3.278236985206604004e-01
3.834450244903564453e-01
2.112706750631332397e-01
6.489387899637222290e-02
4.851994216442108154e-01
-2.098266780376434326e-02
4.408760368824005127e-01
7.205558568239212036e-02
-3.399842083454132080e-01
-1.982858218252658844e-02
2.768033444881439209e-01
1.339002996683120728e-01
7.873517274856567383e-02
4.463906586170196533e-01
-2.038067579269409180e-01
-1.605712026357650757e-01
3.550215661525726318e-01
9.796993434429168701e-02
-4.573901593685150146e-01
-9.198026657104492188e-01
4.040984511375427246e-01
3.873439133167266846e-01
1.310543268918991089e-01
9.884096682071685791e-02
2.467151731252670288e-01
-3.869934678077697754e-01
1.302082538604736328e-01
-3.572914898395538330e-01
-6.875419616699218750e-01
4.799838364124298096e-01
8.240579962730407715e-01
-8.390080183744430542e-02
8.077567815780639648e-02
-4.634529054164886475e-01
-8.347608894109725952e-02
4.388617575168609619e-01
1.574221998453140259e-01
2.451685070991516113e-01
-7.225256413221359253e-02
-2.824707031250000000e-01
2.803855240345001221e-01
3.183502256870269775e-01
1.478812992572784424e-01
2.510198056697845459e-01
5.445024371147155762e-01
-2.355379983782768250e-02
-6.395767331123352051e-01
1.862344145774841309e-01
3.845025300979614258e-01
1.543030887842178345e-01
-3.364262282848358154e-01
-2.363190799951553345e-02
8.391385674476623535e-01
3.181312084197998047e-01
3.145113587379455566e-01
-8.341565728187561035e-01
-6.739551573991775513e-02
-8.519813418388366699e-02
-8.455245941877365112e-02
4.397920072078704834e-01
3.565545752644538879e-02
-9.303025901317596436e-02
-4.513658285140991211e-01
-9.258911013603210449e-02
-5.738528966903686523e-01
4.517504572868347168e-01
1.229210868477821350e-01
-4.513546824455261230e-01
-1.120638698339462280e-01
4.473894536495208740e-01
3.516902923583984375e-01
-1.785752475261688232e-01
-2.582877408713102341e-03
-1.869625300168991089e-01
