-1.023458957672119141e+00
3.251390457153320312e-01
-9.131044745445251465e-01
-3.927047252655029297e-01
-3.799508512020111084e-02
2.063194513320922852e-01
-6.038773655891418457e-01
-3.646915256977081299e-01
3.148171901702880859e-01
-3.841067105531692505e-02
-1.705349683761596680e-01
6.660164147615432739e-02
1.016291230916976929e-01
2.972837910056114197e-02
4.130578935146331787e-01
-8.812420070171356201e-02
-4.082654416561126709e-01
7.025627493858337402e-01
9.618905782699584961e-01
9.127115011215209961e-01
-4.020963609218597412e-01
1.494678407907485962e-01
2.686231210827827454e-02
4.413338899612426758e-01
-4.163088500499725342e-01
-3.231328427791595459e-01
-5.171575546264648438e-01
-1.014101743698120117e+00
-9.331106543540954590e-01
4.165881574153900146e-01
-1.063461974263191223e-01
4.768524318933486938e-02
1.012594848871231079e-01
8.144017457962036133e-01
1.039051488041877747e-01
9.855520725250244141e-01
-2.750262916088104248e-01
5.359943509101867676e-01
5.896030068397521973e-01
3.455936014652252197e-01
4.375887289643287659e-02
-7.101567387580871582e-01
1.517856493592262268e-02
4.696531593799591064e-02
-9.595991373062133789e-01
-4.143530130386352539e-02
5.663997530937194824e-01
-2.278816998004913330e-01
3.396583348512649536e-02
1.458697915077209473e-01
2.049920558929443359e-01
2.086727134883403778e-02
-5.604783296585083008e-01
1.033167839050292969e+00
6.791492104530334473e-01
3.206959366798400879e-01
-3.726794719696044922e-01
1.609758973121643066e+00
-2.559963762760162354e-01
-1.120107471942901611e-01
-5.664504766464233398e-01
-7.548437714576721191e-01
-6.616828441619873047e-01
-4.703668057918548584e-01
-7.839735150337219238e-01
1.399738192558288574e-01
6.910191476345062256e-02
1.737109422683715820e-01
1.042429089546203613e+00
6.715834736824035645e-01
-1.530879735946655273e-01
8.014229536056518555e-01
-7.623209953308105469e-01
-2.523344755172729492e-01
3.027306869626045227e-02
-3.544954955577850342e-01
4.518707096576690674e-01
6.470725536346435547e-01
-5.800222158432006836e-01
-3.933032602071762085e-02
3.533207774162292480e-01
1.169362738728523254e-01
1.339677214622497559e+00
3.681906759738922119e-01
9.862562268972396851e-02
1.142187118530273438e+00
-1.339783072471618652e+00
3.627908602356910706e-02
-5.399602055549621582e-01
-8.001592755317687988e-02
-5.258486792445182800e-02
4.004478752613067627e-01
1.984655559062957764e-01
6.716563105583190918e-01
4.636849462985992432e-01
-8.015037178993225098e-01
3.966979682445526123e-01
8.533771634101867676e-01
-3.516596853733062744e-01
-8.350468277931213379e-01
5.073872208595275879e-01
3.714882731437683105e-01
-1.265065521001815796e-01
-2.803852558135986328e-01
9.792078733444213867e-01
-7.945719361305236816e-01
-1.021350979804992676e+00
-3.410827368497848511e-02
1.723760366439819336e-01
-1.463625729084014893e-01
1.985025852918624878e-01
-2.559478282928466797e-01
1.091211438179016113e-01
-2.948796153068542480e-01
-8.538697361946105957e-01
-1.252350509166717529e-01
2.105479985475540161e-01
9.618445485830307007e-02
-2.519544064998626709e-01
1.229049935936927795e-01
4.096728563308715820e-02
4.526086747646331787e-01
1.933819148689508438e-03
1.468084473162889481e-02
6.141821742057800293e-01
2.262410819530487061e-01
1.153116747736930847e-01
3.459357917308807373e-01
1.060964688658714294e-01
3.999345302581787109e-01
2.841050326824188232e-01
-1.374965459108352661e-01
6.976428627967834473e-01
-2.498481571674346924e-01
-6.464805603027343750e-01
4.563669264316558838e-01
2.572771906852722168e-01
-2.685751914978027344e-01
4.529501497745513916e-01
3.587773144245147705e-01
-2.035956233739852905e-01
-1.612909585237503052e-01
-8.248939514160156250e-01
-4.847478270530700684e-01
1.600339859724044800e-01
4.041427075862884521e-01
-1.090621352195739746e+00
-5.790603756904602051e-01
-8.125463128089904785e-02
7.779502868652343750e-01
2.692779898643493652e-01
1.463698744773864746e+00
4.458038210868835449e-01
5.566911697387695312e-01
-1.018559813499450684e+00
2.281160280108451843e-02
-2.207444459199905396e-01
-4.686111807823181152e-01
-5.381152629852294922e-01
-3.518385887145996094e-01
2.868894934654235840e-01
1.109617233276367188e+00
7.985914349555969238e-01
5.423390865325927734e-01
1.353328675031661987e-01
8.795806020498275757e-02
7.069211006164550781e-01
-3.296454548835754395e-01
-1.862822771072387695e-01
-5.975089669227600098e-01
-4.039310812950134277e-01
-8.216710090637207031e-01
-6.681637763977050781e-01
-2.667993120849132538e-02
-1.622330993413925171e-01
-7.495484948158264160e-01
-5.617201328277587891e-01
-1.002231538295745850e-01
9.878476262092590332e-01
5.749359726905822754e-01
6.454931497573852539e-01
6.635906547307968140e-02
5.558214187622070312e-01
1.170701980590820312e+00
7.084982842206954956e-02
-9.198775291442871094e-01
-4.553249180316925049e-01
-3.537903726100921631e-02
-6.653278470039367676e-01
-6.447652578353881836e-01
2.705975770950317383e-01
-1.394589841365814209e-01
2.811003029346466064e-01
9.320679903030395508e-01
1.938441097736358643e-01
8.433474227786064148e-03
1.490641683340072632e-01
-1.210713535547256470e-01
-5.343174338340759277e-01
1.465969383716583252e-01
-1.015848070383071899e-01
1.502856910228729248e-01
4.793392717838287354e-01
3.338646888732910156e-01
9.712347984313964844e-01
-3.678717315196990967e-01
-1.065357446670532227e+00
-7.217330336570739746e-01
-7.743073105812072754e-01
7.452306151390075684e-02
2.021183967590332031e+00
1.053819894790649414e+00
3.742414414882659912e-01
3.692814409732818604e-01
4.844930469989776611e-01
-3.344209119677543640e-02
-1.866317987442016602e-01
-1.783365458250045776e-01
-5.707751512527465820e-01
-6.572390794754028320e-01
-3.083828091621398926e-01
3.964320123195648193e-01
2.561737596988677979e-01
-5.912646055221557617e-01
2.206443101167678833e-01
-2.649163305759429932e-01
-4.434123635292053223e-01
7.711243629455566406e-02
3.469628095626831055e-01
-3.633977174758911133e-01
8.167976886034011841e-02
-3.868613839149475098e-01
1.349068760871887207e+00
5.794815421104431152e-01
8.480054140090942383e-01
2.119869142770767212e-01
9.622206687927246094e-01
1.062552407383918762e-01
-2.490295618772506714e-01
3.634387254714965820e-01
-1.648115217685699463e-01
-1.621479392051696777e-01
-3.771422207355499268e-01
7.662017643451690674e-02
-3.228557705879211426e-01
-4.326309859752655029e-01
-2.886763513088226318e-01
1.551906019449234009e-01
-5.018135532736778259e-02
2.909953892230987549e-01
6.277902126312255859e-01
1.262244284152984619e-01
5.854192972183227539e-01
1.054237008094787598e+00
2.201463133096694946e-01
-2.026288509368896484e-01
-7.521781325340270996e-01
-2.868146598339080811e-01
1.932663470506668091e-01
4.365073442459106445e-01
-4.195425808429718018e-01
-4.722315371036529541e-01
9.971195459365844727e-01
2.023580074310302734e-01
1.968364864587783813e-01
1.064107567071914673e-01
-5.905811786651611328e-01
3.339338898658752441e-01
3.257560133934020996e-01
-1.791372150182723999e-01
8.465619683265686035e-01
3.843492567539215088e-01
-4.812213778495788574e-01
6.514142155647277832e-01
-8.637344092130661011e-02
-3.560913801193237305e-01
-7.981864213943481445e-01
-2.733376920223236084e-01
-6.922657787799835205e-02
1.739189863204956055e+00
-9.977027177810668945e-01
5.824661850929260254e-01
-2.870608866214752197e-01
-2.467931956052780151e-01
6.631136685609817505e-02
8.784067630767822266e-02
-3.766912817955017090e-01
-4.915160825476050377e-04
-2.182171046733856201e-01
-1.125741750001907349e-01
-1.120616123080253601e-01
4.136742055416107178e-01
8.570226430892944336e-01
6.348883509635925293e-01
-4.167817234992980957e-01
2.026674002408981323e-01
-4.941689372062683105e-01
4.593034088611602783e-01
-2.147114872932434082e-01
-5.640911459922790527e-01
9.635291248559951782e-02
-5.328071713447570801e-01
4.123986363410949707e-01
4.553575813770294189e-01
4.129578471183776855e-01
4.588878750801086426e-01
1.054141044616699219e+00
-4.340376555919647217e-01
-9.758628159761428833e-02
-7.557406425476074219e-01
2.037362158298492432e-01
4.913240671157836914e-01
2.781600356101989746e-01
-6.789181232452392578e-01
-1.434360742568969727e-01
-1.717705428600311279e-01
-7.251630723476409912e-02
1.185149103403091431e-01
4.303655624389648438e-01
6.163443326950073242e-01
-4.888484179973602295e-01
-4.900621771812438965e-01
4.467826783657073975e-01
-3.393600285053253174e-01
1.268270969390869141e+00
8.078184127807617188e-01
4.676908254623413086e-01
4.362638294696807861e-01
-5.391339063644409180e-01
3.508903682231903076e-01
6.255433708429336548e-02
-2.873233556747436523e-01
-4.653451740741729736e-01
-4.377174973487854004e-01
-9.773089289665222168e-01
1.197176426649093628e-01
5.120657086372375488e-01
3.759358525276184082e-01
1.109637498855590820e+00
-5.964588001370429993e-02
-9.515014290809631348e-02
1.194388389587402344e+00
3.286218047142028809e-01
7.182370126247406006e-02
7.080092430114746094e-01
-2.975862920284271240e-01
8.543851971626281738e-02
-7.576135993003845215e-01
-9.011666774749755859e-01
2.194487452507019043e-01
-1.133973747491836548e-01
-7.558822631835937500e-01
-3.612883687019348145e-01
3.725047707557678223e-01
-4.050960838794708252e-01
2.381854206323623657e-01
-4.105190336704254150e-01
1.314004898071289062e+00
-2.769515216350555420e-01
6.534118652343750000e-01
8.551700115203857422e-01
2.643584609031677246e-01
2.603466212749481201e-01
-1.252374649047851562e-01
-6.349573135375976562e-01
-1.011586904525756836e+00
9.882037341594696045e-02
4.903881847858428955e-01
-2.545548379421234131e-01
-1.933114081621170044e-01
-3.676037490367889404e-01
-4.016124904155731201e-01
-5.766656994819641113e-01
-1.657844632863998413e-01
4.015302360057830811e-01
-7.034979015588760376e-02
6.405946016311645508e-01
5.008528828620910645e-01
-1.022791862487792969e-01
-1.829843670129776001e-01
-2.853842377662658691e-01
4.592491686344146729e-01
-9.009476751089096069e-02
-8.319593071937561035e-01
-2.437154203653335571e-01
6.034244894981384277e-01
4.101729691028594971e-01
1.375432908535003662e-01
1.074646562337875366e-01
-9.076566696166992188e-01
-5.855917930603027344e-01
2.710812389850616455e-01
4.757632613182067871e-01
-1.338928192853927612e-01
-3.057567775249481201e-02
7.399850487709045410e-01
-1.875396668910980225e-01
-1.452489942312240601e-01
-7.315530776977539062e-01
-1.119227409362792969e-01
-5.331496000289916992e-01
4.262574613094329834e-01
9.381683170795440674e-02
5.409193634986877441e-01
5.850105285644531250e-01
5.985966324806213379e-01
1.176132112741470337e-01
2.151945829391479492e-01
-1.026588007807731628e-01
-8.644928038120269775e-02
3.490337431430816650e-01
5.638269782066345215e-01
8.882338404655456543e-01
1.356821656227111816e-01
-2.284500598907470703e-01
-2.590545713901519775e-01
-1.670559793710708618e-01
2.243883758783340454e-01
3.472100198268890381e-01
-4.629502072930335999e-02
-5.574542284011840820e-01
2.498137950897216797e-02
-1.828882098197937012e-01
-1.343376040458679199e-01
-1.347517222166061401e-01
3.666390180587768555e-01
1.198163777589797974e-01
2.450350970029830933e-01
-1.768056154251098633e-01
-6.959770917892456055e-01
-9.956283494830131531e-03
7.388892769813537598e-01
2.987603843212127686e-01
4.071816429495811462e-02
1.911265105009078979e-01
-5.165079981088638306e-02
-1.097985953092575073e-01
1.089154839515686035e+00
2.237737625837326050e-01
-1.021019555628299713e-02
-1.040500402450561523e+00
-1.174007207155227661e-01
7.580145448446273804e-02
3.472407162189483643e-01
-8.081201314926147461e-01
-1.971933692693710327e-01
1.760949790477752686e-01
2.095222473144531250e-01
6.413376927375793457e-01
8.805280178785324097e-02
4.634746611118316650e-01
3.456244468688964844e-01
-9.035139679908752441e-01
-7.646690607070922852e-01
-1.353745609521865845e-01
8.397743105888366699e-02
1.594332754611968994e-01
-3.134407997131347656e-01
-1.065313592553138733e-01
-3.851940333843231201e-01
-5.375342965126037598e-01
-3.960036039352416992e-01
6.408735513687133789e-01
1.063043236732482910e+00
-5.085780024528503418e-01
1.412432193756103516e-01
3.091788291931152344e-01
1.584114432334899902e+00
1.043712973594665527e+00
8.906978368759155273e-01
2.524436712265014648e-01
3.391991555690765381e-01
-2.229630351066589355e-01
-1.457904577255249023e-01
-1.172664999961853027e+00
-3.742985129356384277e-01
-5.711610913276672363e-01
-2.654219269752502441e-01
-7.352777123451232910e-01
4.644669294357299805e-01
-4.498293399810791016e-01
-4.467015564441680908e-01
1.445954918861389160e+00
1.125374078750610352e+00
-4.056363925337791443e-02
1.569751143455505371e+00
1.139724850654602051e-01
-1.206145063042640686e-01
-1.097994223237037659e-01
-7.286545038223266602e-01
-4.688222408294677734e-01
-2.746026515960693359e-01
9.727881550788879395e-01
5.961449742317199707e-01
4.877304136753082275e-01
-7.147265076637268066e-01
-3.533461689949035645e-02
5.555731654167175293e-01
2.113403379917144775e-01
2.539719343185424805e-01
-3.831924796104431152e-01
-4.457818865776062012e-01
-4.403895735740661621e-01
-6.826224327087402344e-01
4.364257156848907471e-01
5.775417089462280273e-01
-1.259720325469970703e-01
-1.778090149164199829e-01
6.751201748847961426e-01
4.565148949623107910e-01
4.070389270782470703e-01
-1.182633861899375916e-01
-2.453831583261489868e-01
