3.357012271881103516e-01
-7.905393838882446289e-01
1.601174324750900269e-01
1.706390082836151123e-01
-1.762227773666381836e+00
-5.495410561561584473e-01
7.927480340003967285e-02
-1.755950450897216797e-01
-5.635389685630798340e-01
5.388439297676086426e-01
-3.857688903808593750e-01
4.226379692554473877e-01
-1.914925873279571533e-01
-4.267265275120735168e-02
3.556098937988281250e-01
-4.360206127166748047e-01
-2.359654158353805542e-01
-4.739847779273986816e-01
-1.502515792846679688e+00
-1.007946133613586426e+00
-2.591280639171600342e-01
-9.711464643478393555e-01
7.311331480741500854e-02
6.366966366767883301e-01
5.444472432136535645e-01
8.797037601470947266e-01
8.717607259750366211e-01
-2.498332038521766663e-02
1.224137187004089355e+00
-8.778898119926452637e-01
-3.256186246871948242e-01
-8.022026717662811279e-02
-2.492448687553405762e-01
-3.420433700084686279e-01
1.178082525730133057e-01
-8.416187763214111328e-01
5.509064197540283203e-01
-4.361411333084106445e-01
-4.253626465797424316e-01
3.205507993698120117e-01
-3.747100234031677246e-01
3.785699903964996338e-01
4.156228005886077881e-01
-6.252735257148742676e-01
8.478751778602600098e-01
-4.806021749973297119e-01
-1.426731109619140625e+00
2.216281602159142494e-03
-4.797984361648559570e-01
-3.556103408336639404e-01
6.054322123527526855e-01
2.813031375408172607e-01
-2.339036390185356140e-02
3.535517752170562744e-01
-9.933856129646301270e-01
4.079096764326095581e-02
3.306054770946502686e-01
-3.667335510253906250e-01
6.460440158843994141e-01
6.404330134391784668e-01
2.443098723888397217e-01
6.788272261619567871e-01
3.781366050243377686e-01
-6.070967912673950195e-01
5.305910706520080566e-01
1.880424767732620239e-01
-9.455659985542297363e-01
-2.481174170970916748e-01
-4.407359361648559570e-01
-3.260326683521270752e-01
6.628100275993347168e-01
-1.721870303153991699e-01
1.040233612060546875e+00
3.020606338977813721e-01
-8.220611810684204102e-01
6.392208933830261230e-01
-6.676874756813049316e-01
-6.526931524276733398e-01
2.906649708747863770e-01
-1.076641529798507690e-01
-1.850101828575134277e+00
-3.623058795928955078e-01
-1.149347186088562012e+00
-1.450563520193099976e-01
7.535237669944763184e-01
-6.879438161849975586e-01
7.475082874298095703e-01
4.555392265319824219e-01
-6.914016008377075195e-01
2.245070189237594604e-01
3.735889494419097900e-02
-1.278949081897735596e-01
6.224429607391357422e-01
-2.141648679971694946e-01
4.879575371742248535e-01
1.189024925231933594e+00
1.253347098827362061e-01
2.009582817554473877e-01
8.397412896156311035e-01
-4.718103408813476562e-01
-8.395609855651855469e-01
-6.629983186721801758e-01
-4.672355651855468750e-01
-4.561083018779754639e-01
-2.928379476070404053e-01
-3.213072717189788818e-01
7.768558263778686523e-01
-3.459045886993408203e-01
-8.304668217897415161e-02
5.443663597106933594e-01
4.462517052888870239e-02
3.343216702342033386e-02
6.391289830207824707e-01
-7.887683808803558350e-03
9.770252704620361328e-01
4.408539831638336182e-01
-5.092654824256896973e-01
4.549346864223480225e-02
6.300306320190429688e-01
-2.673596143722534180e-01
5.100068822503089905e-02
-5.584987625479698181e-02
-1.491695791482925415e-01
1.028130501508712769e-01
-7.174568772315979004e-01
-3.114238083362579346e-01
1.832147538661956787e-01
-1.179859757423400879e+00
3.166888356208801270e-01
-1.110433220863342285e+00
-4.141590297222137451e-01
2.840790450572967529e-01
-5.582541823387145996e-01
2.007242888212203979e-01
6.071640253067016602e-01
-9.550498723983764648e-01
-5.600333958864212036e-02
-3.106589317321777344e-01
-6.588260531425476074e-01
-6.893540024757385254e-01
6.521897912025451660e-01
6.799445152282714844e-01
-9.036719053983688354e-02
7.210220694541931152e-01
2.766645252704620361e-01
-1.157195717096328735e-01
1.269447326660156250e+00
4.477755129337310791e-01
-6.489711999893188477e-01
4.335537552833557129e-02
1.443431805819272995e-02
-6.463315486907958984e-01
-7.352696359157562256e-02
1.747752726078033447e-01
2.814749777317047119e-01
-7.464611530303955078e-02
1.956075131893157959e-01
-2.096565812826156616e-01
2.688513994216918945e-01
1.051943749189376831e-01
-5.525453686714172363e-01
-6.144238114356994629e-01
-1.890044659376144409e-01
-8.952099680900573730e-01
7.480858266353607178e-02
-2.571651935577392578e-01
-7.318487763404846191e-01
5.458158254623413086e-01
5.128715038299560547e-01
2.445134520530700684e-01
5.509065985679626465e-01
2.352282106876373291e-01
7.437458634376525879e-01
-8.819930255413055420e-02
2.204930931329727173e-01
2.670255899429321289e-01
-4.313366860151290894e-02
-8.554776310920715332e-01
-8.475198149681091309e-01
-6.501262784004211426e-01
-6.697477698326110840e-01
7.710894942283630371e-01
-2.369733899831771851e-01
-2.952922880649566650e-01
4.907079041004180908e-01
1.063807606697082520e+00
1.264420747756958008e-01
2.684165835380554199e-01
6.721476912498474121e-01
6.331484317779541016e-01
-1.165950775146484375e+00
1.119181290268898010e-01
-1.907389611005783081e-01
-7.568977475166320801e-01
2.043733596801757812e-01
9.025034308433532715e-02
-4.330077171325683594e-01
4.190816283226013184e-01
3.324810862541198730e-01
-6.358950734138488770e-01
6.248289346694946289e-01
-1.426491737365722656e+00
-1.807875275611877441e+00
-1.898893564939498901e-01
-1.278945446014404297e+00
8.425777554512023926e-01
1.251563191413879395e+00
7.337304949760437012e-02
5.856338143348693848e-01
1.005659252405166626e-01
-9.225019216537475586e-01
1.345766186714172363e-01
-1.784816682338714600e-01
1.310093402862548828e-01
6.910718977451324463e-02
-2.671255171298980713e-01
4.465285837650299072e-01
-1.346084177494049072e-01
-3.198771476745605469e-01
1.150634288787841797e+00
-8.026089668273925781e-01
-9.715035557746887207e-01
-3.366793692111968994e-01
4.004812240600585938e-01
1.294703036546707153e-01
8.132835626602172852e-01
9.257373809814453125e-01
-2.237653881311416626e-01
1.620044559240341187e-01
1.028776913881301880e-01
1.224994957447052002e-01
1.999880820512771606e-01
-1.296671986579895020e+00
-1.264520287513732910e-01
-7.187287211418151855e-01
-1.433377265930175781e+00
-5.342750549316406250e-01
1.538619250059127808e-01
2.655986249446868896e-01
1.468623429536819458e-01
9.241325780749320984e-03
4.945893585681915283e-01
5.379426479339599609e-01
-4.574949145317077637e-01
9.967452883720397949e-01
2.370005697011947632e-01
-2.719835042953491211e-01
-6.253688931465148926e-01
8.533375710248947144e-02
-1.212241649627685547e+00
-1.429105848073959351e-01
-9.793953895568847656e-01
-1.395841360092163086e+00
-7.037654519081115723e-01
-6.656630635261535645e-01
1.557550132274627686e-01
3.020185828208923340e-01
3.450196087360382080e-01
6.642055511474609375e-01
-1.985305547714233398e-02
5.698046088218688965e-01
8.175392746925354004e-01
-6.799595355987548828e-01
1.413019597530364990e-01
-4.722983017563819885e-02
-7.501633763313293457e-01
2.580608129501342773e-01
2.116750925779342651e-01
-7.985965013504028320e-01
3.392086029052734375e-01
-8.685616850852966309e-01
-3.287276029586791992e-01
6.179952621459960938e-01
-3.500432074069976807e-01
2.225088328123092651e-01
8.805907964706420898e-01
2.601286470890045166e-01
4.625315219163894653e-02
-1.308726817369461060e-01
-6.162434816360473633e-01
6.395734548568725586e-01
-3.366233110427856445e-01
-1.536302268505096436e-01
5.362495779991149902e-01
-8.477836102247238159e-02
-2.185694873332977295e-01
6.930657625198364258e-01
-6.290715336799621582e-01
-8.086001127958297729e-02
-1.567308753728866577e-01
-1.704032272100448608e-01
-2.819747626781463623e-01
-8.473010063171386719e-01
-2.798821404576301575e-02
7.752215862274169922e-01
-2.293475717306137085e-01
1.936926245689392090e-01
2.759052515029907227e-01
1.939449757337570190e-01
6.706323623657226562e-01
-2.588645815849304199e-01
-2.721567749977111816e-01
-1.180668622255325317e-01
-8.606013655662536621e-01
-8.331862837076187134e-02
-1.778174936771392822e-01
-7.016696333885192871e-01
4.489388167858123779e-01
8.646334707736968994e-02
-2.735580503940582275e-01
-2.462743967771530151e-01
-1.082483768463134766e+00
-1.515093922615051270e+00
-2.173363044857978821e-02
-3.237394392490386963e-01
3.049911856651306152e-01
5.880637764930725098e-01
2.755516171455383301e-01
1.173509508371353149e-01
-1.802996844053268433e-01
1.151471257209777832e+00
-1.247089430689811707e-01
-2.159177064895629883e-01
-3.055481612682342529e-01
-5.901144146919250488e-01
-1.545755863189697266e+00
-1.441421080380678177e-02
-3.734971880912780762e-01
5.646433234214782715e-01
2.353121489286422729e-01
2.349613904953002930e-01
4.324856102466583252e-01
6.753163337707519531e-01
2.258526161313056946e-02
4.416734576225280762e-01
-1.234571337699890137e+00
-8.334335684776306152e-01
-1.063800230622291565e-02
-5.298792719841003418e-01
4.103862941265106201e-01
5.489505361765623093e-03
-3.367398679256439209e-01
-4.080969095230102539e-02
4.526985883712768555e-01
-3.279597461223602295e-01
1.211234182119369507e-01
7.625135034322738647e-02
3.504943549633026123e-01
-1.226414814591407776e-01
-1.833226442337036133e+00
-5.867163538932800293e-01
6.460312008857727051e-01
-7.269052863121032715e-01
-9.972546249628067017e-02
8.860357999801635742e-01
3.741128444671630859e-01
6.298422217369079590e-01
2.434515804052352905e-01
2.289710491895675659e-01
4.958176910877227783e-01
-1.540515571832656860e-01
3.209342956542968750e-01
5.340086817741394043e-01
7.254889607429504395e-01
-1.126879230141639709e-01
8.438791036605834961e-01
-7.541543245315551758e-01
-3.603084087371826172e-01
4.651828408241271973e-01
4.583280384540557861e-01
-6.663768291473388672e-01
4.537914395332336426e-01
1.050809100270271301e-01
-1.042801618576049805e+00
-3.223435878753662109e-01
-2.065056562423706055e-01
-4.026958644390106201e-01
3.147296980023384094e-02
8.501704931259155273e-01
6.186978220939636230e-01
7.564966082572937012e-01
3.157727792859077454e-02
4.090470671653747559e-01
8.073685169219970703e-01
-2.056519836187362671e-01
-2.439191341400146484e-01
1.971673816442489624e-01
-1.150360628962516785e-01
-3.589691817760467529e-01
6.990818381309509277e-01
-4.213280677795410156e-01
-4.613333940505981445e-01
-2.673772275447845459e-01
-4.421850293874740601e-02
3.350072503089904785e-01
-6.977342367172241211e-01
5.654888227581977844e-02
2.599824070930480957e-01
-2.832162976264953613e-01
-3.827283382415771484e-01
6.331699490547180176e-01
-1.297946691513061523e+00
-6.843131184577941895e-01
-2.965203523635864258e-01
-6.818749308586120605e-01
-2.065550804138183594e+00
3.587751090526580811e-01
-6.193890795111656189e-02
4.068587124347686768e-01
8.808097243309020996e-01
-2.014750689268112183e-01
1.880955100059509277e-01
2.046093195676803589e-01
-6.199280023574829102e-01
4.051928222179412842e-01
-4.388376772403717041e-01
-5.414444208145141602e-01
-5.952629446983337402e-01
-1.064756035804748535e+00
-4.654789566993713379e-01
1.449185162782669067e-01
-7.857632040977478027e-01
6.023119091987609863e-01
1.057961225509643555e+00
-1.466192305088043213e-01
3.216048479080200195e-01
-9.032180160284042358e-02
-6.050958037376403809e-01
8.701117634773254395e-01
-1.489012688398361206e-01
2.941710948944091797e-01
-8.810489177703857422e-01
-2.477379143238067627e-01
6.321735382080078125e-01
2.874206006526947021e-02
-5.890350937843322754e-01
1.247099600732326508e-02
-2.787937402725219727e+00
-3.266973793506622314e-01
1.384233474731445312e+00
2.094859182834625244e-01
-8.129721879959106445e-02
7.875730097293853760e-02
-2.909076809883117676e-01
8.473669290542602539e-01
-6.987891793251037598e-01
-9.720837473869323730e-01
6.779593974351882935e-02
-4.738943278789520264e-01
2.376396209001541138e-01
3.666210472583770752e-01
-3.503612279891967773e-01
1.087342619895935059e+00
5.255960822105407715e-01
-8.123093843460083008e-01
4.766841530799865723e-01
3.701286017894744873e-01
2.475868910551071167e-01
6.177346110343933105e-01
5.599814653396606445e-01
-5.331799387931823730e-02
2.909882366657257080e-01
-7.075944542884826660e-01
-5.803849101066589355e-01
3.002449870109558105e-01
-8.160519599914550781e-01
-1.533619642257690430e+00
-6.914328336715698242e-01
-8.379145860671997070e-01
4.625122621655464172e-02
8.199135661125183105e-01
-1.806294322013854980e-01
1.498402357101440430e+00
4.125613570213317871e-01
2.258299142122268677e-01
7.923656702041625977e-02
5.040144324302673340e-01
6.296206265687942505e-02
5.890603661537170410e-01
-8.064364790916442871e-01
-1.402874112129211426e+00
4.309607744216918945e-01
-9.461158514022827148e-01
-5.869966149330139160e-01
3.440936505794525146e-01
-3.522759377956390381e-01
-3.397189378738403320e-01
6.058629155158996582e-01
-5.525704622268676758e-01
4.844321906566619873e-01
3.858765959739685059e-01
-1.112731337547302246e+00
-5.954940915107727051e-01
-1.998631060123443604e-01
-1.234001144766807556e-01
1.836227476596832275e-01
1.971564069390296936e-02
-6.206315755844116211e-01
1.951697170734405518e-01
-3.287902474403381348e-01
1.147495508193969727e-01
7.012709975242614746e-01
2.428076565265655518e-01
1.745419055223464966e-01
1.090817600488662720e-01
1.941224932670593262e-01
1.212626323103904724e-01
1.058739662170410156e+00
-2.948060631752014160e-01
4.275941252708435059e-01
7.278542518615722656e-01
2.617559432983398438e-01
5.074501037597656250e-01
