1.112909764051437378e-01
3.934547007083892822e-01
2.431504726409912109e-01
1.984143704175949097e-01
5.603098273277282715e-01
-2.522214353084564209e-01
-3.080414235591888428e-01
-8.985787630081176758e-02
-1.123048216104507446e-01
-1.652637124061584473e-01
-2.435624003410339355e-01
2.200373448431491852e-03
4.896047711372375488e-01
1.886333674192428589e-01
4.123625755310058594e-01
2.481584399938583374e-01
-5.071696266531944275e-02
2.169308252632617950e-03
-2.499996125698089600e-01
-2.401882559061050415e-01
5.243900418281555176e-01
-8.057748526334762573e-02
-7.140465825796127319e-02
-1.607110649347305298e-01
-3.858374953269958496e-01
-2.787627577781677246e-01
-1.803821623325347900e-01
-2.457965314388275146e-01
-3.294607102870941162e-01
-7.073955982923507690e-02
3.336582481861114502e-01
1.470863670110702515e-01
2.321085929870605469e-01
2.197673022747039795e-01
-1.101444587111473083e-01
2.374979555606842041e-01
3.580914735794067383e-01
1.179189160466194153e-01
2.875027358531951904e-01
7.413580417633056641e-01
-8.120800554752349854e-02
1.335203349590301514e-01
2.175292372703552246e-02
4.264539480209350586e-02
-4.839772582054138184e-01
3.794427514076232910e-01
3.473601490259170532e-02
-6.617915630340576172e-02
-2.583484351634979248e-01
1.485770046710968018e-01
8.913674205541610718e-02
-6.454883217811584473e-01
4.489703476428985596e-01
-3.609059154987335205e-01
-3.549970388412475586e-01
-2.712783217430114746e-01
1.753645986318588257e-01
-4.538993239402770996e-01
-2.189121097326278687e-01
-1.009127050638198853e-01
-1.669833958148956299e-01
-4.860576689243316650e-01
5.126589536666870117e-02
3.083315789699554443e-01
-3.239156305789947510e-01
-7.081659883260726929e-02
8.764514923095703125e-01
5.346614122390747070e-01
2.813621163368225098e-01
3.334302604198455811e-01
-8.092804998159408569e-02
3.034405708312988281e-01
-4.737118482589721680e-01
1.591219604015350342e-01
3.959781825542449951e-01
-2.655860185623168945e-01
-4.917485713958740234e-01
-5.763647705316543579e-02
-6.525660306215286255e-02
-6.065851449966430664e-01
1.724268794059753418e-01
-1.977521330118179321e-01
6.763070356100797653e-03
2.348200827836990356e-01
-2.319623231887817383e-01
2.997560799121856689e-01
5.033738613128662109e-01
-1.082620918750762939e-01
3.612727820873260498e-01
3.202461004257202148e-01
1.394039243459701538e-01
3.149461448192596436e-01
-3.321717083454132080e-01
-2.030745446681976318e-01
-8.988519012928009033e-02
-9.584264457225799561e-02
-1.661219075322151184e-02
-3.002859652042388916e-01
-5.201390385627746582e-01
2.592674493789672852e-01
-1.218534931540489197e-01
-3.278152048587799072e-01
6.951130926609039307e-02
-7.201176881790161133e-02
-1.028375625610351562e-01
2.650762796401977539e-01
-3.294931352138519287e-02
2.136516571044921875e-01
1.368663460016250610e-01
-6.404612958431243896e-02
1.162129938602447510e-01
-1.902223974466323853e-01
-7.772876322269439697e-02
-8.207614719867706299e-02
-2.038071304559707642e-01
4.140237718820571899e-02
1.416853219270706177e-01
1.250205785036087036e-01
-8.894389122724533081e-02
2.214122265577316284e-01
-1.970487274229526520e-02
2.469955980777740479e-01
-2.051751017570495605e-01
-4.419553577899932861e-01
5.624278783798217773e-01
-2.915273308753967285e-01
-2.620130181312561035e-01
5.997778773307800293e-01
-4.869905114173889160e-02
-2.835515886545181274e-02
1.023826077580451965e-01
-2.656728327274322510e-01
1.445124745368957520e-01
-4.188149273395538330e-01
2.258941717445850372e-02
1.282736845314502716e-02
2.214191108942031860e-01
2.845816612243652344e-01
2.438899725675582886e-01
8.479921147227287292e-03
-2.166813313961029053e-01
1.963860243558883667e-01
-3.935956656932830811e-01
-3.293063044548034668e-01
-1.698676943778991699e-01
2.389249019324779510e-02
1.424202919006347656e-01
1.418196260929107666e-01
-3.344228267669677734e-01
9.214760065078735352e-01
-2.540581859648227692e-02
-3.663077950477600098e-04
2.512809634208679199e-01
-9.341519325971603394e-02
-2.253340035676956177e-01
1.742480695247650146e-01
-5.399906039237976074e-01
3.396687805652618408e-01
4.831489920616149902e-01
6.146693974733352661e-02
8.974041789770126343e-03
-9.764662384986877441e-02
-4.495624899864196777e-01
-4.305973052978515625e-01
-6.363555192947387695e-01
-2.675259113311767578e-01
1.219298392534255981e-01
-2.440783530473709106e-01
4.854514077305793762e-02
-1.395884454250335693e-01
2.814647182822227478e-02
-1.204975247383117676e-01
-3.200805783271789551e-01
3.927358388900756836e-01
-8.327575325965881348e-01
-1.006896719336509705e-01
5.929264426231384277e-01
2.643243074417114258e-01
1.013653039932250977e+00
3.119441866874694824e-01
-5.466375350952148438e-01
-6.749864667654037476e-02
-1.302753090858459473e-01
-4.829342365264892578e-01
4.026092290878295898e-01
3.714523315429687500e-01
-8.525694906711578369e-02
-3.227435350418090820e-01
7.659818232059478760e-02
-2.866741716861724854e-01
5.405741333961486816e-01
-4.695939719676971436e-01
3.099336028099060059e-01
1.102076843380928040e-01
-2.219111770391464233e-01
-1.669934988021850586e-01
2.926183044910430908e-01
9.800653904676437378e-02
2.199285924434661865e-01
-1.659025549888610840e-01
-2.482797205448150635e-01
1.696562319993972778e-01
-4.253924489021301270e-01
-3.193922638893127441e-01
1.412069797515869141e-01
-3.545651733875274658e-01
-3.386979699134826660e-01
-8.685527741909027100e-02
8.825912326574325562e-02
3.690080642700195312e-01
2.899268567562103271e-01
2.407403588294982910e-01
2.558921277523040771e-01
-2.248341143131256104e-01
-4.452050626277923584e-01
4.846157878637313843e-02
-2.779635787010192871e-01
1.509005725383758545e-01
2.547565102577209473e-01
1.423013061285018921e-01
1.530411243438720703e-01
1.691646873950958252e-01
1.950083374977111816e-01
1.912185698747634888e-01
-1.721247136592864990e-01
5.626645088195800781e-01
-4.003778845071792603e-02
-1.351356506347656250e-01
2.515045106410980225e-01
2.084625661373138428e-01
7.606070488691329956e-03
1.528084743767976761e-03
6.827160716056823730e-02
-2.098777294158935547e-01
-2.447576522827148438e-01
-1.055864542722702026e-01
3.838988393545150757e-02
-3.440887331962585449e-01
-6.913276910781860352e-01
-1.235015243291854858e-01
-2.691860198974609375e-01
-2.376338392496109009e-01
2.265140414237976074e-01
7.004457712173461914e-02
3.897015005350112915e-02
4.697468876838684082e-01
7.260726094245910645e-01
5.104109048843383789e-01
1.670482903718948364e-01
4.084652662277221680e-01
-2.673957943916320801e-01
3.647516965866088867e-01
3.665315732359886169e-02
2.090249359607696533e-01
8.463257551193237305e-02
-1.248308122158050537e-01
-4.659238457679748535e-01
9.702156484127044678e-02
-2.650892138481140137e-01
-1.971931159496307373e-01
1.307329814881086349e-02
-3.479008004069328308e-02
-9.285542182624340057e-03
5.527861788868904114e-02
1.770769953727722168e-01
-3.001776337623596191e-01
3.902882039546966553e-01
3.404393792152404785e-02
1.267712861299514771e-01
2.620527148246765137e-01
3.627256304025650024e-02
-1.388333141803741455e-01
1.322706341743469238e-01
-6.484359502792358398e-02
3.164540529251098633e-01
2.804597020149230957e-01
2.208116501569747925e-01
-3.881400525569915771e-01
1.805143803358078003e-01
-5.200303196907043457e-01
-2.226116955280303955e-01
-1.024868562817573547e-01
-1.265065670013427734e-01
-3.171255886554718018e-01
-1.777379959821701050e-01
-1.703734546899795532e-01
-2.472742795944213867e-01
1.915548443794250488e-01
-1.860182434320449829e-01
4.241346418857574463e-01
2.781665623188018799e-01
2.506986558437347412e-01
2.602174878120422363e-01
2.643775939941406250e-01
-6.189210340380668640e-02
1.372070461511611938e-01
2.039872705936431885e-01
8.947405964136123657e-02
-1.860728114843368530e-01
1.468444168567657471e-01
-2.288354337215423584e-01
1.322767883539199829e-01
3.153216838836669922e-01
-8.406203985214233398e-02
-5.987276136875152588e-02
-1.196867823600769043e-01
-1.447782963514328003e-01
-9.610553830862045288e-02
-1.609934717416763306e-01
-3.040242493152618408e-01
-2.901776134967803955e-01
-2.497739493846893311e-01
-5.677223578095436096e-02
-3.718952834606170654e-01
2.123786658048629761e-01
1.547579467296600342e-01
2.245895564556121826e-02
6.435528397560119629e-01
5.657468438148498535e-01
2.292799502611160278e-01
-2.722077965736389160e-01
3.175187110900878906e-01
-2.386184483766555786e-01
3.381950855255126953e-01
-1.632967442274093628e-01
3.190622106194496155e-02
2.995861172676086426e-01
7.179536819458007812e-01
3.968801796436309814e-01
4.230599105358123779e-01
1.833411902189254761e-01
-3.447653651237487793e-01
-6.020171642303466797e-01
-1.711833178997039795e-01
-7.240681648254394531e-01
-2.662021853029727936e-02
-2.852445840835571289e-01
-4.800258576869964600e-01
-5.788863897323608398e-01
-3.915132880210876465e-01
-3.210489451885223389e-01
1.254582405090332031e-01
-2.216096967458724976e-01
6.382090598344802856e-02
4.089118838310241699e-01
3.320212960243225098e-01
6.600143313407897949e-01
4.905579090118408203e-01
3.403403162956237793e-01
7.865740358829498291e-02
-2.317021638154983521e-01
1.594055444002151489e-01
2.905206680297851562e-01
1.333509683609008789e-01
-1.407207846641540527e-01
-2.428031265735626221e-01
-5.726521015167236328e-01
-6.521328091621398926e-01
-2.990067601203918457e-01
1.584301292896270752e-01
-4.509423375129699707e-01
-1.458634883165359497e-01
5.363016128540039062e-01
4.430530667304992676e-01
4.988660812377929688e-01
2.407129257917404175e-01
3.108209967613220215e-01
-9.983167052268981934e-02
1.256186980754137039e-02
1.534339338541030884e-01
-1.158176809549331665e-01
-3.017386198043823242e-01
-3.461251258850097656e-01
-7.039972543716430664e-01
-4.052616655826568604e-01
-4.200153350830078125e-01
-5.843076109886169434e-01
-2.439045757055282593e-01
2.630178928375244141e-01
-3.137016296386718750e-01
-1.892576366662979126e-01
5.649104714393615723e-01
1.653513312339782715e-01
7.293655276298522949e-01
-1.010152697563171387e-01
3.881789445877075195e-01
5.065514892339706421e-02
-2.779557108879089355e-01
3.167927265167236328e-01
-1.669193357229232788e-01
-4.807459115982055664e-01
2.234242707490921021e-01
1.220962479710578918e-01
-5.668417811393737793e-01
1.085657849907875061e-01
8.174561709165573120e-02
-3.250103890895843506e-01
1.465918123722076416e-01
-2.542699500918388367e-02
2.298416644334793091e-01
-1.975748091936111450e-01
4.412308037281036377e-01
7.469385266304016113e-01
2.466264665126800537e-01
-2.442027926445007324e-01
1.711436361074447632e-01
1.839847713708877563e-01
-3.024902567267417908e-02
-1.386483907699584961e-01
-2.128702588379383087e-02
4.543198272585868835e-02
-9.826281666755676270e-02
-2.156642824411392212e-01
-1.901335269212722778e-01
-1.000489220023155212e-01
-2.342557720839977264e-02
2.196853458881378174e-01
2.910765409469604492e-01
1.102819144725799561e-01
3.096014633774757385e-02
9.741309285163879395e-02
-2.027330547571182251e-01
5.828640609979629517e-02
-5.346397161483764648e-01
4.036247357726097107e-02
3.145586848258972168e-01
-7.821694016456604004e-02
-1.817773580551147461e-01
-1.570160388946533203e-01
1.406885236501693726e-01
-1.461573541164398193e-01
1.520289778709411621e-01
-1.758516132831573486e-01
5.800733566284179688e-01
1.849088221788406372e-01
1.239964216947555542e-01
5.004904866218566895e-01
1.361602172255516052e-02
-6.142882257699966431e-02
2.227470278739929199e-01
-3.519340455532073975e-01
1.614936441183090210e-01
-2.904151082038879395e-01
5.993527173995971680e-02
3.851366788148880005e-02
1.456172019243240356e-01
-2.615618109703063965e-01
2.878790199756622314e-01
-4.844652116298675537e-01
-2.872251868247985840e-01
-4.025241732597351074e-01
-5.384474992752075195e-02
-2.410812526941299438e-01
9.066258370876312256e-02
-1.641634553670883179e-01
2.174981534481048584e-01
3.643621131777763367e-02
4.350230097770690918e-01
-3.373272120952606201e-01
-8.264192938804626465e-02
6.612554788589477539e-01
3.856250643730163574e-01
3.713458180427551270e-01
2.334053218364715576e-01
2.622469365596771240e-01
-1.442572772502899170e-01
2.365962788462638855e-02
1.870130002498626709e-01
-8.044347167015075684e-01
-3.933327272534370422e-03
-3.442461490631103516e-01
-4.915449619293212891e-01
-5.593119263648986816e-01
-3.351861536502838135e-01
-2.305553108453750610e-01
-1.111550480127334595e-01
6.035157442092895508e-01
-2.106785587966442108e-02
9.790122509002685547e-02
2.741133868694305420e-01
-3.825221955776214600e-02
3.039130866527557373e-01
2.258188277482986450e-01
-6.725069880485534668e-01
3.045447468757629395e-01
2.063060738146305084e-02
3.104428052902221680e-01
-1.215831711888313293e-01
-3.150905370712280273e-01
3.140050917863845825e-03
-3.406213521957397461e-01
5.493458732962608337e-02
3.209525346755981445e-02
3.234260249882936478e-03
-8.593041449785232544e-02
4.141684994101524353e-02
1.044912561774253845e-01
5.154738426208496094e-01
3.010249435901641846e-01
1.110977306962013245e-01
-8.023435622453689575e-02
-1.726088374853134155e-01
5.420342832803726196e-02
-2.793351709842681885e-01
1.372283548116683960e-01
-3.346418216824531555e-02
-2.575092613697052002e-01
-6.023347377777099609e-02
6.110150367021560669e-02
8.688724040985107422e-02
5.693086236715316772e-02
-1.104474440217018127e-01
-1.812150776386260986e-01
