-7.139775902032852173e-02
-9.885529279708862305e-01
-2.295729815959930420e-01
7.133229821920394897e-02
-1.413153111934661865e-02
-2.259720712900161743e-01
7.830176502466201782e-02
-1.978351175785064697e-01
-7.153992354869842529e-02
-4.809173643589019775e-01
-7.266445159912109375e-01
-7.561590671539306641e-01
3.735061883926391602e-01
4.766104221343994141e-01
3.386229872703552246e-01
4.207765758037567139e-01
7.220654487609863281e-01
7.428458929061889648e-01
3.625219762325286865e-01
2.456894516944885254e-01
4.657467007637023926e-01
6.136370897293090820e-01
-7.622390054166316986e-03
-4.955715835094451904e-01
-3.870691061019897461e-01
-2.132070511579513550e-01
-1.178566217422485352e-01
-4.762143492698669434e-01
-5.630546808242797852e-01
-6.374514102935791016e-01
-6.003350615501403809e-01
2.071593254804611206e-01
-3.537674248218536377e-01
1.283009350299835205e-01
1.392512798309326172e+00
-3.231345117092132568e-01
2.654500007629394531e-01
3.526567220687866211e-01
5.935852974653244019e-02
-5.050137266516685486e-02
-2.330700159072875977e-01
-3.503562808036804199e-01
1.416721343994140625e-01
1.104370594024658203e+00
1.412860155105590820e-01
9.605813771486282349e-02
1.175461292266845703e+00
1.978461593389511108e-01
6.415090560913085938e-01
-4.181369841098785400e-01
-6.770185828208923340e-01
3.359524011611938477e-01
-8.289989233016967773e-01
2.132889442145824432e-02
1.062627583742141724e-01
-4.209039211273193359e-01
3.792830109596252441e-01
-1.634488701820373535e-01
6.643523573875427246e-01
1.890348494052886963e-01
-3.623206019401550293e-01
3.781047463417053223e-01
-1.195993661880493164e+00
-3.366276025772094727e-01
4.177986085414886475e-01
-2.957379519939422607e-01
1.295713305473327637e+00
-2.479592859745025635e-01
-1.647127866744995117e-01
8.525062352418899536e-02
-3.166503012180328369e-01
5.724145174026489258e-01
-3.587620258331298828e-01
-2.225977927446365356e-01
3.606879711151123047e-02
-5.872749686241149902e-01
4.650256931781768799e-01
5.834164619445800781e-01
5.669559165835380554e-02
3.730122148990631104e-01
-4.958955049514770508e-01
-4.536780714988708496e-02
-5.244001373648643494e-02
-5.357124209403991699e-01
7.054508924484252930e-01
-3.160581886768341064e-01
3.214657604694366455e-01
7.594313025474548340e-01
2.068919390439987183e-01
1.359076946973800659e-01
3.073921799659729004e-01
4.286912679672241211e-01
4.975834190845489502e-01
5.704723596572875977e-01
1.314472556114196777e-01
1.620384305715560913e-01
-2.748612165451049805e-01
-1.711634546518325806e-01
-2.085131108760833740e-01
-4.924273788928985596e-01
-4.803748726844787598e-01
7.126109302043914795e-02
-4.541267752647399902e-01
1.819889903068542480e+00
-1.305243968963623047e+00
-1.935216039419174194e-01
6.607303619384765625e-01
6.974628195166587830e-05
1.878069341182708740e-01
-1.595323830842971802e-01
-2.791038155555725098e-01
2.081177011132240295e-02
-4.197141826152801514e-01
-4.840747117996215820e-01
-4.437147080898284912e-02
1.189839169383049011e-01
-2.145999670028686523e-01
4.107837975025177002e-01
-4.897692203521728516e-01
8.620582222938537598e-01
-1.438780128955841064e-01
-2.506482899188995361e-01
1.556722521781921387e-01
6.109750866889953613e-01
-4.627443850040435791e-01
4.252383708953857422e-01
1.775483787059783936e-01
-3.557825833559036255e-02
4.365157485008239746e-01
3.106541037559509277e-01
4.074116051197052002e-01
3.813084065914154053e-01
4.696895480155944824e-01
7.685829699039459229e-02
-2.755848765373229980e-01
-8.603333681821823120e-02
-2.027072310447692871e-01
5.340476706624031067e-02
-2.897146046161651611e-01
3.281687498092651367e-01
1.386267989873886108e-01
-4.880177378654479980e-01
6.774668395519256592e-02
-1.976800411939620972e-01
-2.478824257850646973e-01
-7.153021693229675293e-01
-4.357312917709350586e-01
-2.485202848911285400e-01
5.869207158684730530e-02
1.293034851551055908e-01
3.225599527359008789e-01
5.867649316787719727e-01
1.657618023455142975e-02
2.827371358871459961e-01
5.054600834846496582e-01
1.907067298889160156e-01
8.668900281190872192e-02
3.192337453365325928e-01
2.087690979242324829e-01
-3.215639293193817139e-01
6.084179878234863281e-01
-3.988698720932006836e-01
-1.170807853341102600e-01
-2.363118976354598999e-01
-1.838090121746063232e-01
1.124583370983600616e-02
-4.771178066730499268e-01
3.846303792670369148e-03
-1.370841383934020996e+00
4.573845863342285156e-02
4.910818636417388916e-01
-2.032523006200790405e-01
6.672214716672897339e-02
4.373426139354705811e-01
-3.993699550628662109e-01
1.091020226478576660e+00
-8.721210956573486328e-01
6.871513277292251587e-02
3.240461945533752441e-01
1.701808571815490723e-01
8.529154062271118164e-01
1.921399310231208801e-02
9.908191114664077759e-02
1.033435612916946411e-01
-1.261092543601989746e+00
4.335868954658508301e-01
-1.743303798139095306e-02
-3.034626543521881104e-01
3.852745592594146729e-01
-6.267111301422119141e-01
-2.577400207519531250e-01
1.131685525178909302e-01
-5.411169528961181641e-01
-5.450072884559631348e-01
-1.493429765105247498e-02
6.020985245704650879e-01
1.767954230308532715e-01
1.243266463279724121e-02
6.400138139724731445e-01
-1.881541609764099121e-01
2.513524591922760010e-01
-8.863572031259536743e-02
1.661095321178436279e-01
2.079632580280303955e-01
3.644343316555023193e-01
4.787606596946716309e-01
-1.244319826364517212e-01
-1.681260764598846436e-01
-1.599944680929183960e-01
-4.804818332195281982e-01
4.016709029674530029e-01
5.211459994316101074e-01
-5.027258992195129395e-01
1.533078432083129883e+00
-1.983947902917861938e-01
4.398774802684783936e-01
-2.534743249416351318e-01
-3.794595003128051758e-01
6.438729763031005859e-01
-1.043944001197814941e+00
-2.159383445978164673e-01
-6.015912890434265137e-01
-8.774545192718505859e-01
6.498422622680664062e-01
-2.079444676637649536e-01
5.355983972549438477e-01
-1.561429351568222046e-02
3.207797408103942871e-01
8.481912612915039062e-01
6.206764578819274902e-01
6.085232496261596680e-01
1.313090175390243530e-01
-1.661293655633926392e-01
1.116769388318061829e-01
-5.402245372533798218e-02
-1.108832836151123047e+00
9.600452780723571777e-01
2.240680307149887085e-01
-2.241135835647583008e-01
-8.362641930580139160e-02
-1.203401327133178711e+00
-5.028092861175537109e-01
3.327424526214599609e-01
-6.695595979690551758e-01
7.309317588806152344e-01
9.706588983535766602e-01
-3.591808080673217773e-01
1.036507114768028259e-01
5.522986054420471191e-01
1.085950136184692383e+00
2.549512088298797607e-01
1.429487913846969604e-01
-1.358110606670379639e-01
7.897407412528991699e-01
7.536902278661727905e-02
9.887025952339172363e-01
6.288631260395050049e-02
-3.499704897403717041e-01
2.509011924266815186e-01
-7.657706141471862793e-01
1.213028356432914734e-01
-1.754961460828781128e-01
-2.957733571529388428e-01
5.277615189552307129e-01
1.820470541715621948e-01
-4.301881492137908936e-01
2.581141889095306396e-02
-2.697630524635314941e-01
3.050349056720733643e-01
-1.934696733951568604e-01
-6.279575824737548828e-01
1.252134442329406738e+00
5.678721666336059570e-01
-7.252345085144042969e-01
7.126523852348327637e-01
1.246098503470420837e-01
5.156896263360977173e-02
8.021625280380249023e-01
-3.735610544681549072e-01
2.289663851261138916e-01
2.497759014368057251e-01
-3.027900159358978271e-01
-2.112864106893539429e-01
1.804043501615524292e-01
7.824596762657165527e-02
2.738644778728485107e-01
-4.037412628531455994e-02
-1.022127985954284668e+00
8.208519816398620605e-01
-1.228495359420776367e+00
-3.531210124492645264e-02
-1.663995385169982910e-01
3.856814801692962646e-01
8.399652242660522461e-01
6.325896382331848145e-01
-3.081294298171997070e-01
-8.620219826698303223e-01
-6.605865806341171265e-02
2.900458872318267822e-01
2.968846261501312256e-01
1.151011511683464050e-01
4.575621783733367920e-01
1.486638560891151428e-03
5.366215109825134277e-01
-5.230283737182617188e-01
3.567000925540924072e-01
1.055376008152961731e-01
5.192107558250427246e-01
3.113971948623657227e-01
9.733781963586807251e-02
-3.178388476371765137e-01
-2.633601725101470947e-01
-1.973655819892883301e-02
2.052123248577117920e-01
5.640372633934020996e-01
-4.269173443317413330e-01
-4.589307308197021484e-01
-4.718506336212158203e-01
4.206402599811553955e-02
1.672537922859191895e-01
6.110879778861999512e-01
-1.143799535930156708e-02
-6.411137431859970093e-02
5.392510294914245605e-01
3.159510493278503418e-01
3.817082047462463379e-01
2.890036106109619141e-01
4.438937902450561523e-01
-8.210851550102233887e-01
4.602218046784400940e-02
-8.661683797836303711e-01
-4.089098572731018066e-01
9.741780757904052734e-01
7.338747382164001465e-02
-3.332607448101043701e-01
-6.946305632591247559e-01
6.826638579368591309e-01
6.237135529518127441e-01
7.716466188430786133e-01
-1.037821292877197266e+00
-2.760387212038040161e-02
-3.285049796104431152e-01
2.046440914273262024e-02
4.072131216526031494e-01
-4.533222913742065430e-01
1.715151406824588776e-02
-2.277503907680511475e-01
1.739617884159088135e-01
4.493280947208404541e-01
-2.648766040802001953e-01
5.222603678703308105e-01
-4.248862266540527344e-01
4.012783989310264587e-02
6.184859871864318848e-01
-4.740281403064727783e-01
4.407788515090942383e-01
6.714788079261779785e-01
-4.249769449234008789e-01
8.362184762954711914e-01
-2.338329106569290161e-01
-1.217342615127563477e+00
1.142673015594482422e+00
-5.262181162834167480e-01
-1.385788023471832275e-01
5.534505248069763184e-01
2.608427312225103378e-03
8.268280625343322754e-01
-3.508693575859069824e-01
2.699492573738098145e-01
-6.628929972648620605e-01
-7.698411345481872559e-01
3.403718769550323486e-01
-4.377146065235137939e-01
1.159169912338256836e+00
-7.484115362167358398e-01
6.266354918479919434e-01
-7.878254652023315430e-01
-1.949308067560195923e-01
2.201834678649902344e+00
7.522122859954833984e-01
9.084819555282592773e-01
-2.121676951646804810e-01
-1.078665018081665039e+00
-3.802712857723236084e-01
-9.174171090126037598e-01
-5.791423916816711426e-01
-4.529604315757751465e-01
-7.693918347358703613e-01
-5.034534335136413574e-01
-5.369873642921447754e-01
1.007622122764587402e+00
9.635185450315475464e-02
8.913439512252807617e-01
9.608971476554870605e-01
6.052712202072143555e-01
2.677504062652587891e+00
1.307982802391052246e+00
2.345742424950003624e-03
-1.256317496299743652e-01
9.787490218877792358e-02
-8.324938267469406128e-02
4.156687855720520020e-01
-5.390952229499816895e-01
-5.751709342002868652e-01
-4.533607363700866699e-01
3.243845105171203613e-01
-7.924265265464782715e-01
3.872827291488647461e-01
-1.276083350181579590e+00
9.096947312355041504e-01
-5.433942005038261414e-02
5.674129351973533630e-02
-4.331755936145782471e-01
-3.225957453250885010e-01
1.873972415924072266e-01
-3.594716489315032959e-01
3.466165363788604736e-01
3.064755499362945557e-01
4.335814118385314941e-01
3.426215350627899170e-01
-1.669754534959793091e-01
2.086618691682815552e-01
7.376072406768798828e-01
1.106056094169616699e+00
1.028338909149169922e+00
-5.213918089866638184e-01
1.126888751983642578e+00
2.335779815912246704e-01
-1.773029118776321411e-01
8.940970152616500854e-02
-7.280483245849609375e-01
2.709812484681606293e-03
-6.874546408653259277e-01
-1.251582026481628418e+00
-8.923962712287902832e-02
-2.329521775245666504e-01
-2.515181005001068115e-01
6.776483058929443359e-01
2.068081684410572052e-02
-1.738273650407791138e-01
-2.229906022548675537e-01
1.492068767547607422e-01
-4.878639578819274902e-01
1.251136898994445801e+00
-1.510390520095825195e+00
1.052487969398498535e+00
2.468651086091995239e-01
-3.257515728473663330e-01
8.906020522117614746e-01
1.666880846023559570e-01
7.539948076009750366e-02
1.036188006401062012e+00
-1.915786862373352051e-01
6.240244507789611816e-01
1.309096574783325195e+00
-1.001815676689147949e+00
6.428993344306945801e-01
-6.278325319290161133e-01
-3.473818302154541016e-01
4.687959253787994385e-01
-9.253319501876831055e-01
-2.561631202697753906e-01
2.628368437290191650e-01
1.875918954610824585e-01
-1.907846331596374512e-01
4.223784506320953369e-01
5.975458025932312012e-01
2.378035932779312134e-01
-1.024903729557991028e-01
-8.805414438247680664e-01
-1.738027483224868774e-01
9.245632588863372803e-02
8.696644008159637451e-02
3.703382909297943115e-01
1.990293115377426147e-01
-4.194026291370391846e-01
2.005045890808105469e+00
1.057937741279602051e+00
-1.351417973637580872e-02
-6.667120456695556641e-01
-3.522301614284515381e-01
-7.304954528808593750e-02
-2.864100933074951172e-01
-7.587800025939941406e-01
-7.343215942382812500e-01
-3.030270934104919434e-01
-1.979975998401641846e-01
-2.251569479703903198e-01
7.797488570213317871e-02
2.251960337162017822e-02
1.068997010588645935e-01
-4.320984184741973877e-01
2.575131319463253021e-02
-8.646478503942489624e-02
7.502974271774291992e-01
6.362506747245788574e-01
1.427736282348632812e+00
6.006540656089782715e-01
9.204515218734741211e-01
3.306294381618499756e-01
-8.684328198432922363e-02
-6.755376607179641724e-02
-9.613074064254760742e-01
-8.472396135330200195e-01
4.024930298328399658e-02
-3.489963337779045105e-02
3.993784189224243164e-01
1.983063966035842896e-01
-4.014892578125000000e-01
-7.898675203323364258e-01
4.966459050774574280e-02
-3.602442741394042969e-01
-6.683824956417083740e-02
