2.186811715364456177e-01
5.672580599784851074e-01
3.237749934196472168e-01
3.166303634643554688e-01
4.328293502330780029e-01
1.347661614418029785e-01
-1.179558336734771729e-01
-2.117920517921447754e-01
-2.021902501583099365e-01
-3.284762799739837646e-01
-2.095930576324462891e-01
-2.166040390729904175e-01
-4.597263038158416748e-01
-1.046299189329147339e-01
3.865476325154304504e-02
-2.766085565090179443e-01
1.062972098588943481e-01
2.528923451900482178e-01
2.698525488376617432e-01
5.332109928131103516e-01
6.502123475074768066e-01
1.397192776203155518e-01
2.083561122417449951e-01
9.940873086452484131e-02
8.829200267791748047e-02
2.186173386871814728e-02
-2.923251986503601074e-01
-2.847077548503875732e-01
2.543565630912780762e-01
3.464852869510650635e-01
2.962468564510345459e-01
2.798598408699035645e-01
3.574907481670379639e-01
5.566258430480957031e-01
-2.716359198093414307e-01
3.560369610786437988e-01
-1.133171200752258301e+00
5.429169908165931702e-02
2.370129227638244629e-01
3.850922882556915283e-01
-4.376123547554016113e-01
2.654825747013092041e-01
-5.196935534477233887e-01
3.118391931056976318e-01
-3.509588167071342468e-02
1.689513176679611206e-01
-1.015076935291290283e-01
2.290218621492385864e-01
2.709141969680786133e-01
2.812866866588592529e-01
3.759700357913970947e-01
-2.413041293621063232e-01
1.825217157602310181e-01
3.561553061008453369e-01
3.641852140426635742e-01
-1.324598342180252075e-01
2.153996191918849945e-02
-1.259915679693222046e-01
1.807293295860290527e-02
1.893434859812259674e-02
-4.064269736409187317e-02
-1.427411939948797226e-02
-2.908062338829040527e-01
-2.524095475673675537e-01
-7.446306943893432617e-01
-3.500144481658935547e-01
-6.969641447067260742e-01
6.745471358299255371e-01
5.985930934548377991e-02
4.211909472942352295e-01
3.995442092418670654e-01
2.245106175541877747e-02
1.498792171478271484e-01
-1.520243436098098755e-01
7.628612518310546875e-01
5.273396521806716919e-02
5.561927556991577148e-01
3.236898034811019897e-02
5.104885622859001160e-02
-2.303149700164794922e-01
-4.325018525123596191e-01
-5.685046315193176270e-01
-1.692222803831100464e-01
-3.102662265300750732e-01
5.991223827004432678e-02
3.373500406742095947e-01
1.319337338209152222e-01
1.400048434734344482e-01
-2.666634917259216309e-01
1.130371809005737305e+00
9.185587763786315918e-01
4.611987173557281494e-01
6.448602676391601562e-01
3.476136624813079834e-01
6.446930170059204102e-01
2.680944800376892090e-01
6.082648411393165588e-02
2.982667386531829834e-01
-4.449287056922912598e-01
-7.052429318428039551e-01
-9.627576470375061035e-01
-3.829022347927093506e-01
-7.142794132232666016e-01
-3.187133967876434326e-01
3.229733407497406006e-01
4.106591641902923584e-02
8.428205549716949463e-02
1.163793168962001801e-02
-2.070628106594085693e-01
-4.618105292320251465e-01
-6.613340973854064941e-01
-6.234309673309326172e-01
-1.903282701969146729e-01
2.048119604587554932e-01
1.504234373569488525e-01
5.133590698242187500e-01
4.885278642177581787e-02
6.169289350509643555e-01
4.353224337100982666e-01
3.936528563499450684e-01
6.089496016502380371e-01
5.725830793380737305e-01
3.321012556552886963e-01
4.639940336346626282e-02
1.849479228258132935e-01
1.351885944604873657e-01
2.454145103693008423e-01
2.720057666301727295e-01
-8.045104146003723145e-01
-8.034884929656982422e-02
-2.519116103649139404e-01
-2.039331942796707153e-02
-2.628560364246368408e-01
-4.919357299804687500e-01
-8.136835098266601562e-01
3.760625123977661133e-01
4.556530117988586426e-01
7.272295355796813965e-01
1.504946947097778320e-01
3.525332510471343994e-01
1.960811316967010498e-01
-1.937892436981201172e-01
1.848140954971313477e-01
-1.342265307903289795e-01
-5.559428930282592773e-01
-5.672522783279418945e-01
-5.779456496238708496e-01
-2.906518876552581787e-01
1.554179191589355469e-01
6.099305748939514160e-01
-4.842154383659362793e-01
2.777309715747833252e-01
7.165934443473815918e-01
1.051887631416320801e+00
8.462452888488769531e-01
4.448709785938262939e-01
1.906043887138366699e-01
1.193498596549034119e-01
-2.648067474365234375e-01
-2.403883337974548340e-01
-6.169052124023437500e-01
-1.798421591520309448e-01
-1.325631141662597656e-01
-2.909173667430877686e-01
-1.258814930915832520e-01
-9.684445708990097046e-02
-1.330122202634811401e-01
3.863970339298248291e-01
2.703133225440979004e-01
1.777723580598831177e-01
-2.080907374620437622e-01
-4.310151040554046631e-01
-1.571587622165679932e-01
-3.513881238177418709e-04
2.151083052158355713e-01
-2.197249606251716614e-02
3.405761420726776123e-01
1.491877436637878418e-01
1.508260071277618408e-01
1.541331037878990173e-02
-5.475735068321228027e-01
1.285221427679061890e-01
2.602728642523288727e-02
-6.338002532720565796e-02
2.431250214576721191e-01
-2.382199913263320923e-01
-1.006125956773757935e-01
-5.370331406593322754e-01
-4.620294272899627686e-02
1.518510878086090088e-01
5.989833176136016846e-02
3.162048459053039551e-01
1.070694848895072937e-01
6.011639833450317383e-01
1.278880536556243896e-01
5.529448390007019043e-01
3.634832799434661865e-01
1.983685791492462158e-01
5.234835147857666016e-01
-3.448645398020744324e-02
1.430312395095825195e-01
-3.136958777904510498e-01
7.538354396820068359e-02
-6.362068057060241699e-01
-4.741069674491882324e-01
-2.994787395000457764e-01
-1.112672537565231323e-01
-6.170245632529258728e-02
1.515730172395706177e-01
2.367206662893295288e-02
3.048802018165588379e-01
-7.241871207952499390e-02
4.429692775011062622e-02
-2.428119480609893799e-01
-9.418794512748718262e-02
-3.269140720367431641e-01
-4.386483877897262573e-02
-2.293462306261062622e-02
8.631503582000732422e-02
-1.292667388916015625e-01
-1.607512831687927246e-01
-8.404539823532104492e-01
5.968211293220520020e-01
2.751339077949523926e-01
1.510942339897155762e+00
1.280582547187805176e+00
3.044797182083129883e-01
-9.864657372236251831e-02
1.132533550262451172e-01
-1.538019478321075439e-01
3.487645089626312256e-01
5.165364593267440796e-03
-5.425915718078613281e-01
-1.746472567319869995e-01
3.918224573135375977e-02
2.749378979206085205e-01
3.266768157482147217e-01
1.484970003366470337e-01
3.297578394412994385e-01
3.441487848758697510e-01
7.575461268424987793e-02
2.087709121406078339e-02
-4.530762732028961182e-01
-9.112560003995895386e-02
-7.891641259193420410e-01
1.824368089437484741e-01
-3.126197159290313721e-01
9.962297677993774414e-01
2.513626813888549805e-01
3.779720067977905273e-01
1.158967763185501099e-01
-6.432206928730010986e-02
1.547157317399978638e-01
5.929474830627441406e-01
2.681101262569427490e-01
2.703641057014465332e-01
-3.052536956965923309e-02
5.808550119400024414e-01
2.225067615509033203e-01
4.027338624000549316e-01
-4.004505276679992676e-01
-4.388455748558044434e-01
-3.667406141757965088e-01
1.224538564682006836e+00
9.239460229873657227e-01
6.069837212562561035e-01
1.109637618064880371e+00
1.689823716878890991e-01
4.506389051675796509e-02
-2.932229042053222656e-01
-2.819029390811920166e-01
-2.740911245346069336e-01
5.195270478725433350e-02
-1.478109359741210938e-01
-4.632042646408081055e-01
-3.433538377285003662e-01
-4.672304987907409668e-01
-7.701283693313598633e-01
-6.896015405654907227e-01
-5.720677971839904785e-01
-9.318020939826965332e-02
2.981487214565277100e-01
-1.118472442030906677e-01
3.777255117893218994e-01
-1.465204209089279175e-01
-6.527366489171981812e-02
-5.798435211181640625e-01
1.302420943975448608e-01
-8.668317794799804688e-01
7.215575575828552246e-01
4.398025870323181152e-01
1.431887269020080566e+00
9.951296448707580566e-01
9.098957777023315430e-01
7.042325139045715332e-01
2.647987008094787598e-01
2.886254489421844482e-01
6.281107068061828613e-01
-1.214592605829238892e-01
-4.774438589811325073e-02
-1.008646097034215927e-02
2.941901683807373047e-01
2.667226791381835938e-01
4.095810353755950928e-01
-7.058031857013702393e-02
-3.310737311840057373e-01
-4.663778245449066162e-01
-2.018853425979614258e-01
-4.764661937952041626e-02
-4.580425918102264404e-01
-4.052958786487579346e-01
-6.506953835487365723e-01
-4.306218326091766357e-01
-7.621834278106689453e-01
-1.649393141269683838e-01
3.485293388366699219e-01
-5.697646141052246094e-01
-1.596121639013290405e-01
-5.317227244377136230e-01
6.472737789154052734e-01
1.781708002090454102e-01
1.916591972112655640e-01
5.010180473327636719e-01
2.716256380081176758e-01
1.742583364248275757e-01
2.210020273923873901e-01
8.626839518547058105e-01
1.411161422729492188e-01
3.709585368633270264e-01
6.649734377861022949e-01
2.824587821960449219e-01
3.690570890903472900e-01
-6.301469206809997559e-01
-3.895669579505920410e-01
-7.681306600570678711e-01
5.746369361877441406e-01
-5.005979165434837341e-02
6.112113595008850098e-01
-1.927907345816493034e-03
-1.228884458541870117e-01
5.139024183154106140e-02
-6.128020212054252625e-02
8.292191475629806519e-02
-6.268398761749267578e-01
3.119737207889556885e-01
2.880477011203765869e-01
1.205163523554801941e-01
-1.000408381223678589e-01
-4.408855140209197998e-01
3.986880779266357422e-01
-7.877229899168014526e-02
1.594144105911254883e-01
-1.530395001173019409e-01
-9.771706163883209229e-02
-3.336855769157409668e-02
-3.774556815624237061e-01
-3.818190097808837891e-01
1.725392788648605347e-02
-7.987246662378311157e-02
-3.555700480937957764e-01
-5.727165937423706055e-01
-2.095410227775573730e-01
5.085973441600799561e-02
8.100294321775436401e-02
5.248060226440429688e-01
1.773378401994705200e-01
5.624378323554992676e-01
5.043537020683288574e-01
1.728061139583587646e-01
5.593079328536987305e-01
1.318932324647903442e-01
7.355045080184936523e-01
3.435013070702552795e-02
-1.998145431280136108e-01
-4.099377095699310303e-01
-5.925940275192260742e-01
-4.266343265771865845e-02
-2.198908776044845581e-01
3.590331971645355225e-02
2.407680451869964600e-02
-2.736765444278717041e-01
-3.207074403762817383e-01
-4.753139615058898926e-02
-5.019645690917968750e-01
6.111209392547607422e-01
-2.354094535112380981e-01
-4.775757789611816406e-01
-4.425052702426910400e-01
-3.663362562656402588e-01
5.666015297174453735e-02
-2.020451426506042480e-01
2.167592793703079224e-01
4.146569073200225830e-01
4.849190711975097656e-01
-1.195630133152008057e-01
5.524359941482543945e-01
-9.751249849796295166e-02
1.808485537767410278e-01
2.313358783721923828e-01
6.017091870307922363e-01
1.784310489892959595e-02
-6.435900926589965820e-02
-5.037669539451599121e-01
4.896682202816009521e-01
1.971496790647506714e-01
1.568141132593154907e-01
1.017675250768661499e-01
1.920622438192367554e-01
4.064056277275085449e-01
-4.511977732181549072e-01
2.367093563079833984e-01
-2.033943235874176025e-01
2.286772727966308594e-01
1.878796666860580444e-01
1.212150454521179199e-01
-6.061471626162528992e-02
8.032395243644714355e-01
1.508797883987426758e+00
3.094917535781860352e-01
5.673566460609436035e-01
1.766491532325744629e-01
2.617055177688598633e-01
1.145361885428428650e-01
-7.503450512886047363e-01
-4.899817407131195068e-01
-1.046167016029357910e+00
-5.106078982353210449e-01
4.049328565597534180e-01
-3.521014153957366943e-01
2.757960259914398193e-01
-1.703704595565795898e-01
7.216123491525650024e-02
2.321424782276153564e-01
1.287489235401153564e-01
-7.542483806610107422e-01
5.234509706497192383e-01
2.733059413731098175e-02
6.407834291458129883e-01
5.225457549095153809e-01
6.295850276947021484e-01
-7.210560888051986694e-02
9.283546358346939087e-02
-2.116044461727142334e-01
1.814653426408767700e-01
-3.911841660737991333e-02
4.405526816844940186e-01
3.726708516478538513e-02
-3.803770244121551514e-02
-2.026034593582153320e-01
3.080820739269256592e-01
3.196948766708374023e-01
-5.577068328857421875e-01
-4.943436980247497559e-01
-4.092894494533538818e-01
-5.179706960916519165e-02
-8.943140506744384766e-02
9.410844743251800537e-02
1.627320647239685059e-01
2.433322668075561523e-01
1.153904274106025696e-01
9.488973021507263184e-02
-4.815078079700469971e-01
7.867224514484405518e-03
2.913592755794525146e-01
9.045982360839843750e-01
7.688068784773349762e-03
3.411360085010528564e-01
9.277766197919845581e-02
-3.392531722784042358e-02
1.242460831999778748e-01
-8.164806962013244629e-01
-2.636188864707946777e-01
7.370530068874359131e-02
2.764980196952819824e-01
-1.823129504919052124e-01
2.071399241685867310e-01
2.750118374824523926e-01
-1.256988793611526489e-01
6.863816827535629272e-02
-8.877210319042205811e-02
6.184823513031005859e-01
3.609309494495391846e-01
-4.203947633504867554e-02
-1.890010833740234375e-01
-2.789679169654846191e-02
-3.883437812328338623e-01
-2.732220590114593506e-01
-5.247799679636955261e-03
-4.660208225250244141e-01
-5.538535118103027344e-01
-5.790646076202392578e-01
-2.793896198272705078e-01
4.499075710773468018e-01
3.911589086055755615e-01
7.770692110061645508e-01
-1.305640339851379395e-01
5.184957385063171387e-01
-3.388662040233612061e-01
-3.534728288650512695e-02
2.773725092411041260e-01
6.057136058807373047e-01
7.273802757263183594e-01
6.688975095748901367e-01
3.833501636981964111e-01
1.897443383932113647e-01
-1.076731905341148376e-01
-7.758255600929260254e-01
-7.173656821250915527e-01
-9.750006794929504395e-01
8.407172560691833496e-02
-1.680350005626678467e-01
-3.660353645682334900e-02
-4.303049445152282715e-01
