2.706852555274963379e-01
1.763678938150405884e-01
1.412611752748489380e-01
1.446636170148849487e-01
-5.141769647598266602e-01
-2.418117523193359375e-01
-2.814562618732452393e-01
-1.477902010083198547e-02
-6.301414966583251953e-01
-4.407729506492614746e-01
3.680343925952911377e-01
-2.945661544799804688e-01
6.912694573402404785e-01
1.579096727073192596e-02
3.914816379547119141e-01
1.871353536844253540e-01
4.010904431343078613e-01
2.494678646326065063e-01
2.465649247169494629e-01
7.330884784460067749e-02
2.424853891134262085e-01
1.420741342008113861e-02
1.135190874338150024e-01
-4.312332272529602051e-01
-3.729779422283172607e-01
-5.919837355613708496e-01
3.878273665904998779e-01
3.943511098623275757e-02
5.396909713745117188e-01
5.539594888687133789e-01
7.357916235923767090e-01
1.043764352798461914e+00
1.309153318405151367e+00
-6.498572230339050293e-01
2.924309968948364258e-01
-6.223990917205810547e-01
-2.358072251081466675e-01
-5.040237903594970703e-01
-1.205045431852340698e-01
7.609990984201431274e-02
4.859174191951751709e-01
-1.515842378139495850e-01
-1.517657376825809479e-02
-4.042372405529022217e-01
-6.981527209281921387e-01
-1.642940342426300049e-01
1.066299006342887878e-01
4.514115452766418457e-01
1.103417277336120605e+00
7.439867258071899414e-01
5.538031458854675293e-01
4.853976070880889893e-01
-2.345569282770156860e-01
8.612240850925445557e-02
-5.441365838050842285e-01
-2.051514685153961182e-01
-3.341067731380462646e-01
-4.235059022903442383e-01
8.490811102092266083e-03
-4.056673347949981689e-01
-3.942496776580810547e-01
-2.357830107212066650e-01
2.199423164129257202e-01
-1.969629228115081787e-01
8.594212532043457031e-01
5.186318755149841309e-01
1.596639752388000488e+00
1.269937276840209961e+00
8.504326939582824707e-01
9.491331875324249268e-02
-3.425373136997222900e-02
-8.732188493013381958e-02
2.536653727293014526e-02
-2.813892066478729248e-01
-6.958652734756469727e-01
-3.965491056442260742e-01
-7.877392172813415527e-01
9.629207104444503784e-02
3.789492547512054443e-01
7.655285298824310303e-02
-2.716955840587615967e-01
-7.041806578636169434e-01
-3.312877565622329712e-02
5.667217075824737549e-02
4.573313891887664795e-01
2.187513858079910278e-01
5.066111087799072266e-01
1.596677750349044800e-01
4.827196598052978516e-01
3.489314317703247070e-01
2.286326736211776733e-01
2.378762811422348022e-01
-5.330068469047546387e-01
5.234171748161315918e-01
-2.506262660026550293e-01
1.944817006587982178e-01
-1.242550686001777649e-01
9.030938893556594849e-02
-4.617327153682708740e-01
3.059834241867065430e-01
2.290407568216323853e-02
-2.066756933927536011e-01
-7.481455802917480469e-02
6.116161346435546875e-01
2.065146118402481079e-01
1.528339534997940063e-01
7.554586231708526611e-02
-8.637636899948120117e-01
2.106491476297378540e-01
3.412637710571289062e-01
3.593263328075408936e-01
-1.658078879117965698e-01
-2.647430449724197388e-02
-7.070171236991882324e-01
-3.877326846122741699e-01
-1.509506702423095703e-01
4.630530476570129395e-01
1.536500453948974609e-01
-1.162140443921089172e-01
-2.333061397075653076e-01
-2.941676080226898193e-01
-6.293479800224304199e-01
-6.236435174942016602e-01
-2.424098849296569824e-01
2.501694858074188232e-01
4.830283820629119873e-01
3.829455971717834473e-01
5.598847866058349609e-01
7.988641262054443359e-01
5.834540724754333496e-01
1.034877777099609375e+00
1.963543593883514404e-01
5.872792005538940430e-01
-4.496238231658935547e-01
-6.162046454846858978e-03
-6.644843816757202148e-01
-1.117007508873939514e-01
2.473413571715354919e-02
6.171435117721557617e-02
3.097423315048217773e-01
-1.391591429710388184e-01
1.159089356660842896e-01
9.398260712623596191e-02
2.184512913227081299e-01
4.409101605415344238e-01
-2.371896058320999146e-01
-4.112765192985534668e-01
-1.678206324577331543e-01
-9.400501102209091187e-02
-1.724107116460800171e-01
-8.196955174207687378e-02
5.933369323611259460e-02
3.272617161273956299e-01
-6.640499830245971680e-01
3.431943356990814209e-01
-9.199694544076919556e-02
5.937016606330871582e-01
4.067867696285247803e-01
7.471120953559875488e-01
5.145855545997619629e-01
8.111792206764221191e-01
2.916842997074127197e-01
-3.993316590785980225e-01
-4.383574724197387695e-01
-9.749665260314941406e-01
-1.246739402413368225e-01
-1.913382261991500854e-01
1.872852891683578491e-01
-4.895324409008026123e-01
2.208902314305305481e-02
-5.569202303886413574e-01
-1.443477421998977661e-01
-3.418534100055694580e-01
1.171754971146583557e-01
-6.375203132629394531e-01
4.290741682052612305e-01
-7.811589241027832031e-01
9.316179156303405762e-01
2.525259554386138916e-01
7.813521623611450195e-01
-2.223649770021438599e-01
9.723352640867233276e-02
3.502808883786201477e-02
6.658920645713806152e-01
7.090662121772766113e-01
3.756581842899322510e-01
1.951412558555603027e+00
3.058955669403076172e-01
-5.224630236625671387e-01
-5.563946962356567383e-01
3.648759424686431885e-01
-3.079364895820617676e-01
2.724029123783111572e-01
-4.029881060123443604e-01
1.134495139122009277e-01
-3.772980570793151855e-01
-3.051562607288360596e-01
-2.853517532348632812e-01
-1.229147911071777344e-01
6.044891476631164551e-02
-8.313099294900894165e-02
5.489888191223144531e-01
-6.382257342338562012e-01
-3.447564244270324707e-01
-4.919191598892211914e-01
-1.663447916507720947e-01
-1.059068292379379272e-01
4.370305836200714111e-01
6.307630538940429688e-01
9.309142827987670898e-01
1.391789913177490234e-01
4.599766135215759277e-01
2.098029945045709610e-03
-1.829833239316940308e-01
-2.998204529285430908e-01
4.660285264253616333e-02
-1.242405772209167480e-01
2.100547552108764648e-01
-4.384127557277679443e-01
-7.744108140468597412e-02
-8.308336883783340454e-02
7.210267186164855957e-01
3.092769682407379150e-01
2.178734838962554932e-01
1.568151563405990601e-01
3.979720473289489746e-01
-3.168946802616119385e-01
3.742290437221527100e-01
9.940823912620544434e-02
-1.118114683777093887e-02
4.453488290309906006e-01
1.807526499032974243e-01
2.622051537036895752e-01
5.827884674072265625e-01
-1.034364551305770874e-01
2.723865807056427002e-01
-6.683933138847351074e-01
-9.806790947914123535e-02
-1.292772293090820312e+00
-7.042294740676879883e-01
-3.222772479057312012e-01
-4.510339498519897461e-01
2.780199348926544189e-01
1.833989769220352173e-01
8.775245547294616699e-01
6.624264121055603027e-01
1.714904189109802246e+00
7.811129093170166016e-01
7.032363414764404297e-01
4.671633839607238770e-01
-2.219023704528808594e-01
3.397929370403289795e-01
-2.801465988159179688e-01
4.275709390640258789e-01
5.189491510391235352e-01
-3.182702064514160156e-01
-5.219884514808654785e-01
-5.172908306121826172e-01
-3.385194540023803711e-01
1.740995347499847412e-01
7.658764719963073730e-01
7.228029966354370117e-01
6.053630113601684570e-01
9.383936971426010132e-02
-1.942772418260574341e-01
1.469733417034149170e-01
-2.282962016761302948e-02
-1.016278713941574097e-01
-1.344246119260787964e-01
-9.317247271537780762e-01
-3.201610147953033447e-01
-1.302867531776428223e-01
4.823304116725921631e-01
3.554915636777877808e-02
7.730042338371276855e-01
3.074138164520263672e-01
1.216984152793884277e+00
-3.419575840234756470e-02
4.667636454105377197e-01
-7.485659718513488770e-01
1.268170028924942017e-01
-8.541463613510131836e-01
-1.808001548051834106e-01
2.415051870048046112e-02
-4.049385339021682739e-02
-3.102889657020568848e-01
2.865386307239532471e-01
-4.616782367229461670e-01
2.255721539258956909e-01
-7.410587277263402939e-03
5.696954727172851562e-01
4.013518989086151123e-02
5.089676976203918457e-01
-4.672812670469284058e-02
2.431718707084655762e-01
4.436191916465759277e-01
2.699535489082336426e-01
3.656834959983825684e-01
7.222770899534225464e-02
5.438858270645141602e-01
-4.458824396133422852e-01
-8.753364533185958862e-02
-7.051685452461242676e-01
5.065887235105037689e-03
-6.481412053108215332e-01
2.027114182710647583e-01
1.272669434547424316e-01
1.516661047935485840e-01
2.984591722488403320e-01
8.785394579172134399e-02
-5.289919301867485046e-02
2.307208478450775146e-01
5.903522968292236328e-01
3.852850198745727539e-01
2.842663526535034180e-01
4.290832877159118652e-01
1.933182124048471451e-03
5.836283415555953979e-02
5.504851937294006348e-01
-6.849988698959350586e-01
1.981248147785663605e-03
1.894575506448745728e-01
-1.424283683300018311e-01
2.264652252197265625e-01
2.243272662162780762e-01
4.640562832355499268e-01
2.680875360965728760e-01
-3.999801725149154663e-02
3.708095252513885498e-01
-7.237859368324279785e-01
-3.319720029830932617e-01
-7.386831641197204590e-01
-2.630926072597503662e-01
-2.739402651786804199e-01
2.656300663948059082e-01
7.421564459800720215e-01
8.275209665298461914e-01
1.034396529197692871e+00
3.757181763648986816e-01
8.325127363204956055e-01
-1.263877451419830322e-01
8.435147255659103394e-02
-1.528613865375518799e-01
-2.741087079048156738e-01
-5.522597432136535645e-01
3.699411451816558838e-02
-2.271787673234939575e-01
-4.624550342559814453e-01
1.237535178661346436e-01
-4.269208908081054688e-01
3.576788008213043213e-01
7.107532024383544922e-02
5.740918517112731934e-01
2.344211935997009277e-01
8.346759676933288574e-01
2.153574489057064056e-03
4.404037594795227051e-01
-1.030501276254653931e-01
5.342037603259086609e-02
-5.119861960411071777e-01
-3.049952723085880280e-02
-1.119952369481325150e-02
1.209455579519271851e-01
3.129196465015411377e-01
-1.348022371530532837e-01
-1.598376035690307617e-02
-8.231311291456222534e-02
-1.795150488615036011e-01
2.436768859624862671e-01
-3.848909437656402588e-01
4.886983707547187805e-02
-8.589090704917907715e-01
3.148818016052246094e-01
3.875527083873748779e-01
-1.538402438163757324e-01
4.621109366416931152e-02
3.485438525676727295e-01
4.203606545925140381e-01
-1.076936647295951843e-01
-4.611699581146240234e-01
-6.842245459556579590e-01
-2.617448270320892334e-01
-1.089469492435455322e-01
-5.965479090809822083e-02
1.004257202148437500e-01
2.816184759140014648e-01
-8.191182464361190796e-02
1.036653593182563782e-01
8.538279682397842407e-02
2.862255573272705078e-01
7.820708155632019043e-01
5.064938664436340332e-01
7.608191370964050293e-01
-3.846998214721679688e-01
3.312688171863555908e-01
-2.986472249031066895e-01
-2.968926131725311279e-01
-8.591392636299133301e-01
2.147210389375686646e-01
-2.327654659748077393e-01
4.967957735061645508e-01
2.557053565979003906e-01
7.844561934471130371e-01
6.334445625543594360e-02
3.497345745563507080e-01
-2.170090377330780029e-01
-1.863143742084503174e-01
3.771005868911743164e-01
4.027347564697265625e-01
6.478172540664672852e-01
3.875584602355957031e-01
-2.649583220481872559e-01
-5.849106609821319580e-02
-1.170635968446731567e-01
-1.174428239464759827e-01
4.230055510997772217e-01
3.007044494152069092e-01
-1.807358413934707642e-01
-4.959739148616790771e-01
5.243836715817451477e-02
-2.300489991903305054e-01
9.567821025848388672e-02
7.502706646919250488e-01
5.875262618064880371e-02
1.732334136962890625e+00
7.735939621925354004e-01
2.522120475769042969e-01
-7.782039046287536621e-01
-1.048062205314636230e+00
-6.439072489738464355e-01
-3.832377791404724121e-01
-2.787249982357025146e-01
6.403117626905441284e-02
-4.021453857421875000e-01
2.438523471355438232e-01
-2.823831439018249512e-01
-1.971598565578460693e-01
3.574306368827819824e-01
6.163022518157958984e-01
4.273892343044281006e-01
8.477832078933715820e-01
-1.968439072370529175e-01
2.541173398494720459e-01
-1.329545974731445312e-01
-1.723540574312210083e-01
8.878206014633178711e-01
3.577003479003906250e-01
4.062487185001373291e-01
3.913711607456207275e-01
8.931668847799301147e-02
3.239151835441589355e-02
9.683877229690551758e-03
2.300409674644470215e-01
-1.399872750043869019e-01
-3.263339698314666748e-01
-1.754938066005706787e-01
-6.338134407997131348e-01
-4.315288960933685303e-01
-7.937372326850891113e-01
-2.480039894580841064e-01
5.367014557123184204e-02
1.031648442149162292e-01
2.163373529911041260e-01
1.590254455804824829e-01
3.991982936859130859e-01
2.592435181140899658e-01
3.585663139820098877e-01
-1.184610128402709961e-01
5.005006194114685059e-01
-1.548195183277130127e-01
1.136254146695137024e-01
4.030833542346954346e-01
-7.056798338890075684e-01
-1.789398938417434692e-01
5.000538751482963562e-02
1.764195412397384644e-01
-6.455028653144836426e-01
-8.307730555534362793e-01
2.806023061275482178e-01
5.549156665802001953e-01
7.011336684226989746e-01
9.345635771751403809e-01
6.618371605873107910e-01
9.961006641387939453e-01
5.496781319379806519e-02
2.249061018228530884e-01
7.014057636260986328e-01
-1.883056759834289551e-01
1.573673337697982788e-01
1.666014343500137329e-01
4.113702476024627686e-01
6.078788638114929199e-01
8.583229780197143555e-02
-3.832975625991821289e-01
-5.684723258018493652e-01
-8.376541733741760254e-01
-1.832365542650222778e-01
-5.589498952031135559e-02
2.600827813148498535e-01
-1.350835859775543213e-01
-1.038487330079078674e-01
2.728085517883300781e-01
-4.710668921470642090e-01
-2.190455198287963867e-01
-9.069616198539733887e-01
-5.011252760887145996e-01
1.645139306783676147e-01
8.846358209848403931e-02
9.698300361633300781e-01
-9.552211314439773560e-02
2.259453237056732178e-01
2.615112960338592529e-01
2.068280279636383057e-01
