1.315151333808898926e+00
-5.401886701583862305e-01
-2.630826532840728760e-01
2.449993640184402466e-01
6.462869048118591309e-02
3.755393922328948975e-01
-3.950681686401367188e-01
-1.097885012626647949e+00
-1.782453954219818115e-01
-1.591273099184036255e-01
-2.381634265184402466e-01
-7.017344236373901367e-01
-1.221702098846435547e-01
-3.236944675445556641e-01
4.694876819849014282e-02
9.307924658060073853e-02
-4.729561209678649902e-01
-2.280294448137283325e-01
6.013340502977371216e-02
7.361264228820800781e-01
-1.347089111804962158e-01
1.498069316148757935e-01
4.875258207321166992e-01
4.643437862396240234e-01
1.173151507973670959e-01
3.987570405006408691e-01
3.848261237144470215e-01
2.680131196975708008e-01
7.123314142227172852e-01
-2.329497933387756348e-01
-2.749694287776947021e-01
-4.355837702751159668e-01
-1.295014739036560059e+00
-1.723765969276428223e+00
8.181130886077880859e-01
-3.482980430126190186e-01
2.240332663059234619e-01
2.334011942148208618e-01
-1.012728571891784668e+00
-1.101923108100891113e+00
-3.622234761714935303e-01
-6.902747154235839844e-01
-2.226826399564743042e-01
-2.050589770078659058e-01
-1.059720814228057861e-01
9.706675410270690918e-01
1.110864877700805664e+00
4.626977741718292236e-01
-1.455027759075164795e-01
-3.860144615173339844e-01
8.951409459114074707e-01
-8.880781009793281555e-03
-5.885945558547973633e-01
-1.024223566055297852e+00
-5.525065660476684570e-01
-4.827491044998168945e-01
-2.124790430068969727e+00
2.286521911621093750e+00
3.204397559165954590e-01
7.996480464935302734e-01
7.235636711120605469e-01
-2.866179049015045166e-01
-1.212043911218643188e-01
-3.571314513683319092e-01
-4.398525655269622803e-01
1.175019383430480957e+00
3.285962045192718506e-01
-4.047658443450927734e-01
7.326633930206298828e-01
1.979109942913055420e-01
2.387017607688903809e-01
9.047015756368637085e-02
-2.291091680526733398e-01
-2.565053105354309082e-01
-7.614256143569946289e-01
-4.611959159374237061e-01
-6.522867679595947266e-01
-6.573290228843688965e-01
-6.679039001464843750e-01
-1.937997788190841675e-01
2.999199628829956055e-01
3.202112615108489990e-01
-3.262565135955810547e-01
4.056815505027770996e-01
-3.122431039810180664e-01
-1.241826653480529785e+00
-8.382219672203063965e-01
-4.322834610939025879e-01
-3.469564914703369141e-01
-6.824158430099487305e-01
-4.503443539142608643e-01
-3.068322241306304932e-01
-8.216637372970581055e-02
4.710607528686523438e-01
-1.141431480646133423e-01
1.175220966339111328e+00
6.606341600418090820e-01
4.144252538681030273e-01
1.047692894935607910e+00
9.295434951782226562e-01
-4.649555683135986328e-01
1.563619613647460938e+00
8.024876117706298828e-01
-2.933369576930999756e-01
3.031934425234794617e-02
5.465109944343566895e-01
-8.082761764526367188e-01
-2.527655661106109619e-01
-2.889530658721923828e-01
-8.844244480133056641e-01
-4.677724838256835938e-01
4.495444893836975098e-02
-7.039302587509155273e-01
-5.801535844802856445e-01
-4.988697767257690430e-01
-2.567068934440612793e-01
-2.146785408258438110e-01
2.497515827417373657e-02
-3.962687849998474121e-01
2.629560828208923340e-01
-8.929883837699890137e-01
-7.485932111740112305e-01
9.398566484451293945e-01
4.166600704193115234e-01
1.856763213872909546e-01
3.741798922419548035e-02
2.032232433557510376e-01
-4.265525639057159424e-01
-2.233256399631500244e-01
-5.589876174926757812e-01
5.825462751090526581e-03
4.665937423706054688e-01
3.391660451889038086e-01
-1.818030923604965210e-01
5.088701844215393066e-01
3.929724693298339844e-01
2.529732286930084229e-01
-4.395372867584228516e-01
-4.431926310062408447e-01
-8.590050339698791504e-01
-1.993898630142211914e+00
8.194857239723205566e-01
9.822695702314376831e-02
-1.336464881896972656e-01
-4.683332741260528564e-01
-7.451032996177673340e-01
-7.074320912361145020e-01
1.069951295852661133e+00
2.013281583786010742e-01
2.529597580432891846e-01
5.005112290382385254e-01
-1.509409844875335693e-01
-6.078161001205444336e-01
3.848339915275573730e-01
1.053454279899597168e+00
-6.986854076385498047e-01
9.194214642047882080e-02
-2.109715342521667480e-01
2.226739078760147095e-01
3.192923218011856079e-02
-3.792641758918762207e-01
-5.393339991569519043e-01
-4.410029947757720947e-01
-4.682335257530212402e-01
-8.799562454223632812e-01
-1.911260366439819336e+00
-8.989141136407852173e-02
6.815248727798461914e-01
-1.822359561920166016e-01
9.881939888000488281e-01
-4.207918345928192139e-01
9.237443208694458008e-01
1.063628196716308594e+00
1.922069489955902100e-01
-1.229547858238220215e-01
7.368912100791931152e-01
1.404532343149185181e-01
-2.061116248369216919e-01
-7.626516222953796387e-01
-5.323958396911621094e-01
-3.665093183517456055e-01
2.296983301639556885e-01
7.726838588714599609e-01
-7.479692250490188599e-02
6.422956287860870361e-02
1.359225250780582428e-02
-2.157827094197273254e-02
-7.577715516090393066e-01
-1.377476751804351807e-01
-1.515945196151733398e-01
-1.058767884969711304e-01
5.641557574272155762e-01
-4.910713732242584229e-01
-8.991338610649108887e-01
-4.485694169998168945e-01
-6.935246288776397705e-02
1.200892254710197449e-01
3.012142479419708252e-01
3.344920277595520020e-01
-3.318515419960021973e-01
4.376193881034851074e-01
1.096102595329284668e-02
-1.841458827257156372e-01
-1.388072520494461060e-01
-2.606329917907714844e-01
6.145080924034118652e-01
9.718600511550903320e-01
-1.075608372688293457e+00
-1.015734553337097168e+00
6.340602040290832520e-01
-1.476730257272720337e-01
-1.729179024696350098e-01
4.404895603656768799e-01
1.345683217048645020e+00
-2.060806751251220703e-02
-5.470029711723327637e-01
-2.975455522537231445e-01
-1.004980802536010742e-01
-3.813932240009307861e-01
-7.065181136131286621e-01
2.449518740177154541e-01
2.311430275440216064e-01
-1.345504522323608398e+00
-7.984238862991333008e-01
4.228331446647644043e-01
3.523887395858764648e-01
8.878464698791503906e-01
6.268312335014343262e-01
-3.353687524795532227e-01
2.098135799169540405e-01
-1.898855566978454590e-01
-2.568221688270568848e-01
-3.584444224834442139e-01
-2.342028021812438965e-01
7.804625034332275391e-01
3.121801912784576416e-01
-5.952634811401367188e-01
-1.372800767421722412e-01
-7.702735066413879395e-01
-1.335224062204360962e-01
2.739613354206085205e-01
2.746378481388092041e-01
-3.083968162536621094e-01
-1.314713060855865479e-01
7.085451483726501465e-02
-1.895972639322280884e-01
-5.217097997665405273e-01
-1.747539401054382324e+00
-3.746540248394012451e-01
-1.344488382339477539e+00
4.372791051864624023e-01
4.501194879412651062e-02
-9.295549392700195312e-01
2.367071658372879028e-01
4.378058612346649170e-01
-9.487996101379394531e-01
7.492754459381103516e-01
1.022068500518798828e+00
5.733588337898254395e-01
1.168901920318603516e-01
1.917911916971206665e-01
-6.530396938323974609e-01
-8.176818490028381348e-01
-2.906149327754974365e-01
-2.058357559144496918e-02
-1.879802048206329346e-01
-7.844307422637939453e-01
1.794610321521759033e-01
4.172777235507965088e-01
5.296647548675537109e-02
-3.004887402057647705e-01
-5.871519446372985840e-01
9.111816287040710449e-01
-1.373202353715896606e-01
5.977879762649536133e-01
-2.427368462085723877e-01
-8.235283493995666504e-01
-8.721396327018737793e-01
-1.671241968870162964e-01
1.564743369817733765e-01
-8.166752755641937256e-02
-2.981850504875183105e-01
-4.643181711435317993e-02
-3.449044525623321533e-01
-2.085150331258773804e-01
6.855542659759521484e-01
3.708971291780471802e-02
1.436388373374938965e+00
3.526073321700096130e-02
-5.572209358215332031e-01
1.045154094696044922e+00
-4.084235131740570068e-01
-1.086618676781654358e-01
2.262604795396327972e-02
-1.158620491623878479e-01
-3.144889175891876221e-01
-6.289368867874145508e-01
-1.159522771835327148e+00
-6.987529397010803223e-01
-6.631885766983032227e-01
1.645353436470031738e-01
5.703563094139099121e-01
-1.053452253341674805e+00
5.706939697265625000e-01
9.375739097595214844e-01
1.337465941905975342e-01
-4.527647793292999268e-01
3.664917051792144775e-01
-7.932531833648681641e-01
-9.106731414794921875e-01
-5.235878825187683105e-01
1.312750697135925293e+00
9.414225816726684570e-01
5.829602479934692383e-01
-1.851466745138168335e-01
-1.719274930655956268e-02
-1.041936725378036499e-01
-1.568486928939819336e+00
-2.528785467147827148e-01
-3.245773613452911377e-01
-2.744317054748535156e-01
8.149893581867218018e-02
-3.543805480003356934e-01
-3.584417700767517090e-01
2.928809821605682373e-01
3.136728703975677490e-01
-2.464126348495483398e-01
5.617259535938501358e-03
-6.058179140090942383e-01
-5.877614021301269531e-01
4.799883812665939331e-02
-2.984888255596160889e-01
1.047959685325622559e+00
3.268491327762603760e-01
-3.350034356117248535e-01
-1.877706944942474365e-01
-4.457792937755584717e-01
2.266236990690231323e-01
-1.918739825487136841e-01
-2.604461014270782471e-01
-2.861102521419525146e-01
-4.959685802459716797e-01
-2.280460149049758911e-01
-1.115859627723693848e+00
-8.588432669639587402e-01
-3.269519209861755371e-01
-7.040125131607055664e-01
1.351042270660400391e+00
-3.917540982365608215e-02
-2.005661651492118835e-02
1.506705880165100098e+00
-1.949250251054763794e-01
1.423984766006469727e+00
5.438972264528274536e-02
5.188758969306945801e-01
4.198053777217864990e-01
8.289879560470581055e-01
-5.934258103370666504e-01
-3.766384124755859375e-01
2.748982906341552734e-01
-7.313708961009979248e-02
-2.921096086502075195e-01
1.414164423942565918e+00
-7.242530584335327148e-01
-5.802331566810607910e-01
1.974785923957824707e-01
-7.634711861610412598e-01
-4.866749942302703857e-01
-4.602488130331039429e-02
-8.300191760063171387e-01
4.773150384426116943e-02
-7.362480759620666504e-01
-2.598389089107513428e-01
-2.880524098873138428e-01
-1.287308335304260254e-01
-5.143171548843383789e-01
-6.220650076866149902e-01
-1.359659731388092041e-01
-4.766970276832580566e-01
-3.650557100772857666e-01
6.427830457687377930e-01
7.054232954978942871e-01
8.425135612487792969e-01
9.688013792037963867e-01
6.968079209327697754e-01
1.165979743003845215e+00
8.488251566886901855e-01
-2.890936098992824554e-02
-1.479567140340805054e-01
-1.631282866001129150e-01
3.702849447727203369e-01
-1.189032793045043945e-01
-3.258816301822662354e-01
-3.052757680416107178e-01
-1.904287189245223999e-01
-5.786230564117431641e-01
-6.673880815505981445e-01
2.278333157300949097e-02
-7.782499790191650391e-01
-6.915798783302307129e-01
8.267619609832763672e-01
-1.819528937339782715e-01
-6.157810091972351074e-01
-7.759104967117309570e-01
1.983785033226013184e-01
-1.322791695594787598e+00
-8.788551092147827148e-01
-3.876467049121856689e-01
-3.541365265846252441e-01
-9.143527746200561523e-01
2.147196233272552490e-01
-8.118440210819244385e-02
5.557489991188049316e-01
1.342165917158126831e-01
1.108620762825012207e+00
6.143955588340759277e-01
2.502320706844329834e-01
-2.370978593826293945e-01
-2.441577762365341187e-01
-6.562124490737915039e-01
-5.672479271888732910e-01
-6.031787991523742676e-01
6.180900335311889648e-01
-1.875211149454116821e-01
5.298193097114562988e-01
-5.488489866256713867e-01
-1.265583485364913940e-01
7.165666669607162476e-02
8.221834897994995117e-01
4.633308574557304382e-02
-6.052247881889343262e-01
-6.294537782669067383e-01
5.147262811660766602e-01
3.076186776161193848e-01
-4.500282406806945801e-01
-8.759551644325256348e-01
-4.163137078285217285e-01
-4.329590797424316406e-01
7.850082516670227051e-01
1.508532278239727020e-02
-2.689531147480010986e-01
-4.709279537200927734e-01
5.168246626853942871e-01
-2.615437209606170654e-01
1.715733855962753296e-01
8.470150083303451538e-02
5.651416182518005371e-01
4.006323590874671936e-02
-1.980689615011215210e-01
-6.573119163513183594e-01
-5.126610994338989258e-01
1.010427698493003845e-01
6.278918385505676270e-01
-5.353983044624328613e-01
-9.532001614570617676e-01
3.057456910610198975e-01
2.512046694755554199e-01
-6.977511048316955566e-01
3.192414045333862305e-01
9.142327308654785156e-02
-6.478074193000793457e-01
-3.185028433799743652e-01
-1.711523085832595825e-01
8.223057389259338379e-01
1.379974722862243652e+00
8.198531270027160645e-01
-3.989636898040771484e-01
-1.015131354331970215e+00
-1.040672898292541504e+00
-2.689360082149505615e-01
-3.142423331737518311e-01
-1.002813428640365601e-01
-2.059910595417022705e-01
-1.241583302617073059e-01
-3.630864433944225311e-03
-9.095888733863830566e-01
1.501526981592178345e-01
1.195855736732482910e+00
1.200154304504394531e+00
-4.630172550678253174e-01
-5.241425037384033203e-01
-7.675766348838806152e-01
-9.897468090057373047e-01
-2.809600830078125000e-01
-6.589287519454956055e-02
2.675049304962158203e-01
2.158357203006744385e-02
-3.338974118232727051e-01
-3.581299260258674622e-02
5.798626542091369629e-01
-3.496240973472595215e-01
-1.827199161052703857e-01
-7.165212631225585938e-01
1.812052875757217407e-01
3.491128385066986084e-01
7.416354119777679443e-02
6.565186381340026855e-02
2.501626610755920410e-01
2.139493674039840698e-01
-2.368940562009811401e-01
3.881572186946868896e-01
2.219111919403076172e-01
-4.142484366893768311e-01
-6.697947531938552856e-02
-7.496318221092224121e-01
4.103092849254608154e-02
-5.545027088373899460e-04
3.454742133617401123e-01
-4.395751655101776123e-01
-1.492364108562469482e-01
-1.144390627741813660e-01
-2.469234019517898560e-01
2.073624879121780396e-01
