3.168249428272247314e-01
-9.461078047752380371e-02
-8.112588524818420410e-02
1.610267460346221924e-01
1.783140897750854492e-01
-9.288222342729568481e-02
-1.065449640154838562e-01
1.746910661458969116e-01
-1.695751249790191650e-01
-2.832945883274078369e-01
3.651847243309020996e-01
-1.180749610066413879e-01
4.754435718059539795e-01
7.132178870961070061e-04
2.446965873241424561e-01
3.456614911556243896e-01
2.063200473785400391e-01
5.208125710487365723e-02
-2.922193408012390137e-01
-1.969671845436096191e-01
-1.071527004241943359e-01
-7.693838328123092651e-02
7.688037306070327759e-02
3.631095215678215027e-02
7.720679044723510742e-01
-5.111314654350280762e-01
3.791497647762298584e-01
-2.304964214563369751e-01
-2.167294472455978394e-01
2.530723214149475098e-01
6.863114982843399048e-02
6.139422953128814697e-02
2.396205067634582520e-01
1.080890059471130371e+00
1.645788550376892090e+00
-2.258915603160858154e-01
-4.845831394195556641e-01
-5.597522258758544922e-01
-1.846413314342498779e-01
-5.797339081764221191e-01
-5.281773805618286133e-01
-4.598325192928314209e-01
4.511664211750030518e-01
-2.909652590751647949e-01
-2.419276833534240723e-01
3.026563227176666260e-01
-4.884375929832458496e-01
-1.250245049595832825e-02
7.375890612602233887e-01
-4.540808200836181641e-01
2.363702654838562012e-02
1.714609861373901367e-01
5.197577178478240967e-02
2.350021153688430786e-01
1.688441485166549683e-01
4.708333909511566162e-01
7.609381079673767090e-01
-4.453814774751663208e-02
-6.254138052463531494e-02
-6.818358600139617920e-02
-6.523124575614929199e-01
-1.263201981782913208e-01
3.880448043346405029e-01
9.133092314004898071e-02
-1.624627262353897095e-01
-4.797989428043365479e-01
4.026376307010650635e-01
1.429822444915771484e-01
7.497146725654602051e-02
1.922135427594184875e-02
4.247379899024963379e-01
-2.429008334875106812e-01
-2.890495359897613525e-01
1.914512366056442261e-01
-8.544253557920455933e-02
5.133808255195617676e-01
2.239852398633956909e-01
3.877742290496826172e-01
1.428288687020540237e-02
-2.279127687215805054e-01
-2.993561923503875732e-01
-1.212847828865051270e-01
-4.254670813679695129e-02
-1.319860219955444336e-01
1.549587249755859375e-01
2.486790567636489868e-01
5.616077780723571777e-01
-4.772562533617019653e-06
2.809840142726898193e-01
4.302955865859985352e-01
3.921174108982086182e-01
-3.814446181058883667e-02
-1.372375637292861938e-01
3.609619140625000000e-01
-5.913764834403991699e-01
-9.610842168331146240e-02
-8.568064868450164795e-02
-4.004414081573486328e-01
-4.060115218162536621e-01
3.703830540180206299e-01
1.019091367721557617e+00
-5.000240206718444824e-01
3.029375076293945312e-01
6.352453231811523438e-01
-3.605475723743438721e-01
5.705407857894897461e-01
-1.452865451574325562e-01
-3.593465313315391541e-02
-1.069993525743484497e-01
-2.278115302324295044e-01
-4.225077629089355469e-01
-2.371433228254318237e-01
5.628384649753570557e-02
9.951034933328628540e-02
-2.348151654005050659e-01
-3.827917203307151794e-02
2.347792237997055054e-01
-1.828902959823608398e-02
1.713186353445053101e-01
2.692679762840270996e-01
2.818798422813415527e-01
1.146349832415580750e-01
1.574736461043357849e-02
2.244135290384292603e-01
5.290439128875732422e-01
-1.838307678699493408e-01
1.348097771406173706e-01
-7.112742215394973755e-02
-3.140367940068244934e-02
7.668715715408325195e-02
-7.086468487977981567e-02
-5.874290131032466888e-03
2.718596905469894409e-02
-3.651562333106994629e-01
2.408331185579299927e-01
-6.343202590942382812e-01
2.257147431373596191e-01
3.435819149017333984e-01
-3.884983956813812256e-01
2.882394194602966309e-02
-1.608059257268905640e-01
-8.229731023311614990e-02
-2.578529417514801025e-01
2.988118529319763184e-01
4.441418945789337158e-01
1.846848241984844208e-02
4.390470683574676514e-01
5.588467717170715332e-01
3.706429898738861084e-01
8.885568380355834961e-02
1.772899329662322998e-01
4.258158504962921143e-01
-4.507011175155639648e-02
9.193863272666931152e-01
1.202660799026489258e+00
3.024130463600158691e-01
-6.703608036041259766e-01
-8.836164474487304688e-01
-8.175145387649536133e-01
-9.173171520233154297e-01
-9.741531014442443848e-01
-5.345948338508605957e-01
-6.925541162490844727e-01
-4.706095755100250244e-01
-7.109451889991760254e-01
3.495886456221342087e-03
2.074541151523590088e-01
3.358648717403411865e-01
1.459801942110061646e-01
-8.932412415742874146e-02
4.934520646929740906e-02
5.374541282653808594e-01
2.056705653667449951e-01
-3.102397322654724121e-01
2.399630099534988403e-01
1.517180949449539185e-01
2.284281402826309204e-01
7.552081346511840820e-01
5.985542386770248413e-02
1.009778603911399841e-01
3.592400848865509033e-01
3.748634085059165955e-02
-1.627125442028045654e-01
2.246271818876266479e-01
1.304636299610137939e-01
-9.477741084992885590e-03
1.783756911754608154e-01
-1.182647943496704102e-01
-1.245338842272758484e-01
-1.941553652286529541e-01
-1.761286556720733643e-01
6.299485564231872559e-01
-2.201558351516723633e-01
2.894821763038635254e-01
1.215487867593765259e-01
2.988834679126739502e-01
1.100016161799430847e-01
-5.355531573295593262e-01
-9.274146705865859985e-02
-5.933224558830261230e-01
-5.504749417304992676e-01
2.133799642324447632e-01
7.011610269546508789e-02
8.731509745121002197e-02
1.929325461387634277e-01
-1.585363596677780151e-01
-2.569031119346618652e-01
8.522672206163406372e-02
3.877086639404296875e-01
3.308710753917694092e-01
3.117969334125518799e-01
4.742854237556457520e-01
1.425696164369583130e-01
1.631005257368087769e-01
7.714738696813583374e-02
6.731820106506347656e-02
3.762661814689636230e-01
2.058593034744262695e-01
-2.707000970840454102e-01
-1.594408452510833740e-01
2.182236313819885254e-02
4.353806972503662109e-01
-2.034329175949096680e-01
2.363472133874893188e-01
3.625965118408203125e-01
-5.551126599311828613e-01
-2.700137197971343994e-01
2.649264037609100342e-01
-2.233454771339893341e-02
9.912113100290298462e-02
-2.044172137975692749e-01
1.940886527299880981e-01
6.187431979924440384e-03
-2.227270007133483887e-01
2.269600704312324524e-02
1.766736209392547607e-01
-3.742494285106658936e-01
-3.041181564331054688e-01
2.837391942739486694e-02
-2.913557887077331543e-01
4.013863801956176758e-01
-1.481301039457321167e-01
4.691331386566162109e-01
9.087510406970977783e-02
-6.209979765117168427e-03
-2.583186142146587372e-02
9.194192886352539062e-01
3.834677338600158691e-01
4.048511683940887451e-01
7.657768130302429199e-01
1.315016388893127441e+00
7.147190570831298828e-01
-7.012520730495452881e-02
-3.169940710067749023e-01
-9.700964093208312988e-01
-1.003663301467895508e+00
-4.087602496147155762e-01
-6.418591737747192383e-01
-3.176399767398834229e-01
-6.076742410659790039e-01
-3.161277994513511658e-02
1.252583600580692291e-02
1.577001363039016724e-01
-1.678877025842666626e-01
5.043143033981323242e-02
3.085988461971282959e-01
3.265330791473388672e-01
9.020642191171646118e-02
1.667141169309616089e-01
1.854185312986373901e-01
4.151341021060943604e-01
-1.732579432427883148e-02
4.895628988742828369e-01
-1.036394238471984863e-01
1.836004108190536499e-01
8.539008349180221558e-02
-6.560505181550979614e-02
-2.949553132057189941e-01
-1.931874006986618042e-01
-9.973794221878051758e-02
1.674114167690277100e-01
9.517433494329452515e-02
5.314185619354248047e-01
-3.965318799018859863e-01
1.479196269065141678e-02
-2.710889279842376709e-01
2.818892002105712891e-01
-4.303394258022308350e-01
7.395353913307189941e-02
4.834460020065307617e-01
4.553479850292205811e-01
4.593060612678527832e-01
8.841906785964965820e-01
-4.049156904220581055e-01
6.893455050885677338e-03
4.891715198755264282e-02
4.886487126350402832e-01
-4.871374070644378662e-01
-1.210471801459789276e-02
-1.114261299371719360e-01
-2.882815897464752197e-01
3.747354149818420410e-01
1.396767497062683105e-01
-5.709033459424972534e-02
-3.876258730888366699e-01
-1.765695363283157349e-01
-6.145922839641571045e-02
1.754892617464065552e-02
-1.596594303846359253e-01
1.848491877317428589e-01
-3.314872384071350098e-01
5.901576280593872070e-01
1.846185177564620972e-01
-5.216884240508079529e-02
-2.561699450016021729e-01
-1.438079625368118286e-01
-3.956076875329017639e-02
2.389741539955139160e-01
2.294557839632034302e-01
4.627676308155059814e-01
1.861688733100891113e+00
5.599829554557800293e-01
-1.602511703968048096e-01
-9.415377974510192871e-01
-2.151474952697753906e-01
2.469327896833419800e-01
-1.174293637275695801e+00
-4.870139956474304199e-01
-6.834847480058670044e-02
3.052403591573238373e-02
5.209633708000183105e-01
-4.948380589485168457e-02
-1.885815709829330444e-02
-1.991157531738281250e-01
2.679594457149505615e-01
4.119798541069030762e-01
1.045109033584594727e+00
-3.355245888233184814e-01
7.256690412759780884e-02
1.926358342170715332e-01
-1.050502434372901917e-01
3.196563720703125000e-01
1.868964582681655884e-01
7.437725365161895752e-02
-3.093710541725158691e-01
4.410490095615386963e-01
-3.287167102098464966e-02
-4.699143171310424805e-01
-3.372076153755187988e-01
3.358484804630279541e-01
1.403489708900451660e-01
-4.556140601634979248e-01
5.156011581420898438e-01
1.632757931947708130e-01
7.521940022706985474e-02
-6.902129203081130981e-02
-1.351576112210750580e-02
-5.228749513626098633e-01
-3.471205532550811768e-01
-1.412076950073242188e-01
9.434795379638671875e-02
-2.287441939115524292e-01
1.531766168773174286e-02
1.469289064407348633e-01
-1.525859534740447998e-01
7.710120826959609985e-02
1.843287348747253418e-01
-1.156064122915267944e-01
3.535100817680358887e-01
-6.139546260237693787e-02
6.998943090438842773e-01
2.409337610006332397e-01
2.205724716186523438e-01
2.974902689456939697e-01
-1.345548182725906372e-01
-1.926158517599105835e-01
-6.728828698396682739e-02
2.239093184471130371e-01
3.229526281356811523e-01
1.614589095115661621e-01
4.152198433876037598e-01
-5.891825556755065918e-01
-2.358058393001556396e-01
-4.931412041187286377e-01
-2.673785686492919922e-01
-3.547810912132263184e-01
2.091323733329772949e-01
9.881615638732910156e-02
-1.232952997088432312e-01
1.517031341791152954e-01
-3.622483909130096436e-01
-4.523675143718719482e-02
3.024337291717529297e-01
-4.474349915981292725e-01
5.861713290214538574e-01
-1.023599058389663696e-01
6.141537055373191833e-02
1.228939965367317200e-01
-2.881445176899433136e-02
8.507251143455505371e-01
1.505583047866821289e+00
3.678220510482788086e-01
5.310061573982238770e-01
-7.259080410003662109e-01
-8.092967271804809570e-01
-9.714897274971008301e-01
-6.220307946205139160e-01
-6.617593765258789062e-01
-6.859735846519470215e-01
-2.037384808063507080e-01
2.047689259052276611e-02
-1.006871536374092102e-01
-2.656384743750095367e-02
-3.188897967338562012e-01
5.228716731071472168e-01
3.426040410995483398e-01
6.673325300216674805e-01
3.605914413928985596e-01
3.145826458930969238e-01
4.994408190250396729e-01
6.213503479957580566e-01
2.959296107292175293e-01
2.817534208297729492e-01
-4.248625040054321289e-01
-2.459845840930938721e-01
-2.656278610229492188e-01
5.937670469284057617e-01
-4.872783422470092773e-01
-2.511429190635681152e-01
5.527650117874145508e-01
5.643938183784484863e-01
5.713377594947814941e-01
5.948350429534912109e-01
-4.963206052780151367e-01
1.944716721773147583e-01
-1.684213280677795410e-01
1.632383912801742554e-01
-6.467706561088562012e-01
-5.661120414733886719e-01
7.993973791599273682e-02
-1.554060876369476318e-01
2.055923044681549072e-01
2.139121592044830322e-01
-2.689533233642578125e-01
2.384755164384841919e-01
6.351122260093688965e-01
-2.945689857006072998e-01
5.785538628697395325e-02
1.182727664709091187e-01
2.765455245971679688e-01
-2.767150402069091797e-01
-4.177020117640495300e-02
3.404385149478912354e-01
7.345230132341384888e-02
-2.430023849010467529e-01
2.168915271759033203e-01
4.431796967983245850e-01
-2.351037561893463135e-01
-2.021174579858779907e-01
2.485948801040649414e-01
-7.058799266815185547e-02
4.317937195301055908e-01
1.155946180224418640e-01
-1.333506256341934204e-01
-3.794898688793182373e-01
1.535434722900390625e-01
-1.651140004396438599e-01
-9.651096910238265991e-02
7.171358466148376465e-01
-1.757183223962783813e-01
5.979469418525695801e-01
5.067138075828552246e-01
-3.072237409651279449e-02
-1.959175802767276764e-02
4.886894822120666504e-01
4.829275310039520264e-01
4.943156614899635315e-03
-3.380057513713836670e-01
-1.846554279327392578e-01
8.583198487758636475e-02
2.168399095535278320e-01
4.460016489028930664e-01
-3.802724182605743408e-01
2.270224839448928833e-01
-1.902498751878738403e-01
-4.522896930575370789e-02
2.130077928304672241e-01
-8.092073351144790649e-02
-3.966767489910125732e-01
-7.945827245712280273e-01
-1.960015594959259033e-01
2.950965659692883492e-03
6.480268202722072601e-04
2.537990510463714600e-01
-1.103760674595832825e-01
4.651307463645935059e-01
-3.309945017099380493e-02
1.735911220312118530e-01
4.750056266784667969e-01
-3.176459968090057373e-01
-2.603690028190612793e-01
-4.391888529062271118e-02
-3.247034847736358643e-01
9.795740246772766113e-01
1.750861406326293945e-01
1.705530285835266113e-01
-4.055337607860565186e-01
-6.775178946554660797e-03
1.824317499995231628e-02
1.248186230659484863e+00
1.185921192169189453e+00
-1.411401927471160889e-01
-1.575380116701126099e-01
