2.096213579177856445e+00
-1.569879055023193359e-01
2.905984818935394287e-01
-3.128477036952972412e-01
1.056025177240371704e-01
-2.142573148012161255e-01
-4.153901636600494385e-01
-3.567440807819366455e-01
-4.395184218883514404e-01
-2.526107728481292725e-01
-3.390487432479858398e-01
-5.198025107383728027e-01
-6.254398226737976074e-01
-4.238686561584472656e-01
-2.432971149682998657e-01
-6.020768880844116211e-01
-6.143568754196166992e-01
-4.299004673957824707e-01
-7.117840647697448730e-02
3.096227049827575684e-01
4.674724638462066650e-01
3.612679839134216309e-01
7.635824680328369141e-01
5.708111524581909180e-01
4.911848306655883789e-01
6.073874831199645996e-01
1.258730888366699219e-02
6.481813192367553711e-01
5.678694844245910645e-01
5.453134775161743164e-01
-5.423773080110549927e-02
-2.554906010627746582e-01
-2.271561622619628906e+00
-1.496317386627197266e+00
-8.567289263010025024e-02
-2.369953840970993042e-01
3.879583477973937988e-01
4.131055176258087158e-01
-7.598735690116882324e-01
-5.484481453895568848e-01
-8.958674073219299316e-01
-1.598287701606750488e+00
-5.865391492843627930e-01
-6.257746219635009766e-01
-4.895199239253997803e-01
6.639661788940429688e-01
1.359317898750305176e+00
6.706356406211853027e-01
4.404797255992889404e-01
-1.486764997243881226e-01
4.677166342735290527e-01
3.249969482421875000e-01
-3.656276315450668335e-02
-9.065586328506469727e-01
-3.595238924026489258e-01
-8.320357799530029297e-01
-1.215546250343322754e+00
3.868908286094665527e-01
1.568244770169258118e-02
9.504598975181579590e-01
5.317865014076232910e-01
3.919630944728851318e-01
5.142039060592651367e-02
-4.602374881505966187e-02
-4.262462854385375977e-01
5.332204103469848633e-01
7.578527927398681641e-01
3.000442497432231903e-02
4.234642088413238525e-01
4.134269654750823975e-01
1.883358210325241089e-01
2.488402426242828369e-01
-2.525236904621124268e-01
1.806354373693466187e-01
-4.788172245025634766e-01
-4.787776172161102295e-01
-5.249318480491638184e-01
-1.257494449615478516e+00
-7.411966323852539062e-01
-4.936732351779937744e-01
-2.131301313638687134e-01
2.256276607513427734e-01
-3.141106963157653809e-01
7.996097207069396973e-01
9.245656430721282959e-02
-6.013759374618530273e-01
-4.923337399959564209e-01
-8.157634735107421875e-01
-5.296028777956962585e-02
-6.300887465476989746e-01
-4.121783375740051270e-01
-4.619360268115997314e-01
-6.854988336563110352e-01
8.581823706626892090e-01
-4.852288365364074707e-01
8.940898776054382324e-01
5.812416076660156250e-01
6.519554853439331055e-01
7.415547370910644531e-01
1.130704760551452637e+00
-9.039258956909179688e-02
1.151539802551269531e+00
1.612962484359741211e-01
2.973157167434692383e-01
-3.243796825408935547e-01
2.387275844812393188e-01
-2.053292095661163330e-01
7.856576889753341675e-02
-1.581205278635025024e-01
-4.808623790740966797e-01
-6.256355047225952148e-01
-6.299215555191040039e-02
-4.190701246261596680e-01
-4.347886145114898682e-01
-1.046105027198791504e+00
-3.936535418033599854e-01
5.797090008854866028e-02
1.175902411341667175e-01
-5.453183650970458984e-01
5.997946858406066895e-01
-8.048884272575378418e-01
-3.068800866603851318e-01
2.177667617797851562e-01
4.903686344623565674e-01
6.698749065399169922e-01
4.708279073238372803e-01
6.946642696857452393e-02
7.124470919370651245e-02
-3.302830457687377930e-01
-9.422813653945922852e-01
2.765624225139617920e-01
1.288707256317138672e-01
6.362615823745727539e-01
-2.720256745815277100e-01
4.029577970504760742e-01
3.465706110000610352e-01
1.429230123758316040e-01
-4.348605498671531677e-02
-4.248427450656890869e-01
-1.070883750915527344e+00
-1.132637739181518555e+00
-6.809136867523193359e-01
6.235657334327697754e-01
-1.540825515985488892e-01
2.778223752975463867e-01
-7.734767794609069824e-01
-7.622584700584411621e-01
6.835134625434875488e-01
4.065426588058471680e-01
4.340034127235412598e-01
7.331596016883850098e-01
3.336680680513381958e-02
-3.058054149150848389e-01
1.537408381700515747e-01
3.555068373680114746e-01
5.269428342580795288e-02
1.294644828885793686e-02
-1.957414150238037109e-01
2.905745208263397217e-01
1.943522691726684570e-01
-1.316229552030563354e-01
-1.631803363561630249e-01
-5.964730381965637207e-01
-1.169586926698684692e-01
-1.006742715835571289e+00
-1.090207934379577637e+00
3.910223022103309631e-03
-3.603168949484825134e-02
2.763307392597198486e-01
2.208892107009887695e-01
2.860232628881931305e-02
9.611433148384094238e-01
4.798752963542938232e-01
6.432044506072998047e-01
-3.827892541885375977e-01
5.265336036682128906e-01
6.727532297372817993e-02
3.649081885814666748e-01
-5.686213970184326172e-01
-4.672258496284484863e-01
-1.017208769917488098e-01
-2.514515519142150879e-01
5.068126320838928223e-01
-7.407245039939880371e-02
4.906224012374877930e-01
-2.851452827453613281e-01
3.115300536155700684e-01
-6.847985386848449707e-01
1.735580563545227051e-01
-3.663779497146606445e-01
3.076853752136230469e-01
3.649597167968750000e-01
-1.254196465015411377e-01
-7.083134651184082031e-01
-7.399329543113708496e-01
-3.487851023674011230e-01
-5.289321392774581909e-02
1.765471547842025757e-01
9.228909015655517578e-02
8.387517184019088745e-02
-1.660004109144210815e-01
5.515134930610656738e-01
-1.575854420661926270e-01
2.081450372934341431e-01
-2.660809755325317383e-01
6.079843044281005859e-01
6.990111470222473145e-01
-3.499528765678405762e-01
-7.176278829574584961e-01
9.264181256294250488e-01
-5.127716660499572754e-01
1.289532519876956940e-02
1.603386998176574707e-01
8.310630321502685547e-01
9.145242720842361450e-02
-1.378019601106643677e-01
-3.343170881271362305e-01
-1.895471066236495972e-01
-7.214005589485168457e-01
-9.968970417976379395e-01
5.150786638259887695e-01
4.749232530593872070e-02
-6.363019943237304688e-01
-5.594955682754516602e-01
-3.509108722209930420e-02
-3.747320920228958130e-02
3.148815631866455078e-01
1.051167011260986328e+00
-2.115139663219451904e-01
2.275207489728927612e-01
-1.433498412370681763e-01
-2.064163833856582642e-01
-2.457103133201599121e-01
-2.230007201433181763e-02
9.101967811584472656e-01
6.004233360290527344e-01
-1.599002331495285034e-01
-2.519853115081787109e-01
-3.556419610977172852e-01
-1.250436753034591675e-01
1.005850136280059814e-01
4.158640503883361816e-01
-9.148204922676086426e-01
2.548046708106994629e-01
-3.679575920104980469e-01
1.949576884508132935e-01
-5.494673252105712891e-01
-5.582919120788574219e-01
-7.662708759307861328e-01
-6.382088661193847656e-01
-4.548004865646362305e-01
2.035921066999435425e-02
-6.252486109733581543e-01
2.608475089073181152e-01
-7.125146687030792236e-02
-7.317892909049987793e-01
5.567378997802734375e-01
8.910685181617736816e-01
6.960214972496032715e-01
3.266051113605499268e-01
1.673765182495117188e-01
-4.683683216571807861e-01
-6.575729250907897949e-01
-7.068217396736145020e-01
1.853134632110595703e-01
-1.358308345079421997e-01
-3.802314698696136475e-01
-8.559605479240417480e-02
4.175583720207214355e-01
2.648151516914367676e-01
8.277184516191482544e-02
-5.992440581321716309e-01
9.080075621604919434e-01
-1.434515714645385742e-01
5.550276041030883789e-01
-9.306307137012481689e-02
-5.621225237846374512e-01
-7.231601476669311523e-01
-6.739802956581115723e-01
1.261988878250122070e-01
-2.306122332811355591e-01
-3.110364675521850586e-01
-1.982797980308532715e-01
-4.903815686702728271e-02
-9.296840429306030273e-01
9.533850550651550293e-01
-5.452810525894165039e-01
2.056325674057006836e+00
-4.224605262279510498e-01
1.144205451011657715e+00
4.431519806385040283e-01
4.371965676546096802e-02
-8.217916823923587799e-03
4.633882641792297363e-02
-3.372678458690643311e-01
-3.006429225206375122e-02
-1.159626245498657227e+00
-7.797426581382751465e-01
-9.585404396057128906e-01
-7.466419935226440430e-01
8.811881393194198608e-02
5.232031345367431641e-01
-4.655597805976867676e-01
3.486604988574981689e-01
5.699764490127563477e-01
3.332567214965820312e-01
1.499695479869842529e-01
8.590116049163043499e-04
-8.472377657890319824e-01
-3.233016014099121094e+00
-3.209535777568817139e-01
2.647587358951568604e-01
1.348250865936279297e+00
7.019954919815063477e-01
4.894132018089294434e-01
-1.068769022822380066e-02
-6.752051413059234619e-03
-1.145913481712341309e+00
6.078354641795158386e-02
-5.305868387222290039e-01
-6.641661524772644043e-01
3.787170350551605225e-01
-5.127155184745788574e-01
-2.421626448631286621e-01
-6.433664821088314056e-03
8.617640137672424316e-01
-1.540791541337966919e-01
-5.024700239300727844e-02
-5.128500461578369141e-01
-5.540859699249267578e-01
-1.239262819290161133e-01
-4.472515583038330078e-01
4.549740254878997803e-01
6.036558151245117188e-01
1.574637740850448608e-02
2.024525552988052368e-01
-4.358998239040374756e-01
-1.166491135954856873e-01
-6.458989977836608887e-01
-2.137556076049804688e-01
-1.367160528898239136e-01
-6.133886575698852539e-01
-4.758251458406448364e-02
-1.222022294998168945e+00
-5.405023694038391113e-01
-1.474092900753021240e-01
-9.699901938438415527e-02
1.043591260910034180e+00
-1.196977347135543823e-01
5.538823008537292480e-01
8.177465796470642090e-01
-1.595768779516220093e-01
9.760822653770446777e-01
2.754688262939453125e-01
1.457402855157852173e-01
-8.644530177116394043e-02
9.562865495681762695e-01
-6.547544598579406738e-01
-1.274748444557189941e-01
-6.393113732337951660e-02
1.738871932029724121e-01
-4.192489981651306152e-01
1.153859853744506836e+00
-2.406329810619354248e-01
2.789210677146911621e-01
1.063072010874748230e-01
-6.783222556114196777e-01
-3.008979260921478271e-01
7.633602619171142578e-02
-2.922953963279724121e-01
-2.106071822345256805e-02
-1.018452644348144531e+00
-3.070845603942871094e-01
-6.502757072448730469e-01
-2.214523851871490479e-01
-8.145904541015625000e-01
-2.814186215400695801e-01
1.165644824504852295e-02
-3.892777021974325180e-03
-5.538484454154968262e-01
5.183058977127075195e-01
6.770806908607482910e-01
9.238442182540893555e-01
1.001508951187133789e+00
9.951328635215759277e-01
1.235706090927124023e+00
1.021302223205566406e+00
2.459910511970520020e-02
-2.440357506275177002e-01
-2.172384262084960938e-01
5.460657477378845215e-01
-2.630558311939239502e-01
-8.274641633033752441e-02
-5.672251582145690918e-01
-1.962973922491073608e-01
-1.779092252254486084e-01
-9.028847217559814453e-01
-3.738212212920188904e-02
-9.810373187065124512e-01
-6.009198427200317383e-01
2.600945532321929932e-01
3.743861615657806396e-01
-5.290747284889221191e-01
-3.659883141517639160e-01
-4.292454421520233154e-01
-7.422747611999511719e-01
-5.287231206893920898e-01
-3.864703774452209473e-01
-4.742319881916046143e-01
-7.067959904670715332e-01
5.623624920845031738e-01
-4.528405368328094482e-01
6.252405047416687012e-01
2.128231078386306763e-01
7.443681955337524414e-01
1.080151319503784180e+00
6.128172278404235840e-01
5.331490561366081238e-02
-3.519589006900787354e-01
-7.198481559753417969e-01
-4.551484286785125732e-01
-6.899195313453674316e-01
2.088931500911712646e-01
-4.200621843338012695e-01
2.855109572410583496e-01
-2.085657566785812378e-01
-1.241659447550773621e-01
6.478536874055862427e-03
1.324424147605895996e-01
6.462929248809814453e-01
-4.743134081363677979e-01
-5.036656856536865234e-01
-2.410413231700658798e-03
5.106513500213623047e-01
-5.318892002105712891e-01
-2.185869514942169189e-01
-7.878912687301635742e-01
1.302835717797279358e-02
9.500749111175537109e-01
4.345613420009613037e-01
3.705776929855346680e-01
-7.167137861251831055e-01
2.577039599418640137e-01
-3.413433730602264404e-01
-6.761669367551803589e-02
3.627255558967590332e-01
2.915511727333068848e-01
3.868254721164703369e-01
8.294167369604110718e-02
-4.871026873588562012e-01
-6.327641010284423828e-01
-2.916282713413238525e-01
5.782585144042968750e-01
-4.134073853492736816e-01
-6.086741685867309570e-01
1.954872533679008484e-02
2.345192432403564453e-01
-6.456593275070190430e-01
1.601972430944442749e-01
-9.619170427322387695e-02
-2.336771190166473389e-01
-4.728370606899261475e-01
-1.786535233259201050e-01
3.871667683124542236e-01
1.205974340438842773e+00
1.177691578865051270e+00
6.542787551879882812e-01
-7.149545550346374512e-01
-2.612040042877197266e-01
-5.213522315025329590e-01
-6.379707455635070801e-01
1.817541569471359253e-01
-7.801811695098876953e-01
-3.183687329292297363e-01
4.916436597704887390e-02
-7.709363102912902832e-01
-3.924287259578704834e-01
3.700135946273803711e-01
9.203786253929138184e-01
-7.159485667943954468e-02
-5.586792901158332825e-02
-1.176490545272827148e+00
-1.417602658271789551e+00
-3.832503557205200195e-01
-1.535656005144119263e-01
5.816273018717765808e-02
2.735273540019989014e-01
-2.620228528976440430e-01
-1.617670804262161255e-02
4.960882961750030518e-01
-2.114522010087966919e-01
7.582838535308837891e-01
-8.854458928108215332e-01
4.353597462177276611e-01
-9.532100707292556763e-02
5.081836581230163574e-01
7.588650286197662354e-02
9.197223186492919922e-02
6.228643059730529785e-01
-1.163511723279953003e-02
2.794968485832214355e-01
2.028489261865615845e-01
-5.663835629820823669e-02
5.442555248737335205e-02
-3.243775367736816406e-01
-2.585773169994354248e-01
-1.577843129634857178e-01
1.500756740570068359e-01
-3.634471893310546875e-01
-3.046804070472717285e-01
-1.282105803489685059e+00
-2.949674427509307861e-01
-3.673612177371978760e-01
