1.321114897727966309e+00
9.865394830703735352e-01
1.088134288787841797e+00
4.069972932338714600e-01
4.973260760307312012e-01
-2.495421618223190308e-01
5.233218893408775330e-02
-6.645690798759460449e-01
-7.066916823387145996e-01
-3.377410173416137695e-01
-4.756989777088165283e-01
-1.535687297582626343e-01
-4.357198998332023621e-02
-1.090851426124572754e-01
-5.274488404393196106e-02
2.544866502285003662e-01
9.502319246530532837e-02
-1.633796691894531250e-01
7.354239225387573242e-01
-7.941104769706726074e-01
-9.825400710105895996e-01
-1.756907552480697632e-01
-1.969493269920349121e+00
-3.490346074104309082e-01
3.602412529289722443e-03
1.924310028553009033e-01
4.581926465034484863e-01
-4.886760725639760494e-04
-1.015720367431640625e+00
3.040541708469390869e-02
-7.549257278442382812e-01
-5.056354403495788574e-01
5.180051922798156738e-01
7.695054411888122559e-01
-5.198725461959838867e-01
1.011348962783813477e+00
-5.770120620727539062e-01
-1.222453862428665161e-01
-2.722106873989105225e-01
3.633823394775390625e-01
-5.204223990440368652e-01
1.922964155673980713e-01
-4.145661294460296631e-01
-2.396966367959976196e-01
1.079563736915588379e+00
-1.255405396223068237e-01
6.532301306724548340e-01
7.454138994216918945e-01
-5.799037814140319824e-01
1.069540262222290039e+00
-3.078125230967998505e-02
-3.426928222179412842e-01
3.923724889755249023e-01
-2.328721582889556885e-01
-6.906313896179199219e-01
-3.342007845640182495e-02
3.812306523323059082e-01
2.822816139087080956e-03
4.259497225284576416e-01
3.147522211074829102e-01
1.627652943134307861e-01
-1.070592701435089111e-01
3.924482464790344238e-01
-1.513733744621276855e+00
-6.005951166152954102e-01
3.643125593662261963e-01
-2.641506671905517578e+00
1.354565143585205078e+00
-5.101680159568786621e-01
-6.898286342620849609e-01
-6.956244707107543945e-01
-1.824415177106857300e-01
7.958194613456726074e-01
-1.099442914128303528e-01
-1.925647854804992676e-01
5.455442070960998535e-01
2.735206186771392822e-01
-1.138426922261714935e-02
2.301834970712661743e-01
-4.886296391487121582e-01
-5.584692358970642090e-01
1.602517440915107727e-02
-1.075150966644287109e+00
-1.568541675806045532e-01
-1.352489292621612549e-01
-9.757028222084045410e-01
3.612608313560485840e-01
-9.677367210388183594e-01
2.901687622070312500e-01
3.670880496501922607e-01
-2.089838683605194092e-01
1.418417334556579590e+00
3.496119379997253418e-02
3.490126430988311768e-01
1.218331813812255859e+00
-4.438267052173614502e-01
3.646845817565917969e-01
1.090433821082115173e-01
-1.159179061651229858e-01
-5.386633276939392090e-01
-2.220685780048370361e-01
1.712707728147506714e-01
8.107738196849822998e-02
3.476150929927825928e-01
-5.580317378044128418e-01
-1.779844164848327637e-01
-1.474398523569107056e-01
5.990597978234291077e-02
1.473808139562606812e-01
5.593527555465698242e-01
3.563101589679718018e-01
1.992413848638534546e-01
1.089954137802124023e+00
-7.479535341262817383e-01
1.366228461265563965e+00
-9.851058572530746460e-02
1.519779302179813385e-02
9.245605468750000000e-01
-4.434288442134857178e-01
8.257985115051269531e-01
-1.069824174046516418e-01
-2.014054916799068451e-02
4.987712502479553223e-01
-6.100756525993347168e-01
-4.983928799629211426e-01
5.080698132514953613e-01
-1.292541265487670898e+00
-6.775261759757995605e-01
1.451913118362426758e-01
-4.591667056083679199e-01
-6.538195013999938965e-01
-3.372938930988311768e-02
-3.560617268085479736e-01
-9.627370834350585938e-01
8.216069340705871582e-01
-5.116641521453857422e-01
2.961117625236511230e-01
3.536856174468994141e-01
-1.009390950202941895e-01
4.679884314537048340e-01
9.300988316535949707e-01
5.423959344625473022e-02
1.005603149533271790e-01
2.247161269187927246e-01
-1.235420107841491699e+00
2.830118536949157715e-01
-3.996593058109283447e-01
-1.919704556465148926e+00
1.842649877071380615e-01
-5.982965230941772461e-01
-8.069878816604614258e-01
3.942648470401763916e-01
8.074975609779357910e-01
4.045155346393585205e-01
1.164469122886657715e+00
1.275701880455017090e+00
-1.965985745191574097e-01
1.672644734382629395e+00
-9.989696741104125977e-01
8.126897364854812622e-02
8.620666265487670898e-01
6.605275869369506836e-01
-2.835044860839843750e-01
-5.121526122093200684e-01
1.166685670614242554e-02
-8.484470248222351074e-01
-1.853549778461456299e-01
-1.097703576087951660e+00
1.795934885740280151e-01
5.407209992408752441e-01
-5.511529445648193359e-01
3.700971603393554688e-01
-5.197765231132507324e-01
-5.104793980717658997e-02
-9.745632857084274292e-02
2.041559517383575439e-01
-4.436550736427307129e-01
-2.378374934196472168e-01
1.625188142061233521e-01
-8.657810091972351074e-01
7.422690391540527344e-01
-3.277397155761718750e+00
8.165644407272338867e-01
-5.402195081114768982e-02
-1.315107941627502441e-02
7.967375516891479492e-01
4.261635243892669678e-01
1.094716429710388184e+00
7.122979760169982910e-01
-5.121905207633972168e-01
3.062382638454437256e-01
-2.080706320703029633e-02
-6.473866105079650879e-01
4.006009995937347412e-01
-2.295348197221755981e-01
-1.237107038497924805e+00
8.989775776863098145e-01
-2.079099655151367188e+00
-3.056828379631042480e-01
3.430742919445037842e-01
-1.860244870185852051e+00
3.266499340534210205e-01
5.742076039314270020e-02
-3.393079042434692383e-01
9.366609454154968262e-01
2.033998668193817139e-01
4.013786613941192627e-01
3.934658169746398926e-01
7.252324223518371582e-01
-3.892993181943893433e-02
1.268073439598083496e+00
-8.233380913734436035e-01
1.047501802444458008e+00
-4.115702509880065918e-01
-3.383052945137023926e-01
-1.670183986425399780e-01
-1.141699075698852539e+00
-5.704360008239746094e-01
-3.504062294960021973e-01
-1.517634272575378418e+00
6.283507943153381348e-01
-6.038975119590759277e-01
5.952942967414855957e-01
2.442507892847061157e-01
2.685337699949741364e-02
7.185361981391906738e-01
3.779870644211769104e-02
-1.983254775404930115e-02
6.055106520652770996e-01
9.790511131286621094e-01
-9.281802177429199219e-02
1.113067626953125000e+00
-1.661017090082168579e-01
1.767283380031585693e-01
8.411111831665039062e-01
-1.019089698791503906e+00
9.232921600341796875e-01
-9.592195153236389160e-01
4.367263019084930420e-01
-2.859137654304504395e-01
-6.598466038703918457e-01
-4.856415987014770508e-01
-4.693454205989837646e-01
-2.222732603549957275e-01
-4.260066449642181396e-01
1.127959042787551880e-01
-1.262777805328369141e+00
-5.728443153202533722e-03
-6.746795177459716797e-01
-4.311891198158264160e-01
-7.047672569751739502e-02
-9.347761273384094238e-01
-2.379061430692672729e-01
1.197014451026916504e-01
2.913775667548179626e-02
7.729213684797286987e-02
7.290844917297363281e-01
3.036695420742034912e-01
2.913835942745208740e-01
4.605479836463928223e-01
-4.735146164894104004e-01
3.070111870765686035e-01
-5.252397805452346802e-02
2.584227919578552246e-01
3.343513906002044678e-01
8.843563199043273926e-01
-3.901179134845733643e-01
3.170662224292755127e-01
-8.257819414138793945e-01
-6.835256218910217285e-01
-4.183269143104553223e-01
-6.134403347969055176e-01
-6.055445671081542969e-01
-2.516991086304187775e-02
-6.467379927635192871e-01
-2.637984752655029297e-01
3.945239782333374023e-01
2.719963490962982178e-01
-5.199435725808143616e-02
8.802427053451538086e-01
-7.395178079605102539e-02
4.790551066398620605e-01
1.757059246301651001e-01
6.024560928344726562e-01
2.267192453145980835e-01
7.844209074974060059e-01
-3.557529449462890625e-01
5.172249078750610352e-01
-2.286001592874526978e-01
-6.484349966049194336e-01
-3.349028527736663818e-01
-5.838437676429748535e-01
-8.972276449203491211e-01
4.879862368106842041e-01
-6.936180591583251953e-01
-9.312750101089477539e-01
1.015715003013610840e+00
-7.198566794395446777e-01
-7.113002985715866089e-02
3.255688846111297607e-01
-7.994054555892944336e-01
-8.214610069990158081e-02
9.695972204208374023e-01
1.975182443857192993e-01
-9.370483458042144775e-02
1.621625721454620361e-01
-1.746300011873245239e-01
-3.264838457107543945e-01
-6.099582463502883911e-02
-1.341710090637207031e-01
1.640927940607070923e-01
-3.573211729526519775e-01
-2.517544329166412354e-01
6.977486610412597656e-01
-8.985907770693302155e-03
1.502013802528381348e+00
-1.346335887908935547e+00
7.437365055084228516e-01
-8.725869059562683105e-01
-5.177568793296813965e-01
-1.431456860154867172e-02
-2.241090536117553711e+00
4.249164462089538574e-01
-4.935755394399166107e-03
-1.072953343391418457e+00
6.043944954872131348e-01
-1.147835493087768555e+00
-3.105376064777374268e-01
-3.605909049510955811e-01
-1.569551587104797363e+00
8.474764823913574219e-01
4.099955856800079346e-01
8.674062043428421021e-02
4.058884680271148682e-01
-9.060674905776977539e-01
1.883767694234848022e-01
-2.128488272428512573e-01
9.778338670730590820e-02
7.080711126327514648e-01
-1.767459034919738770e+00
3.370009958744049072e-01
9.244732260704040527e-01
-8.869805932044982910e-01
6.202411651611328125e-01
4.126737415790557861e-01
-3.946306109428405762e-01
8.345765471458435059e-01
-9.358212351799011230e-02
-9.530338048934936523e-01
1.044494748115539551e+00
-8.261988759040832520e-01
3.732764720916748047e-01
-5.835003256797790527e-01
7.368479371070861816e-01
4.502924084663391113e-01
4.299994409084320068e-01
7.838634848594665527e-01
1.048292964696884155e-02
1.491863369941711426e+00
-8.333966732025146484e-01
7.371129840612411499e-02
3.219315111637115479e-01
-1.847763657569885254e+00
5.095624923706054688e-02
-3.585133552551269531e-01
-4.797372594475746155e-02
4.380283355712890625e-01
-3.027880787849426270e-01
2.163914442062377930e-01
-1.494414359331130981e-01
-3.053285554051399231e-02
-7.509762793779373169e-02
1.723969429731369019e-01
2.471397668123245239e-01
5.396019220352172852e-01
2.268764823675155640e-01
1.108063459396362305e+00
5.075109601020812988e-01
-7.700867056846618652e-01
9.430813193321228027e-01
3.652245178818702698e-02
5.005664825439453125e-01
6.660227775573730469e-01
1.931811273097991943e-01
-5.246669650077819824e-01
5.752756446599960327e-02
-5.016731619834899902e-01
-1.168723464012145996e+00
-1.805499345064163208e-01
-7.185937464237213135e-02
-4.001616239547729492e-01
2.644802033901214600e-01
-1.391447484493255615e-01
8.234015107154846191e-01
-4.459709823131561279e-01
1.666233986616134644e-01
1.500706523656845093e-01
-1.071986332535743713e-01
-6.280946135520935059e-01
4.942234158515930176e-01
-4.691102504730224609e-01
-1.343493163585662842e-01
4.672485291957855225e-01
-9.175349026918411255e-02
1.368145227432250977e+00
-1.151996493339538574e+00
7.215154767036437988e-01
7.396472990512847900e-02
-3.263628482818603516e-01
6.102350950241088867e-01
-8.587076663970947266e-01
-2.027809806168079376e-02
-1.933961808681488037e-01
-8.069257736206054688e-01
-6.011847257614135742e-01
-1.422489285469055176e+00
-1.078813552856445312e+00
8.663660883903503418e-01
-1.351008176803588867e+00
4.669252336025238037e-01
5.930596590042114258e-01
-3.798899650573730469e-01
8.109208941459655762e-01
4.852002859115600586e-01
-1.223137736320495605e+00
3.018272519111633301e-01
-1.909305602312088013e-01
-8.708275556564331055e-01
-1.530002895742654800e-02
-1.382834792137145996e+00
-7.937984466552734375e-01
9.005990028381347656e-01
-3.264266550540924072e-01
5.714600086212158203e-01
3.117347955703735352e-01
2.428508400917053223e-01
4.397355616092681885e-01
5.356080532073974609e-01
-1.728067398071289062e-01
5.375827550888061523e-01
-5.771739482879638672e-01
-3.813459575176239014e-01
2.372392266988754272e-01
-3.905567228794097900e-01
-2.053186111152172089e-02
-3.855327963829040527e-01
-2.499107569456100464e-01
-3.678661286830902100e-01
3.352943062782287598e-01
-2.974582612514495850e-01
5.389394164085388184e-01
-1.360494792461395264e-01
2.087600082159042358e-01
6.681026816368103027e-01
-7.210143208503723145e-01
4.453769922256469727e-01
-1.846155375242233276e-01
3.189852461218833923e-02
-6.894171237945556641e-03
-5.020413994789123535e-01
3.110875785350799561e-01
-3.382813334465026855e-01
6.908898949623107910e-01
-3.379242718219757080e-01
1.274224638938903809e+00
-2.463346123695373535e-01
5.001975893974304199e-01
3.695260584354400635e-01
-9.927622079849243164e-01
6.866074204444885254e-01
-1.720965147018432617e+00
-1.394730508327484131e-01
3.371171951293945312e-01
-5.052508711814880371e-01
-2.974971830844879150e-01
-1.774950772523880005e-01
5.316087007522583008e-01
-9.072373062372207642e-02
-5.507822036743164062e-01
3.216158747673034668e-01
-1.649538040161132812e+00
5.455139875411987305e-01
5.460398197174072266e-01
5.806484445929527283e-02
1.334235072135925293e+00
5.619790032505989075e-02
1.247973367571830750e-01
6.227387785911560059e-01
2.386431246995925903e-01
-6.698005199432373047e-01
-6.078301072120666504e-01
-2.451707273721694946e-01
-8.555459380149841309e-01
-3.780129551887512207e-01
-6.055076122283935547e-01
-5.140671730041503906e-01
1.833033263683319092e-01
-5.828889608383178711e-01
2.939174771308898926e-01
-6.276863068342208862e-02
3.511312603950500488e-01
-3.796352744102478027e-01
4.582941532135009766e-01
2.504918575286865234e-01
-4.512991011142730713e-01
1.853983759880065918e+00
2.368091493844985962e-01
8.044103384017944336e-01
7.149268388748168945e-01
1.032901763916015625e+00
1.036659240722656250e+00
5.819703936576843262e-01
1.466813534498214722e-01
