2.444605380296707153e-01
3.238676488399505615e-01
1.104405820369720459e-01
-1.914018690586090088e-01
3.790832459926605225e-01
1.767611056566238403e-01
-1.065270751714706421e-01
3.769529759883880615e-01
-1.121521949768066406e+00
-4.263258278369903564e-01
7.550035119056701660e-01
9.037358164787292480e-01
1.526705503463745117e+00
3.339601159095764160e-01
4.163078069686889648e-01
6.238617375493049622e-02
-1.066573560237884521e-01
-9.060546755790710449e-02
-6.948588788509368896e-02
1.098224163055419922e+00
2.646206378936767578e+00
1.050884127616882324e+00
2.047179788351058960e-01
-3.533180654048919678e-01
-1.570753931999206543e+00
-1.031304955482482910e+00
-7.011405229568481445e-01
-2.588763535022735596e-01
-1.294365286827087402e+00
1.265106946229934692e-01
4.772767126560211182e-01
7.066529393196105957e-01
5.493681430816650391e-01
-3.014045655727386475e-01
-1.283844709396362305e-01
3.895938694477081299e-01
8.315249085426330566e-01
1.387268424034118652e+00
-2.807579338550567627e-01
6.125454977154731750e-02
-3.558812439441680908e-01
4.728215038776397705e-01
5.540971159934997559e-01
7.172120362520217896e-02
-4.971801340579986572e-01
1.369298696517944336e-01
3.592184484004974365e-01
4.990061819553375244e-01
-9.215953946113586426e-02
-1.522217839956283569e-01
-4.409833252429962158e-02
1.813105493783950806e-01
2.710436582565307617e-01
-3.715307414531707764e-01
4.024793207645416260e-01
1.028103083372116089e-01
3.630387485027313232e-01
2.339899539947509766e-01
-3.924946784973144531e-01
-1.807464510202407837e-01
-1.021088808774948120e-01
-3.827028274536132812e-01
-5.122253894805908203e-01
9.231337159872055054e-02
-1.840799301862716675e-01
-4.444237053394317627e-01
3.695312440395355225e-01
3.376249969005584717e-01
-5.919736027717590332e-01
1.526513546705245972e-01
-3.819757699966430664e-02
2.590883970260620117e-01
-4.356380105018615723e-01
8.700308203697204590e-01
7.860313057899475098e-01
2.498288825154304504e-02
2.521854937076568604e-01
1.201064884662628174e-01
5.426793098449707031e-01
-4.809737205505371094e-01
-5.301265120506286621e-01
-6.211359500885009766e-01
-1.928599923849105835e-01
3.850199878215789795e-01
4.038373529911041260e-01
-4.429894387722015381e-01
3.837268948554992676e-01
4.240446686744689941e-01
8.465540409088134766e-01
5.507868528366088867e-01
1.192012190818786621e+00
1.127975463867187500e+00
-7.507186383008956909e-02
-4.823185801506042480e-01
4.847082197666168213e-01
-1.040546059608459473e+00
8.585202097892761230e-01
7.597893476486206055e-01
-7.076181173324584961e-01
-8.847950100898742676e-01
-3.384104967117309570e-01
1.241031102836132050e-02
-1.199240803718566895e+00
-6.379688978195190430e-01
-6.583491563796997070e-01
-2.264155745506286621e-01
-4.865500628948211670e-01
-3.748371005058288574e-01
1.493155658245086670e-01
6.343904137611389160e-01
-1.629991233348846436e-01
-3.732407391071319580e-01
-1.224286034703254700e-01
4.324796795845031738e-01
1.366386115550994873e-01
1.962002366781234741e-02
-6.832946091890335083e-03
4.933220148086547852e-01
8.294220268726348877e-02
9.393513798713684082e-01
2.663809657096862793e-01
-2.942229807376861572e-01
-4.384967088699340820e-01
1.675746217370033264e-02
8.361688256263732910e-01
1.631229221820831299e-01
-1.323944777250289917e-01
4.611870646476745605e-01
2.175256460905075073e-01
3.196736872196197510e-01
-3.677033782005310059e-01
-3.152135312557220459e-01
-6.846532970666885376e-02
6.703898310661315918e-02
7.434126138687133789e-01
-9.487624168395996094e-01
1.759847760200500488e+00
1.143818378448486328e+00
7.479044795036315918e-01
7.733592391014099121e-01
-5.557918548583984375e-01
-1.027099132537841797e+00
-9.395459294319152832e-01
-9.797619581222534180e-01
-5.531725287437438965e-01
-2.625139057636260986e-01
-2.418250441551208496e-01
-1.138242632150650024e-01
1.626210808753967285e-01
4.490932077169418335e-02
1.987614333629608154e-01
3.391309082508087158e-01
6.707591414451599121e-01
-2.081636041402816772e-01
1.019231677055358887e-01
-5.473704542964696884e-03
3.546400666236877441e-01
8.604397773742675781e-01
8.833937048912048340e-01
-4.037517905235290527e-01
8.348945528268814087e-02
4.124410152435302734e-01
-3.867152333259582520e-02
-1.444839090108871460e-01
-5.111030340194702148e-01
-7.406020164489746094e-01
-1.326757855713367462e-02
-2.018709927797317505e-01
-7.484315335750579834e-02
-7.072129249572753906e-01
-1.604322642087936401e-01
3.882843554019927979e-01
-1.332730501890182495e-01
3.752928674221038818e-01
-2.432070672512054443e-01
6.431289911270141602e-01
-4.128378033638000488e-01
4.503723680973052979e-01
4.799953997135162354e-01
1.595064252614974976e-02
-8.797607570886611938e-02
-3.134346902370452881e-01
-4.243651628494262695e-01
-5.026157200336456299e-02
4.767228662967681885e-02
-5.948960185050964355e-01
1.858150362968444824e-01
1.746996194124221802e-01
-1.820372343063354492e-01
-6.451981663703918457e-01
-5.260326713323593140e-02
2.932293415069580078e-01
7.559679150581359863e-01
-1.354309916496276855e-01
2.378446459770202637e-01
2.985016703605651855e-01
3.744382262229919434e-01
1.929523497819900513e-01
-9.671947956085205078e-01
-7.045416533946990967e-02
-4.042242467403411865e-01
5.057565569877624512e-01
7.352454662322998047e-01
-8.645824193954467773e-01
-3.096077144145965576e-01
-3.387543559074401855e-01
-7.268986850976943970e-02
-9.930031001567840576e-02
2.316279113292694092e-01
9.938608109951019287e-02
3.525748848915100098e-01
4.490306377410888672e-01
1.338523149490356445e+00
5.046633481979370117e-01
9.912141561508178711e-01
5.805510878562927246e-01
4.178543686866760254e-01
-4.176086485385894775e-01
2.233501225709915161e-01
1.746477633714675903e-01
-7.946975827217102051e-01
-5.701348185539245605e-01
-1.751648038625717163e-01
-2.326181232929229736e-01
1.645336300134658813e-01
-4.238758683204650879e-01
-5.829921960830688477e-01
-8.505406789481639862e-03
-4.840947687625885010e-01
-5.072347521781921387e-01
-1.427701413631439209e-01
-2.892218828201293945e-01
-1.359465122222900391e-01
5.618870854377746582e-01
1.857681572437286377e-01
4.559413492679595947e-01
5.248902440071105957e-01
4.292774200439453125e-01
-1.967612653970718384e-01
2.451702952384948730e-01
5.197817087173461914e-01
6.255487799644470215e-01
4.931565523147583008e-01
1.813660115003585815e-01
-5.225310325622558594e-01
-5.298703312873840332e-01
9.480155706405639648e-01
1.352167010307312012e+00
1.737593650817871094e+00
1.665600776672363281e+00
-7.684317231178283691e-01
-2.705106437206268311e-01
-9.426508545875549316e-01
4.276792407035827637e-01
1.469774395227432251e-01
-1.618130952119827271e-01
7.453692704439163208e-02
4.878829717636108398e-01
-2.705728709697723389e-01
-4.383518695831298828e-01
3.395115137100219727e-01
5.938376784324645996e-01
5.373987555503845215e-01
5.894651412963867188e-01
-1.965178996324539185e-01
-3.796266615390777588e-01
-1.340597569942474365e-01
2.712599039077758789e-01
1.724306195974349976e-01
1.046954989433288574e-01
-1.455825805664062500e+00
-4.002301692962646484e-01
7.488015294075012207e-02
1.534910649061203003e-01
3.519649803638458252e-01
-3.277877867221832275e-01
-2.483279556035995483e-01
-6.417759694159030914e-03
1.679942905902862549e-01
6.123960614204406738e-01
2.649644017219543457e-01
-3.978106081485748291e-01
2.910534143447875977e-01
5.312091708183288574e-01
-7.056012749671936035e-01
-2.407398670911788940e-01
3.004879951477050781e-01
-5.992817878723144531e-01
4.187602996826171875e-01
3.663251698017120361e-01
-7.744320034980773926e-01
6.563078612089157104e-02
5.095431208610534668e-01
6.177976131439208984e-01
1.687176078557968140e-01
-2.333431243896484375e-01
-1.843967437744140625e-01
-5.970881879329681396e-02
2.328396290540695190e-01
1.516391634941101074e+00
1.524808168411254883e+00
3.361099362373352051e-01
-9.424132108688354492e-02
-2.538448572158813477e-01
2.695703506469726562e-01
7.537835240364074707e-01
4.887585639953613281e-01
-3.213252723217010498e-01
-4.804604947566986084e-01
-6.817081570625305176e-01
-1.919356584548950195e-01
-4.638386666774749756e-01
-8.967239260673522949e-01
-3.564248383045196533e-01
2.746649086475372314e-01
4.280058145523071289e-01
-1.264739185571670532e-01
-8.565410971641540527e-04
1.161746084690093994e-01
3.021128475666046143e-01
-3.455072939395904541e-01
2.988666594028472900e-01
3.315068781375885010e-01
6.002053618431091309e-01
8.180015683174133301e-01
6.638159751892089844e-01
-1.378066688776016235e-01
1.520551443099975586e-01
2.497314363718032837e-01
6.909012794494628906e-01
2.604400813579559326e-01
1.645870655775070190e-01
-9.963481426239013672e-01
-2.451629489660263062e-01
2.642196044325828552e-02
4.801636338233947754e-01
-3.005092777311801910e-02
1.904153525829315186e-01
-5.399342775344848633e-01
3.564558327198028564e-01
8.737479895353317261e-02
-9.509411454200744629e-01
-7.378983311355113983e-03
1.456879228353500366e-01
5.871179103851318359e-01
6.918915510177612305e-01
-5.880574882030487061e-02
-7.516582608222961426e-01
-4.255553334951400757e-02
-1.142847836017608643e-01
5.319185927510261536e-02
-4.970882833003997803e-02
-7.791898846626281738e-01
9.708148241043090820e-02
2.669092416763305664e-01
-2.920726239681243896e-01
-5.545999407768249512e-01
2.387102246284484863e-01
2.666013240814208984e-01
2.683783769607543945e-01
-4.397393167018890381e-01
-7.791479676961898804e-02
8.734344691038131714e-02
7.165282964706420898e-01
3.331156373023986816e-01
-2.532040178775787354e-01
4.016616940498352051e-01
-3.114367127418518066e-01
6.158232092857360840e-01
1.765576004981994629e-01
8.327089250087738037e-02
6.198762059211730957e-01
1.620270460844039917e-01
-6.161330342292785645e-01
-4.448743164539337158e-01
-9.189595580101013184e-01
-3.550268411636352539e-01
6.247689947485923767e-03
-6.100845057517290115e-03
5.071706175804138184e-01
-2.626658976078033447e-01
-2.336673587560653687e-01
9.998552501201629639e-02
5.002091526985168457e-01
3.199250102043151855e-01
-4.264645576477050781e-01
-7.789834141731262207e-01
-8.714852333068847656e-01
-3.737382888793945312e-01
5.131236910820007324e-01
5.644212365150451660e-01
5.945190191268920898e-01
7.824708223342895508e-01
4.968354403972625732e-01
2.210905551910400391e-01
1.602017134428024292e-01
-1.010702967643737793e+00
-1.960683017969131470e-01
-3.840301334857940674e-01
4.548740386962890625e-01
-3.373106122016906738e-01
-1.859367638826370239e-01
4.684594571590423584e-01
8.619250655174255371e-01
6.834002733230590820e-01
1.060143634676933289e-01
1.225225701928138733e-01
-1.436469703912734985e-01
-3.008872270584106445e-01
-1.907655224204063416e-02
-2.170892059803009033e-01
-3.500576615333557129e-01
7.454410195350646973e-02
2.466533780097961426e-01
8.384690284729003906e-01
7.252593040466308594e-01
7.965136170387268066e-01
7.863970994949340820e-01
7.602558135986328125e-01
4.255615770816802979e-01
-3.680747002363204956e-02
1.620247215032577515e-01
-1.496392965316772461e+00
-1.259364485740661621e-01
2.550285756587982178e-01
-3.996846973896026611e-01
-7.932294607162475586e-01
1.648204866796731949e-03
-6.359124183654785156e-02
8.038574457168579102e-01
-6.283943653106689453e-01
-7.396783232688903809e-01
-5.388808846473693848e-01
-5.686313658952713013e-02
-2.039303928613662720e-01
-4.973836243152618408e-02
4.650475457310676575e-02
4.674359560012817383e-01
7.079274058341979980e-01
7.045172154903411865e-02
-1.516017913818359375e-01
4.044507145881652832e-01
-2.352269832044839859e-03
3.240238726139068604e-01
-1.407320648431777954e-01
1.643830537796020508e-01
1.960152536630630493e-01
-1.072085574269294739e-01
1.124167367815971375e-01
2.662363648414611816e-01
3.119345009326934814e-01
1.299436986446380615e-01
1.771883964538574219e-01
-5.309244394302368164e-01
-3.613943755626678467e-01
3.762707412242889404e-01
5.388926863670349121e-01
3.426978588104248047e-01
-9.020354747772216797e-01
-3.006328642368316650e-01
5.509983301162719727e-01
3.893124759197235107e-01
5.997835099697113037e-02
7.068944722414016724e-02
-5.561196431517601013e-02
-2.372017204761505127e-01
1.063199564814567566e-01
-8.555784821510314941e-01
3.616335988044738770e-01
8.743853569030761719e-01
1.319056004285812378e-01
-1.057261377573013306e-01
-4.510382115840911865e-01
-3.231527209281921387e-01
2.723387181758880615e-01
2.472781091928482056e-01
2.789993286132812500e-01
-7.365843653678894043e-02
-1.177212670445442200e-01
1.637902855873107910e-01
3.596449792385101318e-01
3.003218472003936768e-01
1.874827593564987183e-01
4.982532560825347900e-01
2.748878002166748047e-01
-7.682596445083618164e-01
1.605499982833862305e-01
3.066801726818084717e-01
5.694251060485839844e-01
-5.354284048080444336e-01
1.267498880624771118e-01
3.604858517646789551e-01
4.247805476188659668e-01
-5.111842155456542969e-01
-6.900022625923156738e-01
-5.119544863700866699e-01
7.339750975370407104e-02
-5.846931785345077515e-02
6.425926685333251953e-01
6.150590777397155762e-01
4.825517237186431885e-01
-7.294015085790306330e-05
-4.150569066405296326e-02
-6.614329814910888672e-01
1.553508453071117401e-02
-2.236378043889999390e-01
-1.228139623999595642e-01
-6.453258991241455078e-01
2.151752710342407227e-01
1.324670612812042236e-01
-5.017390847206115723e-01
-4.069016873836517334e-01
-3.546798527240753174e-01
