1.277365446090698242e+00
5.229709148406982422e-01
2.659492492675781250e+00
7.821345329284667969e-01
1.346826076507568359e+00
-3.029511868953704834e-01
1.444648653268814087e-01
1.302268266677856445e+00
1.486726105213165283e-01
4.622648656368255615e-02
-2.771588265895843506e-01
-2.613781690597534180e-01
1.530788302421569824e+00
-1.939741015434265137e+00
3.266625404357910156e-01
1.263343840837478638e-01
2.264314144849777222e-01
2.452048510313034058e-01
3.460429608821868896e-01
5.321005582809448242e-01
-2.066161870956420898e+00
-2.498244866728782654e-02
6.279507875442504883e-01
-3.100241720676422119e-01
-6.412631869316101074e-01
1.021962985396385193e-02
-1.416027307510375977e+00
-2.184863537549972534e-01
4.075810611248016357e-01
-9.321919679641723633e-01
1.566295981407165527e+00
1.764085650444030762e+00
-2.458363026380538940e-01
6.840459704399108887e-01
3.837939798831939697e-01
-2.245978564023971558e-01
8.163812011480331421e-02
6.148065924644470215e-01
-6.584605574607849121e-02
-5.822725296020507812e-01
1.198145985603332520e+00
-2.565046846866607666e-01
7.833389639854431152e-01
-1.594787478446960449e+00
7.361678481101989746e-01
-4.336820542812347412e-01
-4.012829661369323730e-01
5.722876191139221191e-01
5.106453597545623779e-02
-6.071221232414245605e-01
-1.599734663963317871e+00
4.473080337047576904e-01
-3.261787593364715576e-01
2.884044945240020752e-01
-1.424126029014587402e+00
1.109212994575500488e+00
1.096431136131286621e+00
-1.736841797828674316e-01
7.560146450996398926e-01
2.529874145984649658e-01
2.591601312160491943e-01
-1.162552163004875183e-01
1.788769513368606567e-01
-5.512767238542437553e-04
-3.507945537567138672e-01
2.148191630840301514e-01
-7.643647491931915283e-02
2.727093398571014404e-01
3.877739906311035156e-01
-9.571974724531173706e-02
-4.736336469650268555e-01
-1.939927816390991211e+00
4.620704799890518188e-02
-2.535400092601776123e-01
-3.044602870941162109e-01
4.125788807868957520e-01
-2.671071887016296387e-01
2.605665922164916992e-01
-8.065234422683715820e-01
1.594847679138183594e+00
8.676838129758834839e-02
1.272957324981689453e+00
4.972868263721466064e-01
2.102818727493286133e+00
-1.747300505638122559e+00
4.635293781757354736e-01
-1.223185300827026367e+00
8.576162159442901611e-02
-2.126848101615905762e-01
1.039495110511779785e+00
6.911759376525878906e-01
-6.232550740242004395e-01
6.519790887832641602e-01
-3.196453750133514404e-01
7.630072236061096191e-01
-5.007160305976867676e-01
3.982982635498046875e-01
-5.872430205345153809e-01
-2.471398860216140747e-01
1.596912741661071777e+00
-9.133011698722839355e-01
-5.157629847526550293e-01
9.708352386951446533e-02
-8.092429637908935547e-01
-1.119736313819885254e+00
3.190696835517883301e-01
-8.270279765129089355e-01
4.323311150074005127e-01
-4.727771878242492676e-01
-1.533040404319763184e-01
3.068453967571258545e-01
6.035885810852050781e-01
-5.244192108511924744e-02
1.364949941635131836e+00
-7.310286760330200195e-01
1.239883661270141602e+00
2.359897047281265259e-01
-5.535365343093872070e-01
-9.459430724382400513e-02
3.220371901988983154e-01
1.097424507141113281e+00
-5.429494380950927734e-01
8.621138334274291992e-01
-1.905031919479370117e+00
-1.959716200828552246e+00
1.316234230995178223e+00
9.952175021171569824e-01
-4.179525673389434814e-01
-7.109387516975402832e-01
-3.790462911128997803e-01
3.883447051048278809e-01
8.333198428153991699e-01
-1.016360759735107422e+00
4.879120290279388428e-01
1.474899798631668091e-01
5.014768242835998535e-01
3.162929058074951172e+00
2.861320376396179199e-01
1.241928815841674805e+00
-7.706819474697113037e-02
-7.296293973922729492e-01
3.303371965885162354e-01
-3.462569415569305420e-01
1.118546798825263977e-01
-5.387644171714782715e-01
-4.853211045265197754e-01
-1.339296340942382812e+00
-6.394494771957397461e-01
-1.480319261550903320e+00
1.075146555900573730e+00
4.890847802162170410e-01
-1.549939066171646118e-01
5.940439105033874512e-01
-1.027961611747741699e+00
2.592815160751342773e-01
8.126290440559387207e-01
5.835388898849487305e-01
1.306413412094116211e+00
1.223014950752258301e+00
-5.678691864013671875e-01
3.665756881237030029e-01
-9.276015162467956543e-01
-8.572103381156921387e-01
-1.684471845626831055e+00
-5.609197020530700684e-01
1.005085110664367676e+00
-7.457161545753479004e-01
-4.548937380313873291e-01
6.630195379257202148e-01
-4.946026578545570374e-02
8.251317143440246582e-01
-4.640938937664031982e-01
3.540076315402984619e-01
9.157249331474304199e-02
-2.297894805669784546e-01
1.310657620429992676e+00
5.450255274772644043e-01
1.394586265087127686e-01
1.069249629974365234e+00
9.664851427078247070e-01
-1.787974536418914795e-01
-5.827811360359191895e-01
7.594726681709289551e-01
-6.900975108146667480e-01
-1.579647064208984375e+00
-3.256727457046508789e-01
8.460056781768798828e-02
-1.116760134696960449e+00
-1.657816648483276367e+00
-2.233079224824905396e-01
-5.306432247161865234e-01
8.090835809707641602e-01
6.685003638267517090e-03
1.176336526870727539e+00
2.823249995708465576e-01
4.001676663756370544e-02
5.959759950637817383e-01
-3.674144148826599121e-01
6.281648874282836914e-01
-1.211510419845581055e+00
8.892452716827392578e-01
2.274324148893356323e-01
1.780255585908889771e-01
3.170604705810546875e-01
-7.705857157707214355e-01
-4.748239219188690186e-01
-5.771255493164062500e-01
5.246158689260482788e-02
1.331281363964080811e-01
1.928035914897918701e-01
3.591841459274291992e-01
4.093299061059951782e-02
2.196486592292785645e-01
2.800627470016479492e+00
2.080151140689849854e-01
1.136121869087219238e+00
6.668255329132080078e-01
2.704087495803833008e-01
-8.493165671825408936e-02
2.782877981662750244e-01
1.062041759490966797e+00
-5.996919274330139160e-01
-5.796542763710021973e-01
7.513758540153503418e-01
-3.319326043128967285e-01
-2.360751390457153320e+00
4.010625481605529785e-01
-1.386483550071716309e+00
-1.119592547416687012e+00
-5.806262493133544922e-01
-1.316599249839782715e+00
-2.703620493412017822e-02
9.834787994623184204e-02
2.482348084449768066e-01
6.308163404464721680e-01
2.121628820896148682e-01
-2.151347696781158447e-01
8.658705949783325195e-01
3.008226156234741211e-01
1.306306421756744385e-01
1.252334952354431152e+00
3.382962346076965332e-01
-1.320974677801132202e-01
5.820953845977783203e-01
-7.859994769096374512e-01
4.956085681915283203e-01
1.707124233245849609e+00
1.820862889289855957e+00
-8.566482365131378174e-02
3.430451154708862305e-01
4.058652520179748535e-01
9.808004498481750488e-01
4.780071079730987549e-01
1.671017706394195557e-01
-1.333776473999023438e+00
-4.289926588535308838e-01
-9.888744950294494629e-01
-3.543820083141326904e-01
4.676132500171661377e-01
5.213677287101745605e-01
1.502489089965820312e+00
4.068859219551086426e-01
-2.286980003118515015e-01
2.996733188629150391e-01
-6.536316126585006714e-02
-1.414276957511901855e-01
-7.522377371788024902e-01
-1.005290389060974121e+00
-5.270751118659973145e-01
2.120863497257232666e-01
3.328400850296020508e-01
4.151957929134368896e-01
6.645201444625854492e-01
-5.122108459472656250e-01
-8.968789577484130859e-01
-9.297152161598205566e-01
6.101858615875244141e-02
-9.544638395309448242e-01
-2.539934813976287842e-01
-3.023561537265777588e-01
-2.797742187976837158e-01
3.003174364566802979e-01
6.506566405296325684e-01
-3.851305246353149414e-01
1.180427789688110352e+00
3.300981968641281128e-02
-9.975942224264144897e-02
-2.002820819616317749e-01
5.500038266181945801e-01
-3.233810141682624817e-02
7.173744440078735352e-01
6.671100854873657227e-01
1.552022576332092285e+00
7.900750637054443359e-01
1.314257979393005371e-01
6.742985248565673828e-01
-7.085192799568176270e-01
7.039483189582824707e-01
-7.203169167041778564e-02
-1.178867220878601074e+00
-2.286333357915282249e-03
-6.309849619865417480e-01
2.009135961532592773e+00
-1.172583550214767456e-01
-5.101630091667175293e-01
2.526787042617797852e+00
-1.781378507614135742e+00
4.214111864566802979e-01
-1.475281715393066406e-01
-1.588001251220703125e+00
-4.840600788593292236e-01
-1.321067929267883301e+00
1.046980917453765869e-01
-8.994247317314147949e-01
-7.281956672668457031e-01
3.662893176078796387e-02
1.388150304555892944e-01
1.372404217720031738e+00
1.853121638298034668e+00
-7.766395807266235352e-01
9.004757404327392578e-01
-6.894666552543640137e-01
1.050044819712638855e-01
3.979728698730468750e+00
2.056961059570312500e-01
1.030133605003356934e+00
7.932962179183959961e-01
4.747218191623687744e-01
-7.754043936729431152e-01
5.391057133674621582e-01
-2.735124826431274414e-01
-1.451799988746643066e+00
-4.358141720294952393e-01
-4.940590560436248779e-01
1.243663787841796875e+00
-1.437193304300308228e-01
-4.193266034126281738e-01
9.811149537563323975e-02
-1.958186268806457520e+00
3.511990606784820557e-01
-1.003229618072509766e+00
1.474543094635009766e+00
1.082794547080993652e+00
-2.017235197126865387e-02
3.036247014999389648e+00
2.031342506408691406e+00
-1.165297985076904297e+00
-1.118886828422546387e+00
-6.285681575536727905e-02
-1.516647577285766602e+00
-6.026979908347129822e-02
-1.494557976722717285e+00
1.231146931648254395e+00
1.324131190776824951e-01
-5.411511063575744629e-01
-1.611627578735351562e+00
-3.262474834918975830e-01
-1.027280211448669434e+00
-4.052051901817321777e-02
7.799188494682312012e-01
3.421241044998168945e-01
-8.872760534286499023e-01
1.126424670219421387e+00
3.214463710784912109e+00
2.121677547693252563e-01
7.856358289718627930e-01
-2.482521772384643555e+00
7.912955284118652344e-01
-9.441027641296386719e-01
6.470277309417724609e-01
-3.112767636775970459e-01
2.384549826383590698e-01
6.395459771156311035e-01
-4.834465682506561279e-01
-1.228019967675209045e-01
-5.959287881851196289e-01
7.988921999931335449e-01
-1.521286219358444214e-01
4.417128860950469971e-02
8.037617802619934082e-01
4.444351494312286377e-01
-1.766218185424804688e+00
-1.520607113838195801e+00
1.336142718791961670e-01
-3.502423167228698730e-01
6.513453722000122070e-01
1.993438005447387695e-01
2.544853091239929199e-01
2.444343566894531250e-01
-4.743884801864624023e-01
-1.476307749748229980e+00
3.253126144409179688e-01
1.458613991737365723e+00
-3.087653405964374542e-02
1.579219222068786621e+00
-1.716860651969909668e+00
-1.331895351409912109e+00
-7.180814743041992188e-01
1.250830531120300293e+00
4.113748073577880859e-01
1.299418091773986816e+00
1.298315405845642090e+00
3.780735433101654053e-01
-1.310891270637512207e+00
-9.424643516540527344e-01
-7.129555940628051758e-02
2.788570523262023926e-01
1.555268168449401855e+00
1.391429305076599121e-01
2.799583077430725098e-01
5.299679636955261230e-01
-7.914444804191589355e-01
-1.231343597173690796e-01
-1.219430327415466309e+00
7.916910648345947266e-01
-4.368874132633209229e-01
1.524111986160278320e+00
-6.489031910896301270e-01
-7.615860104560852051e-01
-1.460592448711395264e-01
-5.492606759071350098e-01
6.112257838249206543e-01
-5.499923825263977051e-01
1.669776886701583862e-01
-2.186576128005981445e-01
5.061305165290832520e-01
4.358599185943603516e-01
-1.490406870841979980e+00
8.144649267196655273e-01
3.456270098686218262e-01
1.281610578298568726e-01
1.208221554756164551e+00
-4.704955518245697021e-01
4.553722143173217773e-01
7.141480445861816406e-01
5.185991525650024414e-01
-8.829766511917114258e-01
8.893796801567077637e-02
-5.151405930519104004e-01
2.465015500783920288e-01
3.004563450813293457e-01
7.078098058700561523e-01
1.054847121238708496e+00
-4.928538575768470764e-02
4.952989518642425537e-01
2.575984895229339600e-01
3.519922867417335510e-02
7.707678079605102539e-01
8.574704527854919434e-01
-1.325376987457275391e+00
-1.667062878608703613e+00
-1.462908267974853516e+00
-3.996962606906890869e-01
-1.071124315261840820e+00
-1.682571470737457275e-01
1.410852372646331787e-01
-4.144325554370880127e-01
-6.052152514457702637e-01
9.070019423961639404e-02
1.914693713188171387e-01
-1.282991617918014526e-01
9.686447978019714355e-01
6.202968955039978027e-01
-1.525859236717224121e-01
-3.275507092475891113e-01
7.570687681436538696e-03
1.483489125967025757e-01
1.013835430145263672e+00
2.686648607254028320e+00
-2.674071192741394043e-01
1.174735069274902344e+00
4.028804004192352295e-01
-1.704767227172851562e+00
5.799371600151062012e-01
5.983200669288635254e-01
7.043957710266113281e-01
-1.287445187568664551e+00
-4.678041636943817139e-01
3.612489998340606689e-01
1.811624467372894287e-01
1.422367811203002930e+00
-6.961209177970886230e-01
-4.098015129566192627e-01
4.679351300001144409e-02
-7.894490361213684082e-01
4.918229877948760986e-01
2.656175494194030762e-01
-4.969347417354583740e-01
-4.025129377841949463e-01
-5.033673048019409180e-01
2.457597255706787109e-01
-7.392600774765014648e-01
8.043926358222961426e-01
-1.075160428881645203e-01
6.264499425888061523e-01
1.301572799682617188e+00
4.254449009895324707e-01
-2.420730739831924438e-01
-1.654001027345657349e-01
-7.288256287574768066e-01
2.206250578165054321e-01
-6.112075448036193848e-01
2.441356331110000610e-01
4.859115779399871826e-01
-6.035193204879760742e-01
7.789881527423858643e-02
-1.405289530754089355e+00
4.946843981742858887e-01
2.543776988983154297e+00
-6.328231096267700195e-01
2.016409873962402344e+00
-1.114410042762756348e+00
6.187052130699157715e-01
