-1.982765495777130127e-01
2.369864434003829956e-01
-2.722531929612159729e-02
-3.732787668704986572e-01
-6.972461342811584473e-01
5.381042957305908203e-01
-5.401173830032348633e-01
-8.396340608596801758e-01
1.500014185905456543e+00
-3.276461660861968994e-01
-7.353665232658386230e-01
-4.677795171737670898e-01
-2.108961790800094604e-01
4.304355010390281677e-02
-5.544455647468566895e-01
1.126547008752822876e-01
3.618069887161254883e-01
-5.466958880424499512e-01
4.044920206069946289e-01
-4.051271080970764160e-01
-9.984546899795532227e-02
-8.232276439666748047e-01
6.405245661735534668e-01
4.927796721458435059e-01
-5.152354240417480469e-01
1.191878914833068848e+00
6.802893877029418945e-01
5.004158616065979004e-01
-3.250265121459960938e-01
-3.514434993267059326e-01
-4.636155962944030762e-01
-3.581744730472564697e-01
-5.724536180496215820e-01
-2.529519796371459961e-01
-1.574488356709480286e-02
-4.092209041118621826e-01
-2.101374119520187378e-01
-2.368601858615875244e-01
-8.041265606880187988e-01
3.603170514106750488e-01
-4.095961153507232666e-01
-5.594172328710556030e-02
-2.936765253543853760e-01
2.765091359615325928e-01
-4.240229129791259766e-01
2.059861272573471069e-01
1.701304018497467041e-01
-5.449371039867401123e-02
4.889159500598907471e-01
-9.017989635467529297e-01
8.490471839904785156e-01
3.855122327804565430e-01
-5.732034444808959961e-01
1.137204766273498535e+00
-3.970231115818023682e-01
3.600062131881713867e-01
-2.379828840494155884e-01
6.015290617942810059e-01
-5.268703699111938477e-01
1.352986395359039307e-01
2.820229828357696533e-01
-2.882556319236755371e-01
7.912863790988922119e-02
-1.334043264389038086e+00
1.022374555468559265e-01
-5.202454328536987305e-01
-6.247587800025939941e-01
3.514617979526519775e-01
-3.809580802917480469e-01
1.940193623304367065e-01
-6.892933249473571777e-01
1.870163679122924805e-01
2.242493480443954468e-01
8.460683822631835938e-01
5.933755040168762207e-01
-2.843170464038848877e-01
8.381829857826232910e-01
-4.835450947284698486e-01
9.231459498405456543e-01
-6.188685894012451172e-01
7.968993186950683594e-01
-2.278821915388107300e-01
-1.031100392341613770e+00
-2.950609661638736725e-03
-2.407487630844116211e+00
-5.079660415649414062e-01
-1.644146323204040527e+00
5.963774323463439941e-01
-3.556787073612213135e-01
4.719743430614471436e-01
-5.681971907615661621e-01
-2.312641739845275879e-01
-2.843461371958255768e-02
-2.206093072891235352e-01
6.440892219543457031e-01
3.252337574958801270e-01
6.611465662717819214e-02
5.948476195335388184e-01
7.677191495895385742e-01
-5.912315845489501953e-01
-5.502090975642204285e-02
-3.064245879650115967e-01
-6.297831982374191284e-02
4.676527529954910278e-02
-9.537685662508010864e-02
4.879048168659210205e-01
2.436320297420024872e-02
1.894772350788116455e-01
3.615848422050476074e-01
-2.558535933494567871e-01
4.941008388996124268e-01
-3.954301401972770691e-02
2.557827346026897430e-02
-3.269033133983612061e-01
9.714637417346239090e-04
-3.838988542556762695e-01
-7.506204247474670410e-01
4.270691573619842529e-01
-5.585058927536010742e-01
1.046406757086515427e-02
-5.800298452377319336e-01
9.888730198144912720e-02
8.502826839685440063e-02
-9.551923274993896484e-01
-4.231471121311187744e-01
-1.366391777992248535e+00
1.232917189598083496e+00
1.567588448524475098e-01
-1.977959722280502319e-01
2.905226945877075195e-01
8.621103316545486450e-02
1.160953640937805176e+00
3.582291007041931152e-01
2.248430997133255005e-01
-5.319601893424987793e-01
4.184807240962982178e-01
-4.734018743038177490e-01
1.012057140469551086e-01
-8.887557983398437500e-01
-1.635676175355911255e-01
-6.508063077926635742e-01
6.682698130607604980e-01
3.133015632629394531e-01
2.682597339153289795e-01
-8.683775663375854492e-01
-6.030546426773071289e-01
4.815737903118133545e-01
-1.596195548772811890e-01
2.645403146743774414e-01
-2.333458960056304932e-01
2.144799381494522095e-01
-1.077427044510841370e-01
-6.473872065544128418e-01
8.959091305732727051e-01
-7.331334352493286133e-01
1.153396725654602051e+00
-1.057273223996162415e-01
-1.208453550934791565e-01
2.941361665725708008e-01
-1.363354563713073730e+00
-1.618537783622741699e+00
-4.271807968616485596e-01
1.987935006618499756e-01
8.521175384521484375e-01
-2.388465702533721924e-01
1.428700208663940430e+00
-2.362650260329246521e-02
-4.333534538745880127e-01
3.903804123401641846e-01
-3.766126632690429688e-01
7.032811045646667480e-01
-3.820556998252868652e-01
-6.676741689443588257e-02
-8.876389265060424805e-02
7.953144907951354980e-01
-2.024528980255126953e+00
1.313364863395690918e+00
-1.651217222213745117e+00
9.355768561363220215e-01
1.318827122449874878e-01
-3.920235633850097656e-01
6.881306767463684082e-01
-1.546566784381866455e-01
1.061135649681091309e+00
-7.572299242019653320e-01
-1.285561472177505493e-01
-4.086985886096954346e-01
4.427526295185089111e-01
-9.617521762847900391e-01
-4.170754551887512207e-01
1.764307737350463867e+00
-1.004486307501792908e-01
3.099457919597625732e-01
-4.368660748004913330e-01
-1.956156492233276367e-01
-1.500290930271148682e-01
-2.415409982204437256e-01
8.785712122917175293e-01
-1.212786197662353516e+00
1.706432104110717773e-01
2.650899998843669891e-02
2.112224251031875610e-01
-1.701564341783523560e-02
-8.292468190193176270e-01
4.073510169982910156e-01
3.961131721735000610e-02
8.156736493110656738e-01
-2.390525639057159424e-01
-1.735531538724899292e-01
2.075550705194473267e-01
-4.041812419891357422e-01
9.556375443935394287e-02
-2.554789781570434570e-01
3.828957676887512207e-01
1.451528519392013550e-01
-7.741250395774841309e-01
-4.910625815391540527e-01
-1.050282239913940430e+00
-2.891325652599334717e-01
-6.739177703857421875e-01
1.549539119005203247e-01
-4.290042817592620850e-01
-5.560641288757324219e-01
-4.413120448589324951e-01
3.166541159152984619e-01
7.333756685256958008e-01
-2.897520363330841064e-01
1.498311161994934082e-01
6.432916522026062012e-01
1.806563436985015869e-01
1.426594257354736328e+00
2.211976051330566406e-01
6.399218440055847168e-01
3.558411300182342529e-01
-6.384155154228210449e-02
-5.128129124641418457e-01
-2.993576824665069580e-01
1.791176199913024902e-01
3.068349659442901611e-01
4.112651646137237549e-01
-8.232201933860778809e-01
-4.955402314662933350e-01
-1.027005553245544434e+00
-9.383174180984497070e-01
3.338297307491302490e-01
2.166402935981750488e-01
-6.713042259216308594e-01
1.939139217138290405e-01
-1.167378664016723633e+00
6.868230104446411133e-01
1.307658404111862183e-01
2.932750284671783447e-01
-1.124283432960510254e+00
-1.478197216987609863e+00
2.072514593601226807e-01
-7.042588591575622559e-01
-2.061018049716949463e-01
1.947908997535705566e-01
6.809759736061096191e-01
8.806535601615905762e-01
-7.128542065620422363e-01
-3.378989100456237793e-01
-8.388811945915222168e-01
3.622497618198394775e-01
-2.709725499153137207e-01
-3.140703439712524414e-01
1.839061379432678223e-01
-8.779189735651016235e-02
3.839832246303558350e-01
2.839151620864868164e-01
1.476542055606842041e-01
7.416391968727111816e-01
-5.846797823905944824e-01
1.069626212120056152e+00
-1.144080281257629395e+00
-8.096873164176940918e-01
2.534312903881072998e-01
-2.090201973915100098e-01
1.170017838478088379e+00
1.002346351742744446e-01
2.271353453397750854e-01
6.131590604782104492e-01
-3.053145110607147217e-01
7.584928870201110840e-01
-5.310925841331481934e-01
-2.219600975513458252e-02
-9.349921345710754395e-01
6.310864351689815521e-03
-4.521882627159357071e-03
-5.488235503435134888e-03
-2.629412710666656494e-01
-7.580408453941345215e-01
-6.253691911697387695e-01
-4.148114323616027832e-01
-1.793770641088485718e-01
-2.671864032745361328e-01
-8.047937750816345215e-01
1.195590853691101074e+00
-5.594235658645629883e-01
8.293135762214660645e-01
-1.985999345779418945e-01
2.477637231349945068e-01
-5.296433568000793457e-01
8.830457329750061035e-01
9.366186261177062988e-01
-1.112816452980041504e+00
4.399845898151397705e-01
-1.251150369644165039e+00
-3.767547607421875000e-01
7.061002254486083984e-01
-8.504337668418884277e-01
8.229790329933166504e-01
3.561253845691680908e-01
-2.266247719526290894e-01
5.826492905616760254e-01
-3.457778096199035645e-01
6.160466074943542480e-01
-5.558018684387207031e-01
-7.686672806739807129e-01
-2.526422739028930664e-01
3.281221985816955566e-01
-5.874422788619995117e-01
5.158169269561767578e-01
-1.256034076213836670e-01
2.241329103708267212e-01
-1.177795171737670898e+00
-1.756945997476577759e-01
1.736618727445602417e-01
-8.082416653633117676e-02
3.205359578132629395e-01
-3.336133956909179688e-01
2.697912156581878662e-01
-3.078668713569641113e-01
7.733284235000610352e-01
-5.136175453662872314e-02
-1.069287061691284180e-01
-4.612028300762176514e-01
5.581681430339813232e-02
8.149433732032775879e-01
-1.075967907905578613e+00
6.461045145988464355e-01
2.209761738777160645e-01
-4.908841252326965332e-01
-2.003082036972045898e-01
-3.791376650333404541e-01
-3.750464618206024170e-01
1.314923465251922607e-01
-3.903928399085998535e-01
-6.009925007820129395e-01
-1.253159493207931519e-01
-7.415621280670166016e-01
6.517980098724365234e-01
2.097973227500915527e-01
2.084582149982452393e-01
1.975340098142623901e-01
-3.109372854232788086e-01
-9.882254153490066528e-02
1.074806094169616699e+00
1.825409829616546631e-01
1.481918394565582275e-01
-3.099938482046127319e-02
4.022836089134216309e-01
-7.032794505357742310e-02
-4.789721071720123291e-01
-5.916446447372436523e-01
-5.471169352531433105e-01
-2.849809080362319946e-02
-3.335188031196594238e-01
-1.848832219839096069e-01
-7.497509568929672241e-02
4.333026707172393799e-02
7.359246611595153809e-01
2.667873799800872803e-01
6.493554711341857910e-01
-5.759696662425994873e-02
4.956623539328575134e-02
-2.649939954280853271e-01
-7.871249318122863770e-02
-1.387641876935958862e-01
-9.924319386482238770e-02
-1.684837043285369873e-01
-3.896858096122741699e-01
-6.756265461444854736e-02
2.112252414226531982e-01
8.645984530448913574e-01
-1.926948875188827515e-01
-9.982633590698242188e-02
-3.300978839397430420e-01
-1.585145741701126099e-01
7.943531870841979980e-02
-1.054609179496765137e+00
2.152761071920394897e-01
5.011996626853942871e-01
9.662689566612243652e-01
-4.023218452930450439e-01
-1.333383470773696899e-01
-4.723938703536987305e-01
2.140333652496337891e-01
9.620395302772521973e-02
7.849972844123840332e-01
3.433734178543090820e-01
-9.921365976333618164e-01
-1.557029366493225098e+00
2.315567284822463989e-01
-1.077957987785339355e+00
-1.043007254600524902e+00
-4.837385714054107666e-01
1.330512404441833496e+00
3.026722669601440430e-01
-4.656721651554107666e-01
-7.786058187484741211e-01
9.127269685268402100e-02
-1.039539426565170288e-01
8.673220872879028320e-01
2.323988229036331177e-01
-1.232821261510252953e-03
-2.188909426331520081e-02
-1.953559815883636475e-01
-2.510196529328823090e-02
-6.006837487220764160e-01
4.210605323314666748e-01
9.657918661832809448e-02
-5.392730236053466797e-02
6.215894818305969238e-01
-2.190244942903518677e-01
-3.285562992095947266e-01
-1.833777725696563721e-01
4.171718060970306396e-01
1.918275058269500732e-01
-6.709526777267456055e-01
-4.222486615180969238e-01
-1.006922841072082520e+00
2.875030934810638428e-01
-5.269352197647094727e-01
-3.423581719398498535e-01
-1.777478610165417194e-03
-2.777891159057617188e-01
3.634422123432159424e-01
-3.557365536689758301e-01
5.066432952880859375e-01
-3.627671301364898682e-01
3.807542622089385986e-01
8.224000781774520874e-02
-2.600461244583129883e-01
3.215528428554534912e-01
-2.995008826255798340e-01
4.261138141155242920e-01
-8.483457379043102264e-03
-4.846005737781524658e-01
-3.408341705799102783e-01
-1.843068748712539673e-04
5.406111106276512146e-02
-3.442574739456176758e-01
2.819599807262420654e-01
3.764247000217437744e-01
-2.471945285797119141e-01
5.046583414077758789e-01
-2.661414742469787598e-01
7.534914016723632812e-01
2.281440347433090210e-01
-1.871082037687301636e-01
-5.765821337699890137e-01
-2.630898058414459229e-01
-4.025439321994781494e-01
-1.626362055540084839e-01
-2.057098299264907837e-01
-8.530147373676300049e-02
1.799279153347015381e-01
-3.874174654483795166e-01
3.538798987865447998e-01
-5.299887061119079590e-01
-6.644111871719360352e-01
8.438930511474609375e-01
3.945400565862655640e-02
2.258668653666973114e-02
-1.208265423774719238e-01
-4.435860216617584229e-01
5.063108801841735840e-01
2.110636085271835327e-01
-1.272583007812500000e-01
-7.649978399276733398e-01
-1.553520262241363525e-01
-3.273873925209045410e-01
-2.058328241109848022e-01
6.749635934829711914e-02
2.338405996561050415e-01
-7.418069988489151001e-02
2.322398424148559570e-01
-2.978084385395050049e-01
5.310682654380798340e-01
6.649031490087509155e-02
-3.162963092327117920e-01
-2.490705549716949463e-01
1.315200030803680420e-01
3.760901987552642822e-01
-3.422899842262268066e-01
-2.612446546554565430e-01
-5.627400875091552734e-01
-1.962735801935195923e-01
-4.170144796371459961e-01
5.504283905029296875e-01
-2.554796040058135986e-01
5.743740200996398926e-01
-6.806554198265075684e-01
-2.271326929330825806e-01
-5.349544882774353027e-01
6.584517955780029297e-01
3.739384114742279053e-01
4.429448395967483521e-02
2.993011772632598877e-01
-1.661981642246246338e-01
1.414457112550735474e-01
8.425544500350952148e-01
