-1.155243873596191406e+00
-1.958779096603393555e-01
-1.515968203544616699e+00
-6.493072509765625000e-01
-1.458129882812500000e+00
-1.749068647623062134e-01
-9.426320195198059082e-01
8.087497949600219727e-02
2.163685113191604614e-01
-4.953998327255249023e-01
9.623017311096191406e-01
6.725809574127197266e-01
2.519004978239536285e-02
9.603301882743835449e-01
2.506352066993713379e-01
-3.380281329154968262e-01
1.749039292335510254e-01
-5.434236675500869751e-02
-2.140785455703735352e-01
-4.707390367984771729e-01
-6.034519672393798828e-01
1.073911428451538086e+00
6.766533851623535156e-01
3.659035563468933105e-01
1.044993400573730469e-01
6.568167209625244141e-01
-9.035176038742065430e-02
3.931457102298736572e-01
4.433563649654388428e-01
3.490130901336669922e-01
3.860076665878295898e-01
7.777035236358642578e-02
6.952543854713439941e-01
8.453773260116577148e-01
-1.146697849035263062e-01
3.595426380634307861e-01
-5.759561061859130859e-01
5.060726404190063477e-01
1.490749269723892212e-01
-8.169598132371902466e-02
-2.122654169797897339e-01
2.506472468376159668e-01
6.116839870810508728e-02
-1.111764013767242432e-01
-5.572190135717391968e-02
-3.890918493270874023e-01
6.246327981352806091e-02
6.862408667802810669e-02
-4.850808680057525635e-01
7.899489253759384155e-03
-6.264685392379760742e-01
-1.567271202802658081e-01
-2.455207258462905884e-01
4.950470924377441406e-01
4.271649718284606934e-01
9.342290759086608887e-01
1.047908663749694824e+00
1.428824543952941895e+00
5.247225761413574219e-01
6.078115701675415039e-01
-2.764920890331268311e-01
-3.532854616641998291e-01
-7.414804697036743164e-01
-3.309429585933685303e-01
-5.043473243713378906e-01
-6.309288144111633301e-01
-4.727029502391815186e-01
2.531310021877288818e-01
-1.861012428998947144e-01
1.782779693603515625e-01
-1.386100649833679199e-01
-9.166927635669708252e-02
3.024145066738128662e-01
-2.422927170991897583e-01
1.987360566854476929e-01
-2.128006666898727417e-01
4.478291422128677368e-02
6.925531625747680664e-01
4.794799089431762695e-01
3.523126244544982910e-01
4.600581228733062744e-01
9.565015137195587158e-02
3.192700147628784180e-01
-2.010174542665481567e-01
3.570298850536346436e-01
3.285358846187591553e-01
8.414727449417114258e-02
-1.946215033531188965e-01
-7.105930447578430176e-01
3.301589787006378174e-01
1.780489832162857056e-01
5.429493188858032227e-01
9.918411076068878174e-02
5.108783841133117676e-01
2.815247178077697754e-01
-9.978684596717357635e-03
5.324768424034118652e-01
-3.971890211105346680e-01
-1.114395782351493835e-01
-4.805437326431274414e-01
2.783960402011871338e-01
4.440746605396270752e-01
-4.668222740292549133e-02
-1.738132089376449585e-01
-3.166221082210540771e-01
-1.021173447370529175e-01
4.250605702400207520e-01
-1.439666301012039185e-01
-5.545253753662109375e-01
-8.323306441307067871e-01
6.754613518714904785e-01
-9.003054499626159668e-01
1.433753252029418945e+00
4.913496375083923340e-01
1.693926155567169189e-01
-9.236900806427001953e-01
3.929769247770309448e-02
-1.395722478628158569e-01
1.616869091987609863e+00
-7.121294140815734863e-01
1.113133206963539124e-01
8.371479511260986328e-01
7.309176325798034668e-01
5.588480234146118164e-01
2.919374406337738037e-01
4.504175111651420593e-02
1.406827867031097412e-01
-1.185115098953247070e+00
2.887626588344573975e-01
6.405542492866516113e-01
1.237216591835021973e+00
1.064088463783264160e+00
2.061879932880401611e-01
1.503652781248092651e-01
7.164566516876220703e-01
1.426414996385574341e-01
5.852920934557914734e-02
-2.474358230829238892e-01
-1.672304123640060425e-01
-1.127026438713073730e+00
-3.320642281323671341e-03
-6.625852584838867188e-01
-6.210775673389434814e-02
-2.122140377759933472e-01
1.279048472642898560e-01
6.847667694091796875e-02
6.026015281677246094e-01
4.716196060180664062e-01
-2.507746592164039612e-02
1.772054284811019897e-01
-1.805239766836166382e-01
-8.172296732664108276e-02
-9.739284962415695190e-02
4.241795837879180908e-01
3.995915129780769348e-02
7.970209419727325439e-02
3.916687071323394775e-01
-3.056617379188537598e-01
7.489504665136337280e-02
1.918144375085830688e-01
1.868275701999664307e-01
1.261004567146301270e+00
1.438979506492614746e-01
-3.406141400337219238e-01
-8.904663324356079102e-01
-4.213505387306213379e-01
-5.947932004928588867e-01
7.531144022941589355e-01
7.227398753166198730e-01
3.488667309284210205e-01
6.493769288063049316e-01
-2.827595174312591553e-01
4.903163313865661621e-01
-7.401970028877258301e-02
-3.219381440430879593e-03
-7.942380309104919434e-01
-1.341966390609741211e-01
-4.591667056083679199e-01
4.657332301139831543e-01
-3.749236464500427246e-01
7.069613933563232422e-01
5.490515232086181641e-01
9.243651628494262695e-01
-6.355905532836914062e-02
-2.586544156074523926e-01
-7.277713418006896973e-01
3.014672733843326569e-02
1.370860338211059570e-01
6.591659504920244217e-03
-2.506356835365295410e-01
5.031823515892028809e-01
-6.894769072532653809e-01
5.394156575202941895e-01
-2.581610977649688721e-01
6.280765533447265625e-01
6.057591736316680908e-02
-2.202068865299224854e-01
-3.839077055454254150e-01
-3.657930791378021240e-01
1.027099788188934326e-01
8.767905831336975098e-01
9.612682461738586426e-02
9.774460792541503906e-01
-1.763804703950881958e-01
1.052495762705802917e-01
-2.598792500793933868e-02
5.299096703529357910e-01
4.627516493201255798e-02
3.126024901866912842e-01
-5.337184071540832520e-01
7.209249138832092285e-01
-2.127090096473693848e-01
6.996785998344421387e-01
-4.495124891400337219e-02
-5.560255646705627441e-01
-1.793563514947891235e-01
7.547816634178161621e-02
6.542949080467224121e-01
1.591063022613525391e+00
3.757678866386413574e-01
-8.354080319404602051e-01
-6.485113501548767090e-01
-7.678027153015136719e-01
1.826976984739303589e-01
4.829013943672180176e-01
4.316801726818084717e-01
-3.219163715839385986e-01
-1.584172546863555908e-01
-4.425162076950073242e-01
5.808105468750000000e-01
7.914959639310836792e-02
-1.653542555868625641e-02
-5.581852793693542480e-01
1.768808960914611816e-01
-1.572639495134353638e-01
6.753135323524475098e-01
-2.584706246852874756e-02
2.213141322135925293e-01
-8.401473164558410645e-01
6.443175673484802246e-01
-4.813400208950042725e-01
3.556883633136749268e-01
4.366005063056945801e-01
9.853263497352600098e-01
1.052366852760314941e+00
8.427810668945312500e-01
-4.582597315311431885e-01
6.531291604042053223e-01
-1.042805090546607971e-01
6.095567345619201660e-01
3.402935862541198730e-01
-2.510524913668632507e-02
3.366047739982604980e-01
-6.414847970008850098e-01
9.052122831344604492e-01
1.312759399414062500e+00
6.397085785865783691e-01
4.355832040309906006e-01
-1.149936199188232422e+00
5.997829884290695190e-02
-2.015295810997486115e-02
5.331247448921203613e-01
-1.785139292478561401e-01
5.229043960571289062e-01
-4.011846482753753662e-01
4.419474005699157715e-01
-4.225344359874725342e-01
-1.624096930027008057e-01
3.857650756835937500e-01
-2.086080610752105713e-01
-3.777433931827545166e-01
2.862329483032226562e-01
-9.219185113906860352e-01
2.985517978668212891e-01
-7.085334658622741699e-01
9.627167582511901855e-01
4.259090423583984375e-01
5.863744020462036133e-01
2.765708863735198975e-01
9.384256005287170410e-01
-5.722882747650146484e-01
9.290919303894042969e-01
-1.999467760324478149e-01
1.207185864448547363e+00
2.121733874082565308e-01
2.768458425998687744e-02
-8.028817772865295410e-01
4.307156205177307129e-01
-8.686352372169494629e-01
1.325096786022186279e-01
1.220276430249214172e-01
6.134740114212036133e-01
9.036445617675781250e-01
6.841022372245788574e-01
1.785126179456710815e-01
1.431304663419723511e-01
1.982983350753784180e-01
4.923536628484725952e-02
-7.617932558059692383e-02
-4.069317281246185303e-01
1.705223172903060913e-01
-6.208664774894714355e-01
6.582211256027221680e-01
4.885164797306060791e-01
4.738837480545043945e-01
-6.467306613922119141e-01
-5.196152925491333008e-01
-5.625786781311035156e-01
-4.957437813282012939e-01
-1.160120442509651184e-01
2.592651546001434326e-01
-2.418336421251296997e-01
-2.363886982202529907e-01
-1.428961753845214844e-01
4.998301863670349121e-01
9.759793281555175781e-01
2.898738980293273926e-01
1.702848821878433228e-01
2.457249164581298828e-01
6.526414752006530762e-01
3.534731566905975342e-01
-1.864480972290039062e-01
5.200803279876708984e-01
3.560201227664947510e-01
1.012288093566894531e+00
9.034977555274963379e-01
1.186339020729064941e+00
-4.965043663978576660e-01
-3.356645256280899048e-02
-9.985822439193725586e-01
1.950426995754241943e-01
-9.355396032333374023e-01
-2.667647898197174072e-01
-5.425474047660827637e-02
5.639654994010925293e-01
2.590561807155609131e-01
-8.209601789712905884e-02
4.361425638198852539e-01
8.975609391927719116e-02
-1.988921463489532471e-01
-9.347830414772033691e-01
-5.858370065689086914e-01
9.339390695095062256e-02
-3.782269060611724854e-01
1.096414923667907715e+00
-2.884769737720489502e-01
1.100423097610473633e+00
2.494403123855590820e-01
-8.739794790744781494e-02
3.519937694072723389e-01
-4.156167805194854736e-01
5.244789719581604004e-01
-8.600062131881713867e-01
4.806196987628936768e-01
5.729010701179504395e-01
2.318919599056243896e-01
-5.700450539588928223e-01
5.176040530204772949e-01
-1.385367065668106079e-01
3.915639221668243408e-01
-4.617035090923309326e-01
1.433068066835403442e-01
-1.468908786773681641e-01
-3.777589201927185059e-01
1.153891801834106445e+00
1.489859521389007568e-01
3.954134881496429443e-01
6.006605923175811768e-02
-1.446878258138895035e-02
1.421634405851364136e-01
4.818103909492492676e-01
-4.100378155708312988e-01
5.387498736381530762e-01
3.156411051750183105e-01
-1.090663149952888489e-01
-2.297625839710235596e-01
-1.667587310075759888e-01
-1.592352539300918579e-01
-2.819317877292633057e-01
-1.101599261164665222e-02
-3.702623844146728516e-01
2.151087820529937744e-01
2.238598167896270752e-01
-2.915396094322204590e-01
-7.796564102172851562e-01
-9.726097434759140015e-02
-9.369486570358276367e-01
-3.192415535449981689e-01
-3.962582945823669434e-01
5.710448026657104492e-01
2.705321609973907471e-01
8.766385316848754883e-01
2.337307631969451904e-01
1.124556303024291992e+00
4.526922851800918579e-02
4.742341935634613037e-01
-6.150138005614280701e-02
-3.511112034320831299e-01
-8.609416335821151733e-02
5.501179695129394531e-01
4.018462896347045898e-01
2.307231426239013672e-01
-4.230851531028747559e-01
2.016560286283493042e-01
-2.719464004039764404e-01
2.420218735933303833e-01
5.290081501007080078e-01
3.354127109050750732e-01
5.298213362693786621e-01
-4.630965888500213623e-01
-1.137331202626228333e-01
-2.158263176679611206e-01
3.698816522955894470e-03
-2.891621589660644531e-01
-3.450927436351776123e-01
3.710113763809204102e-01
4.058252871036529541e-01
7.587851285934448242e-01
1.912147551774978638e-01
8.217009305953979492e-01
3.728300929069519043e-01
8.938192725181579590e-01
-2.776094675064086914e-01
2.616426050662994385e-01
-5.847010016441345215e-01
7.652147114276885986e-02
-4.047287702560424805e-01
3.619948029518127441e-01
2.782256603240966797e-01
-3.892338871955871582e-01
2.791728675365447998e-01
-5.202618241310119629e-01
2.423295527696609497e-01
-5.261546969413757324e-01
4.955817461013793945e-01
3.384753465652465820e-01
1.324237734079360962e-01
-6.776102185249328613e-01
-4.524674117565155029e-01
-1.534802932292222977e-02
1.763993650674819946e-01
-2.953926920890808105e-01
4.766770601272583008e-01
-1.242775544524192810e-01
6.850509047508239746e-01
-2.843095734715461731e-02
5.675055980682373047e-01
-3.742713928222656250e-01
3.271770179271697998e-01
-3.494975566864013672e-01
8.264750838279724121e-01
4.905374050140380859e-01
5.520901679992675781e-01
-1.460756510496139526e-01
4.137213230133056641e-01
1.029968447983264923e-02
-7.818248122930526733e-03
6.147410273551940918e-01
4.266804829239845276e-02
-8.995109796524047852e-01
-1.543861329555511475e-01
-5.209650397300720215e-01
4.303717017173767090e-01
4.760475754737854004e-01
6.846985220909118652e-01
-2.412176877260208130e-01
6.369226425886154175e-02
-2.785128355026245117e-02
-3.319271281361579895e-02
2.284796386957168579e-01
-1.439569890499114990e-01
3.072818219661712646e-01
-1.823621541261672974e-01
-9.081530570983886719e-02
-5.156730413436889648e-01
1.173570603132247925e-01
-4.332139194011688232e-01
1.225649937987327576e-01
-3.304580450057983398e-01
2.293961793184280396e-01
-2.845248281955718994e-01
5.112260580062866211e-01
3.697146102786064148e-02
6.737375259399414062e-01
2.682566046714782715e-01
8.523952364921569824e-01
7.654500007629394531e-02
2.087689638137817383e+00
1.362234830856323242e+00
3.391137719154357910e-01
-4.715337455272674561e-01
-2.593548595905303955e-01
-9.987711906433105469e-02
4.148342013359069824e-01
-2.349661886692047119e-01
-7.843332886695861816e-01
-1.082263708114624023e+00
-4.560613930225372314e-01
-4.798882007598876953e-01
-1.633220314979553223e-01
-2.402729392051696777e-01
-1.955415606498718262e-01
1.026302695274353027e+00
5.730241537094116211e-01
8.392306566238403320e-01
8.625658154487609863e-01
7.517279982566833496e-01
-1.654467135667800903e-01
-2.506337165832519531e-01
1.605095118284225464e-01
7.734610438346862793e-01
6.387702226638793945e-01
1.511562466621398926e+00
