-3.773742020130157471e-01
-3.036778569221496582e-01
3.868027925491333008e-01
1.221844851970672607e-01
1.537209600210189819e-01
5.554427504539489746e-01
-8.764256536960601807e-02
1.099482551217079163e-01
4.782284498214721680e-01
-2.723345756530761719e-01
4.738440513610839844e-01
-1.337405592203140259e-01
-3.261709511280059814e-01
-1.889465004205703735e-01
1.847132146358489990e-01
-4.787099361419677734e-01
-2.543532252311706543e-01
-1.560695767402648926e-01
5.027622580528259277e-01
4.381764531135559082e-01
-2.438135147094726562e-01
1.233568266034126282e-01
2.836545407772064209e-01
3.789532184600830078e-02
2.014329284429550171e-01
2.346047163009643555e-01
3.871028125286102295e-01
-5.975066423416137695e-01
-4.529989361763000488e-01
-1.184274703264236450e-01
6.043012738227844238e-01
3.187325000762939453e-01
2.943257391452789307e-01
-6.575348228216171265e-02
5.303100347518920898e-01
-1.486767679452896118e-01
5.415476486086845398e-02
-4.325475990772247314e-01
2.379049211740493774e-01
2.609044909477233887e-01
-1.533972024917602539e-01
-4.931959211826324463e-01
1.346517950296401978e-01
-2.830143868923187256e-01
5.718349218368530273e-01
-5.939542055130004883e-01
-3.118265271186828613e-01
-5.160634517669677734e-01
-4.791007637977600098e-01
-1.040174514055252075e-01
3.136278092861175537e-01
1.312076807022094727e+00
3.120668828487396240e-01
9.232125878334045410e-01
6.257843375205993652e-01
4.077736139297485352e-01
5.338415503501892090e-01
8.079691529273986816e-01
-3.575867414474487305e-02
-5.231380462646484375e-02
-7.602454423904418945e-01
-3.256402611732482910e-01
-1.061503529548645020e+00
-2.605881690979003906e-01
-1.063052862882614136e-01
-1.817369014024734497e-01
-1.623413562774658203e-01
-3.039517700672149658e-01
-2.102800458669662476e-01
2.703236937522888184e-01
7.425439357757568359e-02
-1.506374478340148926e-01
-7.489302754402160645e-02
-8.130133152008056641e-01
5.969656109809875488e-01
6.250787973403930664e-01
3.895220160484313965e-01
9.954991340637207031e-01
1.340730488300323486e-01
4.873291850090026855e-01
-3.909339010715484619e-01
-1.287536323070526123e-01
3.303431272506713867e-01
-2.008391022682189941e-01
-5.450296401977539062e-01
-6.962271928787231445e-01
2.157749235630035400e-01
1.477076113224029541e-01
4.189213514328002930e-01
-2.499945908784866333e-01
4.683953523635864258e-01
2.792993485927581787e-01
3.847196698188781738e-01
4.737417399883270264e-01
-3.434686362743377686e-02
4.523897767066955566e-01
-1.296381093561649323e-02
-2.021640092134475708e-01
2.919312119483947754e-01
-3.110665082931518555e-01
-4.557067751884460449e-01
-4.266677796840667725e-01
4.646627977490425110e-02
4.647767245769500732e-01
-3.991722762584686279e-01
-3.414974808692932129e-01
-1.152061581611633301e+00
5.489514470100402832e-01
-6.333362460136413574e-01
9.717605710029602051e-01
1.313689947128295898e-01
1.104477047920227051e-01
-5.980805158615112305e-01
-1.162231788039207458e-01
-8.714777231216430664e-02
7.199164628982543945e-01
-4.875904023647308350e-01
-1.016564369201660156e+00
6.567918658256530762e-01
3.170061856508255005e-02
1.568854898214340210e-01
-5.982719361782073975e-02
-1.593825370073318481e-01
5.177824199199676514e-02
-1.264760732650756836e+00
2.149015665054321289e-02
1.698354482650756836e+00
1.173923492431640625e+00
9.315714240074157715e-01
5.553292632102966309e-01
-2.068295925855636597e-01
1.492006778717041016e+00
-2.362742722034454346e-01
4.273319840431213379e-01
-5.447544455528259277e-01
-6.573950648307800293e-01
-8.433014154434204102e-01
-6.793968081474304199e-01
-8.717151731252670288e-02
9.735763072967529297e-02
3.399838507175445557e-01
6.853619217872619629e-01
-4.976035356521606445e-01
4.940619766712188721e-01
2.373042516410350800e-02
-2.862351834774017334e-01
-1.568512767553329468e-01
-2.046340703964233398e-01
-3.509756624698638916e-01
-2.134191244840621948e-01
-3.879776000976562500e-01
2.930868268013000488e-01
-3.983042389154434204e-02
7.947779893875122070e-01
2.628000378608703613e-01
-1.677883565425872803e-01
4.616248905658721924e-01
-1.920666694641113281e-01
8.370016813278198242e-01
-2.828217744827270508e-01
-4.994189366698265076e-02
-8.610023856163024902e-01
1.133134067058563232e-01
-4.562292993068695068e-01
1.551519185304641724e-01
3.733519315719604492e-01
-4.917841032147407532e-02
5.460572838783264160e-01
-1.173941493034362793e-01
3.266168236732482910e-01
4.165333211421966553e-01
-1.799259334802627563e-01
-9.116748720407485962e-02
-5.366861820220947266e-01
-2.120163440704345703e-01
-4.833715856075286865e-01
-4.666845798492431641e-01
2.781430631875991821e-02
4.359813034534454346e-01
8.757640123367309570e-01
2.201751768589019775e-01
-2.940801978111267090e-01
-1.212265372276306152e+00
-3.175420165061950684e-01
-2.929293811321258545e-01
4.232491552829742432e-01
-4.351426661014556885e-01
5.634458065032958984e-01
-5.747175216674804688e-01
4.091148823499679565e-02
-4.931870400905609131e-01
4.417724311351776123e-01
2.969228327274322510e-01
-1.558500230312347412e-01
-2.698777616024017334e-01
-1.171258240938186646e-01
1.754147000610828400e-02
7.404985427856445312e-01
5.078908205032348633e-01
2.162017971277236938e-01
-1.677118837833404541e-01
-4.930858910083770752e-01
-5.203343629837036133e-01
1.089473485946655273e+00
4.363825619220733643e-01
5.532737970352172852e-01
-5.782670378684997559e-01
7.666976004838943481e-02
-3.281937241554260254e-01
2.590798437595367432e-01
5.831641554832458496e-01
-1.794211864471435547e-01
4.942543804645538330e-02
-5.152669548988342285e-02
2.205901592969894409e-02
6.274066567420959473e-01
4.924412071704864502e-01
-4.387893080711364746e-01
-2.542328238487243652e-01
-1.089211106300354004e+00
-2.046920359134674072e-01
2.746380567550659180e-01
-1.423388067632913589e-02
-2.160580269992351532e-02
7.765971124172210693e-02
-8.232384324073791504e-01
7.820168137550354004e-01
1.672729402780532837e-01
-1.930109709501266479e-01
2.464519143104553223e-01
-6.190917268395423889e-02
1.449315100908279419e-01
4.032500088214874268e-01
-2.551989629864692688e-02
1.415452808141708374e-01
-7.841334342956542969e-01
4.505569934844970703e-01
4.180606305599212646e-01
-7.234926223754882812e-01
8.873856812715530396e-02
5.176451206207275391e-01
6.624156832695007324e-01
8.525072336196899414e-01
-2.225043624639511108e-01
1.263360083103179932e-01
-3.523657321929931641e-01
3.224483132362365723e-01
-2.937154173851013184e-01
6.514638066291809082e-01
-1.931706070899963379e-02
3.735146522521972656e-01
-7.499260455369949341e-02
5.206847786903381348e-01
4.186764359474182129e-01
6.816244125366210938e-01
-7.404350638389587402e-01
-6.120783090591430664e-01
5.069438815116882324e-01
3.034208416938781738e-01
-1.254704445600509644e-01
1.358720473945140839e-02
-4.267157018184661865e-01
-7.640121132135391235e-02
3.099921159446239471e-02
-1.465820521116256714e-01
8.134525418281555176e-01
2.357735782861709595e-01
-3.769237995147705078e-01
2.109723687171936035e-01
-8.341771960258483887e-01
-1.450741440057754517e-01
-4.272043406963348389e-01
3.023907840251922607e-01
1.545952260494232178e-01
4.637716114521026611e-01
-1.792686758562922478e-03
5.229439735412597656e-01
-1.716735064983367920e-01
7.689014077186584473e-01
6.359220296144485474e-02
4.956579208374023438e-01
4.919090270996093750e-01
-1.259924173355102539e-01
-5.780903100967407227e-01
1.658106148242950439e-01
-6.081506013870239258e-01
-4.930052459239959717e-01
-5.288419872522354126e-02
5.670038238167762756e-02
-4.273119196295738220e-02
-5.979233980178833008e-02
-2.213243395090103149e-03
4.663034677505493164e-01
4.035049974918365479e-01
3.867096304893493652e-01
-1.372597515583038330e-01
9.162450581789016724e-02
9.736333042383193970e-02
-2.597605064511299133e-02
9.509329497814178467e-02
2.086809128522872925e-01
-8.005820959806442261e-02
-1.769944727420806885e-01
3.918138146400451660e-02
2.963124215602874756e-02
-2.273773998022079468e-01
-3.835473656654357910e-01
2.727383971214294434e-01
-3.142287731170654297e-01
-2.547391057014465332e-01
-5.065805315971374512e-01
6.251091957092285156e-01
7.049196958541870117e-01
2.711000144481658936e-01
-5.406723022460937500e-01
4.836880862712860107e-01
-4.745259881019592285e-01
4.281973838806152344e-01
1.016048789024353027e-01
3.498418927192687988e-01
1.115587830543518066e+00
-4.888261854648590088e-02
7.217616438865661621e-01
1.013230904936790466e-01
-2.106349468231201172e-01
-7.936195731163024902e-01
-4.499303698539733887e-01
1.741880625486373901e-01
-7.714410424232482910e-01
-2.454994767904281616e-01
5.620292425155639648e-01
8.723134994506835938e-01
3.633154332637786865e-01
-6.600011587142944336e-01
5.216073244810104370e-02
-5.734613537788391113e-01
-2.436108291149139404e-01
-9.426082670688629150e-02
-6.157012581825256348e-01
4.384194314479827881e-01
-7.064595818519592285e-01
1.664935708045959473e+00
-1.931872367858886719e-01
6.938769817352294922e-01
1.627857089042663574e-01
-1.775052957236766815e-02
3.288832306861877441e-01
3.439177945256233215e-02
3.493197560310363770e-01
-3.338201045989990234e-01
3.202794864773750305e-02
1.124315142631530762e+00
-3.594231009483337402e-01
-2.637397646903991699e-01
2.423569560050964355e-01
-7.653743773698806763e-02
-1.419718116521835327e-01
-8.803129196166992188e-02
-6.970195174217224121e-01
5.319933295249938965e-01
-8.740218877792358398e-01
6.412444114685058594e-01
-6.735172867774963379e-01
-6.202409788966178894e-02
-8.126152753829956055e-01
5.740547180175781250e-01
-2.652607262134552002e-01
7.883475422859191895e-01
-6.522212028503417969e-01
1.861385405063629150e-01
7.125126719474792480e-01
1.364127248525619507e-01
2.384652048349380493e-01
-7.238176465034484863e-02
1.283694151788949966e-02
-4.328043162822723389e-01
-2.140820026397705078e-01
-3.267293572425842285e-01
-2.008806169033050537e-02
1.222506046295166016e+00
3.439712896943092346e-02
-5.995067358016967773e-01
-2.229529619216918945e-01
-9.081985950469970703e-01
-6.715017557144165039e-01
-6.878829002380371094e-01
3.196020424365997314e-01
5.478135347366333008e-01
5.855435132980346680e-01
2.947755455970764160e-01
3.016563653945922852e-01
6.215555667877197266e-01
-3.359211981296539307e-01
4.365825280547142029e-02
-3.747816681861877441e-01
-2.353014945983886719e-01
5.057108402252197266e-01
5.776042342185974121e-01
-8.164361864328384399e-02
-6.329245567321777344e-01
1.798395514488220215e-01
-7.199450731277465820e-01
3.925518393516540527e-01
4.183818101882934570e-01
6.832051873207092285e-01
2.181479334831237793e-01
1.752275675535202026e-01
-3.962540626525878906e-02
-2.691032290458679199e-01
-2.903821468353271484e-01
-8.987864255905151367e-01
-1.770483255386352539e-01
4.188097417354583740e-01
1.948481798171997070e-01
5.986942723393440247e-02
-7.304449081420898438e-01
1.318525433540344238e+00
1.396429240703582764e-01
1.175872087478637695e+00
1.569459773600101471e-02
7.436244934797286987e-02
4.788464903831481934e-01
-1.929051242768764496e-02
-1.166793182492256165e-01
-7.392381876707077026e-02
1.229830458760261536e-01
2.383255660533905029e-01
-7.834473997354507446e-02
-4.233358800411224365e-01
-5.842580795288085938e-01
-7.496398091316223145e-01
5.590506196022033691e-01
6.890975236892700195e-01
-5.699327588081359863e-02
-9.177142381668090820e-01
-8.875814676284790039e-01
-1.101163029670715332e-01
1.960260570049285889e-01
-9.301744699478149414e-01
5.022855997085571289e-01
1.116417720913887024e-01
7.879315018653869629e-01
6.001675724983215332e-01
2.956973314285278320e-01
4.600101709365844727e-01
4.157899320125579834e-01
-3.731995820999145508e-01
1.552920937538146973e-01
2.892994582653045654e-01
6.148066520690917969e-01
-4.254874885082244873e-01
2.826687097549438477e-01
1.617631614208221436e-01
-5.765503048896789551e-01
6.605619192123413086e-01
2.658570110797882080e-01
1.175296008586883545e-01
-2.850690186023712158e-01
-2.508801519870758057e-01
-3.900672495365142822e-01
6.215658038854598999e-02
-3.863574936985969543e-02
-3.135866299271583557e-02
-7.978966832160949707e-02
4.638948440551757812e-01
1.262791752815246582e-01
1.707954704761505127e-01
-2.526993751525878906e-01
1.536797881126403809e-01
-5.300009846687316895e-01
8.048219680786132812e-01
-4.813274741172790527e-01
3.047229647636413574e-01
-9.675371646881103516e-01
-7.888956665992736816e-01
-3.046634793281555176e-01
4.495311975479125977e-01
1.149175986647605896e-01
2.161371409893035889e-01
-5.324886441230773926e-01
2.137567698955535889e-01
4.025715589523315430e-01
8.937996625900268555e-01
3.511540889739990234e-01
7.503475546836853027e-01
1.621813774108886719e+00
-1.488425433635711670e-01
3.780968487262725830e-01
2.504365444183349609e-01
-3.977925330400466919e-02
7.627118229866027832e-01
-3.599685430526733398e-01
1.395928412675857544e-01
-8.685095906257629395e-01
1.926289200782775879e-01
-1.745727211236953735e-01
-3.814334869384765625e-01
-3.518597781658172607e-01
-1.869715005159378052e-01
5.353407263755798340e-01
3.362754881381988525e-01
-4.412063360214233398e-01
-2.971660494804382324e-01
3.974114358425140381e-01
-6.480124592781066895e-01
-1.470369994640350342e-01
-1.344465613365173340e+00
-1.004250794649124146e-01
-3.222382664680480957e-01
7.614804506301879883e-01
4.865353107452392578e-01
1.863377988338470459e-01
1.316773414611816406e+00
