-1.149441361427307129e+00
1.230241879820823669e-01
-1.452553123235702515e-01
-7.069398164749145508e-01
-1.548272967338562012e-01
2.324882149696350098e-01
-7.373412847518920898e-01
6.017381548881530762e-01
4.011398553848266602e-01
4.507080465555191040e-02
1.757815182209014893e-01
6.025894880294799805e-01
-2.339213132858276367e+00
-1.165484040975570679e-01
8.086658120155334473e-01
6.146378517150878906e-01
2.664041221141815186e-01
1.351128697395324707e+00
8.800479769706726074e-01
-3.005594611167907715e-01
-1.684016436338424683e-01
-1.707070618867874146e-01
-9.138702601194381714e-02
-1.366334855556488037e-01
-2.510432600975036621e-01
-8.002246618270874023e-01
-6.602070927619934082e-01
-3.132964968681335449e-01
-7.789162993431091309e-01
1.897294446825981140e-02
4.106175154447555542e-02
-8.132925033569335938e-01
-1.425583720207214355e+00
5.822461843490600586e-01
-9.416955113410949707e-01
5.136419534683227539e-01
1.935942471027374268e-01
7.614617794752120972e-02
-5.315988659858703613e-01
-7.065855860710144043e-01
6.028680801391601562e-01
3.046189844608306885e-01
-2.155911624431610107e-01
5.281586050987243652e-01
-3.124287538230419159e-02
-2.878371477127075195e-01
-7.732201367616653442e-02
4.548538327217102051e-01
-4.292019009590148926e-01
2.359083741903305054e-01
7.060326933860778809e-01
-2.306474685668945312e+00
8.251960277557373047e-01
1.183138251304626465e+00
6.335602998733520508e-01
-1.307590007781982422e+00
1.852818846702575684e+00
-1.123069003224372864e-01
2.136178612709045410e-01
4.436500966548919678e-01
1.120035648345947266e+00
2.376729696989059448e-01
-1.414929032325744629e-01
4.446227550506591797e-01
-2.501305639743804932e-01
-2.049922198057174683e-01
-1.427280426025390625e+00
-9.617298096418380737e-02
-7.299807667732238770e-02
-4.842141568660736084e-01
-1.174857020378112793e+00
4.724520742893218994e-01
-1.153412222862243652e+00
-1.422986388206481934e+00
3.340559601783752441e-01
7.743366807699203491e-02
1.662329584360122681e-01
-1.550251245498657227e-01
3.339346945285797119e-01
2.006950229406356812e-01
7.396601438522338867e-01
2.607373297214508057e-01
6.644658446311950684e-01
5.191377401351928711e-01
-4.296669363975524902e-01
-1.517610549926757812e+00
-1.371108412742614746e+00
-6.249125003814697266e-01
2.525753676891326904e-01
2.988066971302032471e-01
-1.334839820861816406e+00
2.659301459789276123e-01
9.836616516113281250e-01
6.921675801277160645e-01
9.902834892272949219e-01
-5.890941247344017029e-04
2.252674251794815063e-01
3.855833113193511963e-01
-3.582604601979255676e-02
-4.549994766712188721e-01
-2.958346307277679443e-01
-1.953097730875015259e-01
3.110405802726745605e-01
-2.188181728124618530e-01
-1.824237704277038574e-01
-8.057230114936828613e-01
1.205194517970085144e-01
1.299557685852050781e-01
-1.980348825454711914e-01
3.693248927593231201e-01
3.702021017670631409e-02
-3.370162844657897949e-01
1.478196382522583008e-01
6.589685380458831787e-02
5.331999659538269043e-01
-7.197406142950057983e-02
-7.214500904083251953e-01
3.233262300491333008e-01
7.619346380233764648e-01
-4.574698805809020996e-01
-1.241628170013427734e+00
1.870688796043395996e-01
4.469171166419982910e-01
8.456216007471084595e-02
4.772406518459320068e-01
6.133509278297424316e-01
-5.952498912811279297e-01
2.375788688659667969e-01
8.373554050922393799e-02
-2.835072576999664307e-01
-5.816670060157775879e-01
-2.400359660387039185e-01
4.118483662605285645e-01
-1.640378311276435852e-02
-1.579766720533370972e-01
1.448870152235031128e-01
-1.140743494033813477e+00
-5.274087190628051758e-01
-2.843958735466003418e-01
-7.541385889053344727e-01
-1.630480736494064331e-01
9.989827871322631836e-02
7.531185150146484375e-01
1.049562811851501465e+00
-3.449304699897766113e-01
7.771383970975875854e-02
-7.409244179725646973e-01
7.649146914482116699e-01
-4.187534153461456299e-01
4.346997141838073730e-01
5.789027214050292969e-01
-1.519041508436203003e-01
-2.318896949291229248e-01
5.405659675598144531e-01
-3.101173639297485352e-01
2.226258441805839539e-02
-2.711524367332458496e-01
2.802976667881011963e-01
-2.391288280487060547e-01
-2.933077812194824219e-01
-2.443602681159973145e-01
8.977060765027999878e-02
5.141930580139160156e-01
5.915951728820800781e-01
3.762654215097427368e-02
-4.286575689911842346e-02
-1.526027917861938477e-01
-8.679845333099365234e-01
-8.113434910774230957e-01
-1.994009166955947876e-01
-1.282308697700500488e-01
-6.534513831138610840e-01
2.787568569183349609e-01
1.385632514953613281e+00
5.105678439140319824e-01
2.547803521156311035e-01
8.233810663223266602e-01
-3.050004482269287109e+00
2.773435115814208984e-01
9.758999198675155640e-02
-1.162585839629173279e-01
4.408274888992309570e-01
9.629300236701965332e-01
-1.854783594608306885e-01
-1.078568339347839355e+00
-5.026472806930541992e-01
-4.599447548389434814e-01
5.483052730560302734e-01
4.875803589820861816e-01
-7.929480075836181641e-01
1.049599766731262207e+00
-1.810527890920639038e-01
6.689898967742919922e-01
7.011471986770629883e-01
-9.571967273950576782e-02
3.284683823585510254e-02
1.022185981273651123e-01
3.972395956516265869e-01
1.250706613063812256e-01
-7.848886400461196899e-02
2.993535697460174561e-01
-8.472308516502380371e-01
-7.194883227348327637e-01
-1.281422853469848633e+00
-7.042912393808364868e-02
6.226908564567565918e-01
1.374768912792205811e-01
2.474576830863952637e-01
2.856855988502502441e-01
-1.124025344848632812e+00
-5.438311696052551270e-01
-9.020826965570449829e-02
-2.868868112564086914e-01
-3.033933937549591064e-01
4.308227300643920898e-01
6.153124570846557617e-01
-2.536801099777221680e-01
-2.908047474920749664e-02
-2.158981263637542725e-01
-1.845306456089019775e-01
-2.170307040214538574e-01
-3.599816858768463135e-01
-1.699481308460235596e-01
6.343758702278137207e-01
-6.836121678352355957e-01
-1.017006188631057739e-01
6.384465098381042480e-01
-2.940814495086669922e-01
-2.864526808261871338e-01
-1.033635362982749939e-01
3.243383467197418213e-01
-5.323131084442138672e-01
9.162143617868423462e-02
5.946090817451477051e-01
-1.243219226598739624e-01
-6.704013943672180176e-01
2.909727692604064941e-01
7.360175251960754395e-01
2.737019062042236328e-01
7.227052450180053711e-01
-8.306732177734375000e-01
7.340913414955139160e-01
5.443892255425453186e-02
-9.558887481689453125e-01
-7.268980145454406738e-01
5.138213634490966797e-01
-1.400831699371337891e+00
3.578615188598632812e-01
-2.651958465576171875e-01
4.287777841091156006e-01
-1.907758563756942749e-01
-1.972478069365024567e-02
-3.615750372409820557e-01
-7.769593000411987305e-01
2.312781661748886108e-01
4.145844876766204834e-01
-6.479016542434692383e-01
1.646379828453063965e-01
-8.694658428430557251e-02
-1.284550279378890991e-01
-1.510168015956878662e-01
-2.465050071477890015e-01
-6.411567330360412598e-01
1.514167189598083496e-01
3.776601552963256836e-01
-7.410332560539245605e-01
-6.824859231710433960e-02
-1.486774384975433350e-01
-4.532032608985900879e-01
-3.696472942829132080e-02
-2.661307454109191895e-01
7.568681985139846802e-02
-3.243864178657531738e-01
2.004514932632446289e-01
6.147812008857727051e-01
-4.068044722080230713e-01
3.608861267566680908e-01
-4.251236617565155029e-01
8.617547750473022461e-01
4.986885488033294678e-01
3.061685860157012939e-01
6.971137523651123047e-01
-1.984383016824722290e-01
7.574747502803802490e-02
-2.309356778860092163e-01
6.121775507926940918e-01
1.650828272104263306e-01
4.988504052162170410e-01
-4.308856427669525146e-01
-1.803562641143798828e-01
-3.620986938476562500e-01
-4.011466503143310547e-01
-6.899669766426086426e-01
5.620288476347923279e-02
-4.547884762287139893e-01
5.796028766781091690e-03
-7.006543278694152832e-01
-2.054610699415206909e-01
-4.609544277191162109e-01
3.827125728130340576e-01
1.798117458820343018e-01
-5.698590874671936035e-01
-4.796401411294937134e-02
-1.346905995160341263e-02
4.284467697143554688e-01
5.520995259284973145e-01
1.909794360399246216e-01
3.521930277347564697e-01
2.357456833124160767e-01
5.219021439552307129e-01
9.651900082826614380e-02
7.170780748128890991e-02
2.914378605782985687e-02
-1.302544951438903809e+00
9.436404705047607422e-02
8.237165808677673340e-01
-2.349747180938720703e+00
4.946296811103820801e-01
-1.678103923797607422e+00
2.967394590377807617e-01
-2.181675583124160767e-01
-2.441640757024288177e-02
-5.728540197014808655e-02
1.053290367126464844e+00
1.718916445970535278e-01
-5.479716658592224121e-01
7.210980355739593506e-02
-1.976161152124404907e-01
-5.606521368026733398e-01
-9.942270070314407349e-02
-5.903547406196594238e-01
7.135115861892700195e-01
4.350339472293853760e-01
1.205495357513427734e+00
-8.749170303344726562e-01
1.675215661525726318e-01
1.400335907936096191e+00
-5.285497903823852539e-01
-7.830883264541625977e-01
1.323172330856323242e+00
-5.176215767860412598e-01
3.907883167266845703e-01
-1.037095040082931519e-01
2.417394965887069702e-01
2.141235321760177612e-01
-3.627107143402099609e-01
-3.255270123481750488e-01
-1.528510093688964844e+00
-2.529191374778747559e-01
1.908717155456542969e-01
-9.225834608078002930e-01
-1.803050875663757324e+00
-2.226725578308105469e+00
1.056287065148353577e-01
4.377636909484863281e-01
5.708364248275756836e-01
1.588094979524612427e-01
9.077987074851989746e-01
-5.121292471885681152e-01
1.456304550170898438e+00
7.909711003303527832e-01
1.222641825675964355e+00
9.897205829620361328e-01
1.533466763794422150e-02
-1.666773259639739990e-01
-6.139866113662719727e-01
3.447062075138092041e-01
2.765352129936218262e-01
-2.366134643554687500e+00
-1.474999904632568359e+00
-1.034058928489685059e+00
-1.830925941467285156e-01
2.077911198139190674e-01
4.578237831592559814e-01
6.476413607597351074e-01
3.920630514621734619e-01
7.483026385307312012e-02
3.723713755607604980e-01
7.080475240945816040e-02
-3.185558915138244629e-01
5.375807881355285645e-01
-4.291355311870574951e-01
1.645247936248779297e-01
3.723327219486236572e-01
-2.721850574016571045e-01
6.592460870742797852e-01
-3.199355602264404297e-01
-5.045608282089233398e-01
3.785632848739624023e-01
1.354259997606277466e-01
-1.963077068328857422e+00
-5.213863775134086609e-02
3.292469084262847900e-01
8.272481560707092285e-01
-4.252025485038757324e-01
2.039529532194137573e-01
1.881257742643356323e-01
-2.129699736833572388e-01
-2.732873558998107910e-01
8.762450218200683594e-01
-9.334533810615539551e-01
1.200880780816078186e-01
-9.097239375114440918e-01
2.499123662710189819e-01
2.467373311519622803e-01
-1.555542200803756714e-01
6.492653489112854004e-02
4.467245936393737793e-01
-6.055750250816345215e-01
-2.390693873167037964e-01
6.978467851877212524e-02
-4.285727739334106445e-01
-2.033253759145736694e-01
1.321020573377609253e-01
-2.536432072520256042e-02
-4.096663370728492737e-02
-3.908253014087677002e-01
-5.797600150108337402e-01
-7.233440279960632324e-01
3.567135334014892578e-01
-5.145589113235473633e-01
-2.170245647430419922e-01
5.582653880119323730e-01
-1.154464110732078552e-02
5.477434992790222168e-01
1.090740442276000977e+00
9.715327024459838867e-01
1.614526659250259399e-01
-1.862601041793823242e-01
1.340632736682891846e-01
2.454089075326919556e-01
-1.359847545623779297e+00
-7.013831734657287598e-01
1.699174344539642334e-01
-6.685826778411865234e-01
-1.103650927543640137e+00
6.756004691123962402e-02
1.779592186212539673e-01
1.543865650892257690e-01
9.579054266214370728e-02
4.654670599848031998e-03
6.942763328552246094e-01
-9.595573544502258301e-01
1.051656529307365417e-01
-2.434608191251754761e-01
-5.219556689262390137e-01
4.335342943668365479e-01
3.542965948581695557e-01
4.858191609382629395e-01
2.789768576622009277e-01
6.237806677818298340e-01
-2.690101861953735352e-01
-2.887638211250305176e-01
2.337427437305450439e-01
-1.803007274866104126e-01
-7.412477135658264160e-01
-4.051731526851654053e-01
6.655221581459045410e-01
-2.302641868591308594e-01
-5.944904088973999023e-01
2.925519049167633057e-01
2.438866905868053436e-02
-1.093020558357238770e+00
-8.454505205154418945e-01
4.969527721405029297e-01
1.307263821363449097e-01
-2.114419192075729370e-01
1.699770987033843994e-01
-5.151411294937133789e-01
7.960054278373718262e-01
7.900712490081787109e-01
-8.253970742225646973e-01
-5.512747541069984436e-02
9.919734299182891846e-02
4.708781838417053223e-01
-8.295512795448303223e-01
5.203992128372192383e-01
1.885761916637420654e-01
-5.763446912169456482e-02
-1.271187216043472290e-01
2.703697681427001953e-01
-3.386896848678588867e-02
7.517681717872619629e-01
-2.067891210317611694e-01
-9.625866264104843140e-02
4.870333522558212280e-02
-1.517110317945480347e-01
3.050408884882926941e-02
-4.253309965133666992e-02
3.869831860065460205e-01
-2.142869234085083008e-01
-3.977612257003784180e-01
-4.038298130035400391e-01
-2.578139305114746094e-01
3.907542228698730469e-01
-6.758463978767395020e-01
-1.800540536642074585e-01
-5.466469526290893555e-01
-3.227954804897308350e-01
-9.977953135967254639e-02
-9.081978350877761841e-02
-1.269721984863281250e-01
7.107244729995727539e-01
-7.011882066726684570e-01
-3.739900290966033936e-01
5.758398771286010742e-01
6.253727078437805176e-01
4.218988716602325439e-01
-5.457001924514770508e-01
1.241787374019622803e-01
4.921190142631530762e-01
6.034997701644897461e-01
7.450460791587829590e-01
