-3.032900691032409668e-01
-1.460491120815277100e-01
-3.278717398643493652e-01
2.148056924343109131e-01
-2.879689075052738190e-02
-3.283492922782897949e-01
1.984074898064136505e-02
5.172516703605651855e-01
5.060944557189941406e-01
-1.336672067642211914e+00
-1.419452205300331116e-02
-2.035768628120422363e-01
6.192192435264587402e-01
4.505003690719604492e-01
-2.597365081310272217e-01
2.166099250316619873e-01
3.378995954990386963e-01
7.836037129163742065e-02
-3.603461086750030518e-01
2.945724725723266602e-01
-1.785932928323745728e-01
-4.427161812782287598e-01
4.729292988777160645e-01
-2.480060607194900513e-01
-6.937273740768432617e-01
-3.922184109687805176e-01
3.028666079044342041e-01
1.111219048500061035e+00
1.249448180198669434e+00
1.271869063377380371e+00
-1.095515340566635132e-01
-8.054466247558593750e-01
6.360025405883789062e-01
-7.621821165084838867e-01
2.731502950191497803e-01
-4.626044631004333496e-01
1.209489405155181885e-01
-5.540494918823242188e-01
-1.753492355346679688e-01
-4.100832343101501465e-01
1.625858992338180542e-01
-6.115490198135375977e-01
3.631093800067901611e-01
4.334257841110229492e-01
-7.277362346649169922e-01
-1.257333904504776001e-01
5.693014860153198242e-01
-3.445549011230468750e-01
6.987847089767456055e-01
-5.675709843635559082e-01
3.724522888660430908e-02
4.142601788043975830e-01
-8.895609527826309204e-02
-2.959581911563873291e-01
5.855719745159149170e-02
-3.984078764915466309e-02
1.213393568992614746e+00
-9.986329823732376099e-02
1.695576757192611694e-01
-3.507669270038604736e-01
-1.102838158607482910e+00
-6.284646987915039062e-01
3.295981884002685547e-02
-1.134529486298561096e-01
-3.172696381807327271e-02
-6.635968387126922607e-02
4.037950634956359863e-01
1.139712214469909668e+00
1.224643707275390625e+00
7.897184491157531738e-01
9.100296497344970703e-01
-5.827833414077758789e-01
-5.792291164398193359e-01
1.378227025270462036e-01
-1.184373497962951660e+00
-1.245899721980094910e-01
-1.003961086273193359e+00
-8.161146193742752075e-02
8.563924580812454224e-03
-3.927685022354125977e-01
-2.445801794528961182e-01
-6.240662336349487305e-01
2.728174328804016113e-01
2.513922154903411865e-01
5.147726535797119141e-01
3.997435271739959717e-01
3.222297504544258118e-02
-2.097971886396408081e-01
-4.810459166765213013e-02
3.327693343162536621e-01
3.249844908714294434e-01
1.056000113487243652e+00
5.581641793251037598e-01
6.423658877611160278e-02
-3.007835745811462402e-01
-5.570936948060989380e-02
-3.191725015640258789e-01
-1.330561004579067230e-03
-9.164300560951232910e-01
-3.144298866391181946e-02
3.945777118206024170e-01
-7.574175596237182617e-01
-2.405581772327423096e-01
3.987610340118408203e-01
1.703133732080459595e-01
6.553910374641418457e-01
3.480044603347778320e-01
-1.251973867416381836e+00
-2.965276241302490234e-01
2.573551833629608154e-01
4.367397129535675049e-01
1.587291002273559570e+00
-2.273108214139938354e-01
-6.061196327209472656e-01
-5.993218421936035156e-01
-6.686934828758239746e-01
-1.010757591575384140e-02
1.126141548156738281e+00
6.464659571647644043e-01
-1.355739682912826538e-01
-4.361233673989772797e-03
-6.908985972404479980e-01
-1.411013364791870117e+00
-1.049382209777832031e+00
-1.410777866840362549e-01
-2.640765011310577393e-01
1.445246040821075439e-01
1.554096043109893799e-01
-3.482420444488525391e-01
-9.701258689165115356e-02
2.813541293144226074e-01
-4.337134063243865967e-01
3.151649534702301025e-01
5.261710882186889648e-01
1.109773635864257812e+00
1.114827036857604980e+00
1.247856140136718750e+00
6.546998620033264160e-01
4.539581015706062317e-02
-2.109514176845550537e-01
-7.532293200492858887e-01
-7.188345193862915039e-01
-7.021273374557495117e-01
-3.956509232521057129e-01
3.409816324710845947e-01
1.171308398246765137e+00
3.714084625244140625e-01
-4.127737283706665039e-01
-1.096911653876304626e-01
7.802766561508178711e-02
-6.047664284706115723e-01
-4.701954126358032227e-02
3.947394788265228271e-01
-1.266799211502075195e+00
1.151981875300407410e-01
-2.581830918788909912e-01
3.600445985794067383e-01
2.338529527187347412e-01
4.461706578731536865e-01
5.558526515960693359e-01
7.616605162620544434e-01
2.249899804592132568e-01
-1.208617165684700012e-01
-5.826726928353309631e-02
-1.286035299301147461e+00
-3.300934731960296631e-01
-4.918171763420104980e-01
2.802174389362335205e-01
-1.030827760696411133e+00
-3.628976643085479736e-01
-2.551800012588500977e-01
-2.864061295986175537e-02
2.172577232122421265e-01
5.781753659248352051e-01
-5.287958383560180664e-01
-3.733687847852706909e-02
-6.932326555252075195e-01
5.365189313888549805e-01
-6.130192875862121582e-01
-3.639727085828781128e-02
4.804095923900604248e-01
8.874669075012207031e-01
-2.805783450603485107e-01
8.369247615337371826e-02
1.450919747352600098e+00
-6.251304745674133301e-01
1.254500031471252441e+00
1.062438368797302246e+00
1.310522317886352539e+00
9.418261051177978516e-01
-4.383611977100372314e-01
-7.445376515388488770e-01
-1.675929725170135498e-01
-9.561487436294555664e-01
-4.830638170242309570e-01
-2.139941453933715820e-01
-5.217658281326293945e-01
-1.283917427062988281e+00
2.567344009876251221e-01
-5.295382142066955566e-01
-1.609773635864257812e+00
5.503506660461425781e-01
-2.546340525150299072e-01
2.688560187816619873e-01
1.858483701944351196e-01
-6.545139551162719727e-01
-1.420368254184722900e-01
2.227067053318023682e-01
6.083937287330627441e-01
1.567437529563903809e+00
2.519059181213378906e-01
1.788899302482604980e-01
-6.100521087646484375e-01
6.690705418586730957e-01
-9.405274391174316406e-01
-1.373610496520996094e-01
-1.181327924132347107e-01
6.893116235733032227e-02
3.514098525047302246e-01
2.808482944965362549e-01
-5.864467620849609375e-01
7.123581767082214355e-01
3.106704168021678925e-02
-2.843417599797248840e-02
-2.782841026782989502e-01
3.124366104602813721e-01
-3.742915391921997070e-01
7.860191464424133301e-01
4.441849291324615479e-01
1.284252852201461792e-01
-5.144786462187767029e-02
-2.488993257284164429e-01
-2.408826053142547607e-01
4.094389081001281738e-02
1.799075603485107422e-01
4.577852189540863037e-01
-6.330342888832092285e-01
-1.022968739271163940e-01
2.953698933124542236e-01
-8.203215003013610840e-01
-9.818271547555923462e-02
-4.075493216514587402e-01
3.457638621330261230e-01
-4.523037746548652649e-02
4.177259504795074463e-01
-4.816741645336151123e-01
7.424994111061096191e-01
-1.129244640469551086e-02
1.045669466257095337e-01
1.285354852676391602e+00
-8.590844273567199707e-01
8.094100952148437500e-01
1.476716101169586182e-01
-4.594522118568420410e-01
-2.387385815382003784e-01
-1.036943495273590088e-01
2.366283386945724487e-01
8.994575738906860352e-01
-3.726579546928405762e-01
-5.348627567291259766e-01
-1.082507520914077759e-02
-1.044813394546508789e-01
3.254927694797515869e-01
6.130266785621643066e-01
1.403671652078628540e-01
1.494474112987518311e-01
9.644519090652465820e-01
3.516497611999511719e-01
6.797854304313659668e-01
-5.845358371734619141e-01
-2.363531887531280518e-01
3.200497031211853027e-01
1.502275764942169189e-01
-1.717714309692382812e+00
-3.652473092079162598e-01
-1.311617732048034668e+00
-4.470165967941284180e-01
5.471478700637817383e-01
8.372070640325546265e-02
-4.229510724544525146e-01
2.545066773891448975e-01
1.865156590938568115e-01
2.847830057144165039e-01
-1.350599378347396851e-01
1.345858871936798096e-01
-6.636964390054345131e-04
4.899895489215850830e-01
-5.852192044258117676e-01
-3.205802142620086670e-01
-1.640096753835678101e-01
4.709102213382720947e-01
4.769967794418334961e-01
7.373158931732177734e-01
-3.277633190155029297e-01
2.032105624675750732e-01
9.210952557623386383e-03
4.602611362934112549e-01
-2.021939009428024292e-01
7.736133038997650146e-02
6.524559855461120605e-02
-7.180275022983551025e-02
4.562512338161468506e-01
5.455815792083740234e-01
5.578427910804748535e-01
-8.881682753562927246e-01
-3.414025008678436279e-01
-4.711011946201324463e-01
-2.352182865142822266e-01
-5.763097405433654785e-01
-1.768801808357238770e-01
-2.057730853557586670e-01
1.451474279165267944e-01
2.633012533187866211e-01
-3.170989453792572021e-02
-1.833680570125579834e-01
1.781007945537567139e-01
-4.181366041302680969e-02
5.994735360145568848e-01
1.878034234046936035e+00
-6.019731983542442322e-02
-2.155521512031555176e-01
4.977523982524871826e-01
-1.084258407354354858e-01
3.163189589977264404e-01
1.056092604994773865e-01
1.063735723495483398e+00
-6.084108948707580566e-01
-4.265641868114471436e-01
-2.223463356494903564e-01
-3.139307498931884766e-01
4.109920859336853027e-01
-1.212124347686767578e+00
-3.457195162773132324e-01
-1.092838525772094727e+00
-4.852772355079650879e-01
2.072917222976684570e-01
6.785648465156555176e-01
6.644178628921508789e-01
5.012941956520080566e-01
2.857066094875335693e-01
4.739301204681396484e-01
6.070023030042648315e-02
-2.232699990272521973e-01
-2.324100136756896973e-01
-5.296092033386230469e-01
8.062448352575302124e-02
9.201266765594482422e-01
-3.654074072837829590e-01
-1.019889488816261292e-01
3.261104822158813477e-01
4.792124032974243164e-01
-4.197231233119964600e-01
9.497299790382385254e-01
-4.124776721000671387e-01
5.801979899406433105e-01
-3.972337581217288971e-03
4.221596121788024902e-01
-1.969738900661468506e-01
3.863853514194488525e-01
-5.363886952400207520e-01
-2.748342156410217285e-01
-4.965129792690277100e-01
-6.370755434036254883e-01
1.736004352569580078e-01
-7.761751413345336914e-01
-8.299929499626159668e-01
-2.953719198703765869e-01
-9.978644847869873047e-01
2.158312797546386719e-01
3.785433471202850342e-01
1.114660739898681641e+00
2.333070188760757446e-01
2.015177905559539795e-01
7.925205230712890625e-01
-2.808714509010314941e-01
-1.351599991321563721e-01
-1.538576483726501465e-01
1.253218889236450195e+00
7.677180767059326172e-01
1.849168986082077026e-01
-3.518565371632575989e-02
-9.830894470214843750e-01
-2.060277312994003296e-01
-1.325283348560333252e-01
-4.259545505046844482e-01
-1.685009598731994629e-01
-1.201206743717193604e-01
-6.326736807823181152e-01
-7.560049295425415039e-01
-1.377325952053070068e-01
-1.941217780113220215e-01
1.460902690887451172e-01
7.085126042366027832e-01
-8.833852410316467285e-02
4.584386646747589111e-01
5.845493674278259277e-01
2.166826874017715454e-01
4.272482171654701233e-02
4.834752082824707031e-01
-5.484874248504638672e-01
2.804338037967681885e-01
1.823760122060775757e-01
2.116410136222839355e-01
-5.775256156921386719e-01
8.377383649349212646e-02
3.962744176387786865e-01
7.790688425302505493e-02
1.005513191223144531e+00
-4.419702589511871338e-01
1.511278301477432251e-01
6.866930127143859863e-01
-1.197379589080810547e+00
-5.238307714462280273e-01
-4.979655146598815918e-01
-7.108269333839416504e-01
3.253434002399444580e-01
1.190933346748352051e+00
1.986465752124786377e-01
-4.856366813182830811e-01
4.121987223625183105e-01
2.095352560281753540e-01
-4.301471114158630371e-01
8.275968432426452637e-01
-8.229254484176635742e-01
1.178431391716003418e+00
9.437031298875808716e-02
2.182578086853027344e+00
-5.477267503738403320e-01
-9.443970918655395508e-01
-5.855807662010192871e-01
-1.018058657646179199e+00
4.881737232208251953e-01
1.521289534866809845e-02
-8.104090690612792969e-01
3.159578740596771240e-01
1.179261654615402222e-01
-8.178197145462036133e-01
-3.189156949520111084e-02
-2.866638898849487305e-01
-5.553950667381286621e-01
7.738729119300842285e-01
-3.274825215339660645e-01
-2.589870691299438477e-01
-4.839560985565185547e-01
-3.268387913703918457e-01
2.468373030424118042e-01
5.853850841522216797e-01
3.144437372684478760e-01
1.823640167713165283e-01
4.181632101535797119e-01
6.310613155364990234e-01
1.810250878334045410e-01
5.691786408424377441e-01
5.975861549377441406e-01
-3.436928689479827881e-01
-1.581644713878631592e-01
2.191903293132781982e-01
1.116072759032249451e-01
-1.135289430618286133e+00
-1.016834303736686707e-01
-1.529621928930282593e-01
2.518517673015594482e-01
-2.151739448308944702e-01
1.306112706661224365e-01
-4.593904614448547363e-01
7.115043699741363525e-02
3.533497452735900879e-01
2.749376893043518066e-01
7.361697554588317871e-01
5.475048720836639404e-02
-2.297734320163726807e-01
1.276651263236999512e+00
-4.023594260215759277e-01
-7.135009169578552246e-01
-2.397754788398742676e-01
3.437331318855285645e-01
-7.944262027740478516e-02
-9.113346934318542480e-01
-2.173568606376647949e-01
6.668072193861007690e-02
3.162299990653991699e-01
-1.561780571937561035e-01
2.431337088346481323e-01
2.747610211372375488e-01
5.139707326889038086e-01
-2.857870757579803467e-01
8.938071727752685547e-01
-1.395658310502767563e-02
-5.080897212028503418e-01
-1.090022206306457520e+00
-1.711941808462142944e-01
5.842565894126892090e-01
3.493279218673706055e-01
2.178015708923339844e-01
7.432560622692108154e-02
5.298454761505126953e-01
-1.724583357572555542e-01
-2.563273012638092041e-01
4.024167954921722412e-01
-2.953843176364898682e-01
-8.968268036842346191e-01
2.940827310085296631e-01
-5.980995893478393555e-01
4.840887486934661865e-01
1.114398360252380371e+00
2.091885209083557129e-01
-3.347002565860748291e-01
-5.378367900848388672e-01
1.760764569044113159e-01
-4.133187234401702881e-01
7.897326350212097168e-02
-2.260739058256149292e-01
-8.869218081235885620e-02
