3.595257401466369629e-01
2.427797913551330566e-01
3.141671121120452881e-01
9.472215920686721802e-02
-1.895053661428391933e-03
-1.021221205592155457e-01
3.484096750617027283e-02
-9.476739168167114258e-02
-5.276327133178710938e-01
-8.758146166801452637e-01
-6.406743824481964111e-02
-1.576348245143890381e-01
2.440435737371444702e-01
1.873449534177780151e-01
5.142208933830261230e-01
1.829587072134017944e-01
6.386256814002990723e-01
1.189024150371551514e-01
2.822504937648773193e-01
4.319358170032501221e-01
1.602823585271835327e-01
6.630641222000122070e-01
7.053306102752685547e-01
7.718523740768432617e-01
3.356393277645111084e-01
-7.190700173377990723e-01
-8.936275243759155273e-01
-4.231913387775421143e-01
-5.281762480735778809e-01
-4.708497524261474609e-01
4.245423376560211182e-01
3.912576735019683838e-01
3.192957341670989990e-01
-3.818391561508178711e-01
4.840104579925537109e-01
-4.316895082592964172e-02
2.591143548488616943e-01
2.212189286947250366e-01
-1.138454154133796692e-01
-5.507919192314147949e-01
-6.325209140777587891e-01
-8.437202572822570801e-01
4.438650906085968018e-01
-1.662589460611343384e-01
7.749325633049011230e-01
6.513609886169433594e-01
4.315430819988250732e-01
3.961585760116577148e-01
2.813353240489959717e-01
5.408395454287528992e-02
-4.282448589801788330e-01
6.503029912710189819e-02
-1.481730192899703979e-01
-3.575974106788635254e-01
6.283856034278869629e-01
4.823306798934936523e-01
1.519964575767517090e+00
2.420624494552612305e-01
-1.029098555445671082e-01
-2.974252700805664062e-01
-6.988582611083984375e-01
-3.890778720378875732e-01
-4.116946160793304443e-01
-6.914234757423400879e-01
-3.056900501251220703e-01
-6.760459542274475098e-01
2.211511582136154175e-01
5.437127351760864258e-01
7.305850982666015625e-01
1.383570790290832520e+00
-3.603637218475341797e-01
7.673611640930175781e-01
6.018011569976806641e-01
4.486804604530334473e-01
4.794640243053436279e-01
4.598773717880249023e-01
2.763665281236171722e-02
-3.522072732448577881e-01
-6.591681838035583496e-01
-3.975274264812469482e-01
4.198030754923820496e-02
-2.022256851196289062e-01
6.995177865028381348e-01
6.588290333747863770e-01
2.281306833028793335e-01
2.718196213245391846e-01
7.766966521739959717e-02
-2.325139343738555908e-01
1.013921573758125305e-01
-2.130458056926727295e-01
2.480477094650268555e-01
-8.331999927759170532e-02
-2.884683012962341309e-02
2.690699994564056396e-01
-5.568728446960449219e-01
6.495183706283569336e-01
-4.126246869564056396e-01
2.848361134529113770e-01
-3.154944479465484619e-01
3.678037524223327637e-01
6.940498203039169312e-02
4.267190583050251007e-03
-4.281228035688400269e-02
-9.168622642755508423e-02
-3.878679871559143066e-01
5.537397861480712891e-01
4.239149019122123718e-02
7.225527614355087280e-02
3.076252937316894531e-01
-1.026115298271179199e+00
2.240987569093704224e-01
-3.369182646274566650e-01
1.646213084459304810e-01
-1.124531403183937073e-01
-6.074813380837440491e-02
2.610855698585510254e-01
2.238679230213165283e-01
-1.015885360538959503e-02
8.921052813529968262e-01
3.328401148319244385e-01
-8.485556393861770630e-02
1.145013142377138138e-02
1.367857959121465683e-02
1.539691686630249023e-01
3.097796738147735596e-01
-3.768672645092010498e-01
-3.611270785331726074e-01
-3.899117112159729004e-01
-3.137779235839843750e-01
2.936934828758239746e-01
-3.071461617946624756e-01
7.466928958892822266e-01
3.577146232128143311e-01
7.131828665733337402e-01
6.703525781631469727e-01
2.524343132972717285e-01
3.023838102817535400e-01
-6.460886448621749878e-02
-3.084644973278045654e-01
-5.551801323890686035e-01
-8.629715442657470703e-01
-2.055736482143402100e-01
-4.387812018394470215e-01
-1.243385896086692810e-01
6.965784430503845215e-01
2.293569594621658325e-01
6.979200243949890137e-01
6.048248708248138428e-02
3.996775150299072266e-01
2.949240207672119141e-01
1.525830179452896118e-01
3.315753862261772156e-02
-1.561497300863265991e-01
-6.053022742271423340e-01
1.862535178661346436e-01
-2.300776094198226929e-01
-1.224839612841606140e-01
5.090735554695129395e-01
4.832726120948791504e-01
1.448437809944152832e+00
4.761426448822021484e-01
1.673461645841598511e-01
-5.643558502197265625e-01
-4.748161435127258301e-01
-7.390994429588317871e-01
-1.295775622129440308e-01
-5.030004382133483887e-01
-2.119011431932449341e-01
-7.940240949392318726e-02
-3.872917294502258301e-01
1.903565675020217896e-01
-1.162441000342369080e-01
5.421700477600097656e-01
2.980072200298309326e-01
4.957918524742126465e-01
1.493133664131164551e+00
3.979743123054504395e-01
4.749254882335662842e-01
-1.424789279699325562e-01
-2.463983837515115738e-03
-1.603462249040603638e-01
-2.975589632987976074e-01
-2.865344583988189697e-01
-4.319287240505218506e-01
-4.835370779037475586e-01
-5.396776199340820312e-01
5.431921780109405518e-02
-3.217213153839111328e-01
3.328323066234588623e-01
4.940662086009979248e-01
5.516810417175292969e-01
5.935887694358825684e-01
3.681536316871643066e-01
4.312567114830017090e-01
2.077429369091987610e-02
2.833806276321411133e-01
-3.764703571796417236e-01
-8.051373809576034546e-02
-4.608585238456726074e-01
-8.326933383941650391e-01
-1.022671982645988464e-01
2.891333401203155518e-01
6.194616854190826416e-02
-3.702243044972419739e-02
-1.570643037557601929e-01
-4.617185890674591064e-01
1.269181817770004272e-01
-3.780942410230636597e-02
3.735174536705017090e-01
5.282409191131591797e-01
7.716771960258483887e-01
4.529443681240081787e-01
-9.886349439620971680e-01
2.004218399524688721e-01
-1.257199496030807495e-01
6.507147550582885742e-01
4.162966907024383545e-01
4.551340937614440918e-01
1.236937642097473145e-01
2.892033159732818604e-01
2.515277862548828125e-01
4.001474380493164062e-01
1.975465267896652222e-01
2.278924286365509033e-01
-3.696976006031036377e-01
-4.668477922677993774e-02
8.848842978477478027e-02
-1.500394940376281738e-02
-2.996571958065032959e-01
-2.722623646259307861e-01
-5.908643603324890137e-01
-8.189784884452819824e-01
-1.171957030892372131e-01
-4.511751532554626465e-01
2.730619907379150391e-01
6.860703229904174805e-02
8.835609257221221924e-02
4.692581892013549805e-01
1.172429323196411133e+00
-4.138341844081878662e-01
1.301389098167419434e+00
1.091102138161659241e-01
6.211164593696594238e-01
2.409913092851638794e-01
3.344839811325073242e-02
-1.205678731203079224e-01
3.841272592544555664e-01
-3.702916437759995461e-03
1.610272824764251709e-01
2.285286039113998413e-01
1.170286536216735840e-02
3.656146228313446045e-01
2.937281131744384766e-01
3.022836446762084961e-01
1.303805969655513763e-02
1.296445727348327637e-01
3.178570568561553955e-01
9.199798107147216797e-02
1.170990541577339172e-01
-3.419907987117767334e-01
-2.786227464675903320e-01
1.427906453609466553e-01
-2.089483439922332764e-01
5.674232244491577148e-01
-1.635542660951614380e-01
1.152921319007873535e+00
-2.545285224914550781e-01
2.672559022903442383e-01
1.415625512599945068e-01
4.955555498600006104e-02
2.587393298745155334e-02
-3.961891531944274902e-01
8.273570239543914795e-02
-2.553363740444183350e-01
-2.991446852684020996e-01
-4.880759418010711670e-01
-4.221774637699127197e-01
-1.740035116672515869e-01
-2.397166565060615540e-02
7.119241952896118164e-01
1.177787423133850098e+00
-4.711070656776428223e-01
9.256977438926696777e-01
4.564275592565536499e-02
3.087148070335388184e-01
-5.778260529041290283e-02
-4.647805690765380859e-01
-5.753994584083557129e-01
5.466369912028312683e-02
-9.492512792348861694e-02
7.027846761047840118e-03
3.487279415130615234e-01
1.883933395147323608e-01
-4.914039000868797302e-02
7.112955451011657715e-01
4.015902578830718994e-01
4.748093187808990479e-01
-2.992728538811206818e-02
-7.083225250244140625e-02
-2.180947456508874893e-03
1.657365560531616211e-01
1.417814493179321289e-01
-1.662297360599040985e-02
-2.450385093688964844e-01
-2.411506325006484985e-01
-3.169047534465789795e-01
-5.544136762619018555e-01
3.165152668952941895e-01
-1.853511035442352295e-01
-6.157469153404235840e-01
6.713691353797912598e-01
3.963198959827423096e-01
6.402559280395507812e-01
-1.709481775760650635e-01
5.307902097702026367e-01
4.342043995857238770e-01
4.845259189605712891e-01
4.969428479671478271e-01
6.149325370788574219e-01
-6.652557253837585449e-01
-1.338064819574356079e-01
4.039094969630241394e-02
1.106130052357912064e-02
-7.158159613609313965e-01
6.229807138442993164e-01
1.258780360221862793e-01
3.003024458885192871e-01
1.530287981033325195e+00
6.855922937393188477e-01
1.864782720804214478e-01
1.677842736244201660e-01
-3.233974575996398926e-01
-3.143368363380432129e-01
-4.018823802471160889e-01
-1.409138739109039307e-01
-2.146367132663726807e-01
-4.276570677757263184e-01
1.251278966665267944e-01
1.434438023716211319e-02
-6.008402109146118164e-01
8.058680295944213867e-01
2.934203445911407471e-01
6.191356778144836426e-01
5.918898582458496094e-01
4.855439364910125732e-01
5.394243597984313965e-01
-3.894590772688388824e-03
-3.613149821758270264e-01
-3.372305929660797119e-01
-8.520950675010681152e-01
-3.601669669151306152e-01
-1.144538968801498413e-01
2.645693421363830566e-01
-6.843547224998474121e-01
8.583362698554992676e-01
-3.536217212677001953e-01
1.082017779350280762e+00
5.287916064262390137e-01
-3.531051874160766602e-01
4.923164248466491699e-01
-1.616287529468536377e-01
-2.674716711044311523e-01
-2.624963223934173584e-01
-1.396705061197280884e-01
-1.221548318862915039e-01
-3.524930477142333984e-01
2.152604311704635620e-01
-1.087539363652467728e-03
-1.658081412315368652e-01
1.224828839302062988e+00
5.962486267089843750e-01
1.112002372741699219e+00
3.763535916805267334e-01
-9.165929257869720459e-02
-5.037019252777099609e-01
-8.601275086402893066e-01
1.281326543539762497e-02
-2.932480573654174805e-01
6.225168704986572266e-02
-3.766914010047912598e-01
-2.990380525588989258e-01
-5.749374628067016602e-01
7.920916378498077393e-02
3.528624773025512695e-03
2.821421027183532715e-01
4.298278391361236572e-01
4.488794803619384766e-01
2.535892724990844727e-01
2.129523605108261108e-01
1.715546101331710815e-01
2.370547950267791748e-01
-6.517507880926132202e-02
-1.868472434580326080e-03
-4.693930745124816895e-01
1.729396134614944458e-01
-4.459616839885711670e-01
5.082055926322937012e-01
-2.058197930455207825e-02
5.907143354415893555e-01
-4.430865645408630371e-01
3.839858472347259521e-01
4.544224217534065247e-02
5.282610654830932617e-01
-3.256698325276374817e-02
3.556733727455139160e-01
-4.075986146926879883e-02
-3.635652661323547363e-01
-4.395737871527671814e-02
-3.388307094573974609e-01
2.945545911788940430e-01
3.237247765064239502e-01
1.790052652359008789e-01
2.080913335084915161e-01
2.595637440681457520e-01
5.015099048614501953e-01
3.264588713645935059e-01
2.193379700183868408e-01
-2.676868438720703125e-01
-3.818204402923583984e-01
3.762594982981681824e-02
-5.531036481261253357e-02
2.307953685522079468e-01
2.430999726057052612e-01
-1.998288035392761230e-01
2.996443212032318115e-01
-2.232144027948379517e-01
3.005232512950897217e-01
-2.628403604030609131e-01
-3.430561423301696777e-01
-2.185708135366439819e-01
-1.257612109184265137e-01
-2.958346605300903320e-01
2.525158524513244629e-01
1.320220343768596649e-02
4.935828745365142822e-01
5.674995779991149902e-01
2.358054518699645996e-01
-2.168770879507064819e-02
3.852323293685913086e-01
2.226471751928329468e-01
4.537936151027679443e-01
-5.637736916542053223e-01
-3.029416203498840332e-01
-6.350601315498352051e-01
-1.490575522184371948e-01
3.554872702807188034e-03
2.471120655536651611e-01
-1.400808691978454590e-01
8.953092694282531738e-01
6.866642236709594727e-01
4.192575812339782715e-01
3.120641410350799561e-01
5.835770368576049805e-01
-8.574003726243972778e-02
-2.664777338504791260e-01
-4.161340892314910889e-01
-6.768639087677001953e-01
-8.709622025489807129e-01
-4.507623314857482910e-01
-5.779918283224105835e-02
-4.864000380039215088e-01
9.328263401985168457e-01
5.988596081733703613e-01
7.575394511222839355e-01
5.837457180023193359e-01
4.358643591403961182e-01
-4.355259984731674194e-02
-1.726770251989364624e-01
-2.871109247207641602e-01
-6.755765676498413086e-01
-1.618952900171279907e-01
-7.445811480283737183e-02
-4.161120653152465820e-01
4.194151163101196289e-01
6.829099059104919434e-01
7.105296254158020020e-01
4.348761141300201416e-01
-1.188420690596103668e-02
-1.799313724040985107e-01
-2.767503261566162109e-01
-6.710011959075927734e-01
-7.795100808143615723e-01
3.779196366667747498e-02
-7.984457165002822876e-02
-5.589996650815010071e-02
3.032030463218688965e-01
4.313289225101470947e-01
-1.017501950263977051e-01
-1.776481419801712036e-01
1.571174860000610352e-01
2.672996819019317627e-01
3.859567642211914062e-01
-9.723412990570068359e-02
-1.374516189098358154e-01
-5.584189295768737793e-01
2.603828907012939453e-03
-1.803363114595413208e-01
3.052778244018554688e-01
2.589489817619323730e-01
3.413317203521728516e-01
2.975839078426361084e-01
9.356718063354492188e-01
1.011382699012756348e+00
9.376125335693359375e-01
-2.706812918186187744e-01
-1.108782291412353516e-01
-4.876007139682769775e-01
-4.053220748901367188e-01
-2.917381227016448975e-01
-5.673305392265319824e-01
-5.023632049560546875e-01
-7.123596072196960449e-01
-4.468573033809661865e-01
