9.495282173156738281e-01
-4.418270885944366455e-01
2.457452565431594849e-01
-2.902058660984039307e-01
1.723928600549697876e-01
-4.000242054462432861e-01
2.983878850936889648e-01
2.991496026515960693e-01
2.688376903533935547e-01
1.480334252119064331e-02
7.820893526077270508e-01
2.134376913309097290e-01
2.799368500709533691e-01
-1.684646904468536377e-01
1.206176429986953735e-01
-7.895637750625610352e-01
-2.549953460693359375e-01
-5.864208936691284180e-01
-2.787154614925384521e-01
3.153743967413902283e-02
5.822379589080810547e-01
-2.275692224502563477e-01
9.257560372352600098e-01
1.143479228019714355e+00
1.186114430427551270e+00
-1.099465489387512207e+00
-6.092484593391418457e-01
-2.154739201068878174e-01
-7.683923840522766113e-01
-4.371124505996704102e-01
-7.044538855552673340e-01
-4.761682450771331787e-01
-3.804804086685180664e-01
-7.158165574073791504e-01
-6.240963935852050781e-01
-2.476803362369537354e-01
-6.572148799896240234e-01
4.424058198928833008e-01
-5.187858343124389648e-01
2.726607918739318848e-01
2.245438396930694580e-01
2.208406031131744385e-01
2.050680965185165405e-01
8.691811561584472656e-01
6.029672622680664062e-01
1.236843109130859375e+00
-5.206162333488464355e-01
4.474211335182189941e-01
5.256535410881042480e-01
-7.823429107666015625e-01
-8.582172989845275879e-01
2.662598788738250732e-01
9.815193712711334229e-02
-2.670044302940368652e-01
-3.188472986221313477e-01
-6.104423999786376953e-01
-1.601084321737289429e-01
-8.796718120574951172e-01
-2.817556858062744141e-01
-6.133167743682861328e-01
9.201724529266357422e-01
4.664370715618133545e-01
1.672890186309814453e-01
-8.352325111627578735e-02
2.684188783168792725e-01
-4.717264771461486816e-01
4.887127876281738281e-01
1.550223827362060547e-01
-1.019099205732345581e-01
1.603307873010635376e-01
2.175292670726776123e-01
5.554890632629394531e-01
2.045347392559051514e-01
5.604868531227111816e-01
-4.233374297618865967e-01
-2.536815032362937927e-02
-8.248535543680191040e-02
-3.346182107925415039e-01
-7.184374332427978516e-01
-1.640301108360290527e+00
-3.145573139190673828e-01
-4.481454491615295410e-01
1.048237830400466919e-02
7.550027966499328613e-02
1.640964031219482422e+00
-3.176701962947845459e-01
7.222961783409118652e-01
2.005111575126647949e-01
-1.472107172012329102e-01
4.468949884176254272e-02
3.300485312938690186e-01
-3.135771751403808594e-01
-8.886340260505676270e-01
-4.802709817886352539e-01
-1.032297492027282715e+00
-4.862008690834045410e-01
-8.279016017913818359e-01
-6.982639431953430176e-02
7.454534620046615601e-02
9.099747538566589355e-01
5.324556231498718262e-01
1.221575736999511719e-01
-9.458579868078231812e-02
3.298321366310119629e-01
7.673013210296630859e-02
5.499561429023742676e-01
3.467736542224884033e-01
1.148379407823085785e-02
-1.626320928335189819e-01
2.522575855255126953e-01
1.173767074942588806e-01
6.990954279899597168e-02
-2.813488841056823730e-01
-6.294836997985839844e-01
1.069402694702148438e+00
-9.748170524835586548e-02
7.136572003364562988e-01
1.269202083349227905e-01
-2.839438319206237793e-01
7.795701622962951660e-01
4.237949103116989136e-02
-4.865404069423675537e-01
-5.815497040748596191e-01
-1.295143961906433105e-01
-1.955364942550659180e-01
-7.318981289863586426e-01
-8.628623187541961670e-02
-1.500133126974105835e-01
-6.261543370783329010e-03
9.062856435775756836e-02
1.182083711028099060e-01
-2.118248194456100464e-01
1.029928550124168396e-01
-1.434853374958038330e-01
2.699576318264007568e-01
9.806592762470245361e-02
6.810656189918518066e-02
3.794947173446416855e-03
-6.530466079711914062e-01
6.844188272953033447e-02
-4.412504732608795166e-01
-5.943526700139045715e-02
4.215960204601287842e-01
2.543226182460784912e-01
4.545531868934631348e-01
-3.652403056621551514e-01
-3.054638504981994629e-01
3.834711313247680664e-01
1.235157027840614319e-01
-9.305655211210250854e-02
-3.197626676410436630e-03
-1.934805959463119507e-01
-3.674039840698242188e-01
-4.124659895896911621e-01
-2.436032146215438843e-01
2.393950819969177246e-01
1.010056361556053162e-01
1.126029968261718750e+00
-7.933739572763442993e-02
2.275316864252090454e-01
2.594350576400756836e-01
2.364467270672321320e-02
-2.919853627681732178e-01
7.160856574773788452e-02
-1.406422257423400879e-01
-4.545150399208068848e-01
-5.486273765563964844e-01
-2.676391601562500000e-01
5.323840975761413574e-01
3.604760468006134033e-01
9.527286291122436523e-01
-6.846537590026855469e-01
-1.968848854303359985e-01
1.093993306159973145e+00
7.062525302171707153e-02
4.737840890884399414e-01
-1.034837007522583008e+00
1.586864441633224487e-01
-5.961602926254272461e-01
-5.194504559040069580e-02
-5.454648137092590332e-01
-2.990341782569885254e-01
-9.428967535495758057e-02
-3.303806185722351074e-01
-2.755991742014884949e-02
-1.546252220869064331e-01
2.445248365402221680e-01
-3.011392354965209961e-01
9.019541144371032715e-01
-1.054912656545639038e-01
2.115740478038787842e-01
2.808289527893066406e-01
1.126076698303222656e+00
-5.617056041955947876e-02
7.080648541450500488e-01
-3.652530014514923096e-01
5.358105152845382690e-02
-2.699817717075347900e-01
-2.635596096515655518e-01
-4.099484384059906006e-01
-8.506494164466857910e-01
-7.732044160366058350e-02
4.430318623781204224e-02
-8.343816399574279785e-01
9.438316822052001953e-01
5.148586630821228027e-02
1.320007443428039551e+00
1.115937456488609314e-01
-2.842134833335876465e-01
1.006033346056938171e-01
-9.193670749664306641e-02
-8.400658965110778809e-01
-1.791025996208190918e-01
9.498187899589538574e-02
4.551481828093528748e-02
1.051576435565948486e-01
2.232169657945632935e-01
-9.513062834739685059e-01
3.203493952751159668e-01
8.918146491050720215e-01
-3.423467874526977539e-01
-6.409888267517089844e-01
-2.734816670417785645e-01
-4.559463560581207275e-01
3.100598044693470001e-02
1.069595664739608765e-01
6.656606793403625488e-01
8.649174571037292480e-01
-6.942980885505676270e-01
1.597487330436706543e-01
-2.294546514749526978e-01
-4.801630973815917969e-01
3.325016470625996590e-03
1.156598925590515137e-01
2.456585913896560669e-01
-5.483953356742858887e-01
5.543010681867599487e-02
1.690729409456253052e-01
4.548333585262298584e-01
-2.363103181123733521e-01
5.838398337364196777e-01
1.273302435874938965e-01
2.005374282598495483e-01
6.720509380102157593e-02
-1.155351042747497559e+00
-2.023663282394409180e+00
5.653566718101501465e-01
8.989111334085464478e-02
6.274420022964477539e-01
5.504937767982482910e-01
-4.301967024803161621e-01
8.602478504180908203e-01
-1.291009187698364258e+00
-9.959555864334106445e-01
-1.653112411499023438e+00
-8.074669241905212402e-01
-4.905085861682891846e-01
-5.529619455337524414e-01
-2.565410733222961426e-02
-5.091216564178466797e-01
-5.314129590988159180e-01
-6.995297670364379883e-01
-7.112433910369873047e-01
-3.221024274826049805e-01
-1.367499530315399170e-01
9.362501651048660278e-02
1.875569075345993042e-01
5.773585289716720581e-02
4.792179763317108154e-01
1.563682109117507935e-01
4.928348660469055176e-01
2.650498449802398682e-01
2.618402242660522461e-01
2.068767994642257690e-01
4.444218277931213379e-01
2.319410443305969238e-01
3.688672780990600586e-01
5.533695220947265625e-01
2.921785414218902588e-01
-5.296983122825622559e-01
-5.944925546646118164e-01
-1.353809237480163574e-01
3.085246495902538300e-02
3.243641257286071777e-01
-1.171082165092229843e-02
4.699005484580993652e-01
3.431026041507720947e-01
1.001674056053161621e+00
4.560337066650390625e-01
8.558906614780426025e-02
-3.630851507186889648e-01
-5.445020198822021484e-01
-7.351016402244567871e-01
-5.296270251274108887e-01
-6.224402785301208496e-01
-8.316848874092102051e-01
-8.387532830238342285e-01
4.906457364559173584e-01
-3.164016902446746826e-01
3.339186906814575195e-01
-4.579178094863891602e-01
-6.030297279357910156e-01
-6.813701987266540527e-01
-1.038827300071716309e-01
5.704031586647033691e-01
9.935333132743835449e-01
8.391947746276855469e-01
5.002113580703735352e-01
-3.948630690574645996e-01
-3.299793004989624023e-01
-3.882784545421600342e-01
2.040645331144332886e-01
-2.968368493020534515e-02
-1.648585945367813110e-01
-1.106374621391296387e+00
4.768522381782531738e-01
-6.317981481552124023e-01
-4.500881135463714600e-01
-1.930870860815048218e-01
5.132699012756347656e-01
3.875828385353088379e-01
9.326748251914978027e-01
-5.436391234397888184e-01
1.554922014474868774e-01
-8.976593613624572754e-01
-2.298683859407901764e-02
-4.931286573410034180e-01
-4.945832788944244385e-01
-4.814660549163818359e-01
-4.849648848176002502e-02
-1.322382390499114990e-01
4.201271831989288330e-01
2.736777067184448242e-01
3.927189707756042480e-01
1.876239776611328125e-01
-7.673931121826171875e-02
-6.015345454216003418e-01
8.691053837537765503e-02
-3.885662555694580078e-01
2.170647829771041870e-01
-8.371814489364624023e-01
-1.826179921627044678e-01
3.011168241500854492e-01
1.783516108989715576e-01
-2.360364496707916260e-01
3.501632213592529297e-01
-4.844530224800109863e-01
-5.447345376014709473e-01
-1.580842137336730957e-01
-1.028016805648803711e-01
2.615412473678588867e-01
1.022590175271034241e-01
2.788944244384765625e-01
1.106316670775413513e-01
5.559097230434417725e-02
1.593926101922988892e-01
9.606184810400009155e-02
1.120924502611160278e-01
2.678269743919372559e-01
4.749292731285095215e-01
6.153550744056701660e-01
-4.549711346626281738e-01
8.278046250343322754e-01
1.818247586488723755e-01
6.193056702613830566e-01
1.093152314424514771e-01
1.831806004047393799e-01
-1.454566359519958496e+00
-1.674061775207519531e+00
-6.041938662528991699e-01
8.545156121253967285e-01
-4.166477024555206299e-01
-3.521443605422973633e-01
-2.211393415927886963e-02
-6.455570459365844727e-01
3.669913113117218018e-01
2.282184362411499023e-01
2.347007840871810913e-01
2.273681461811065674e-01
3.474846184253692627e-01
1.209164038300514221e-01
9.477327466011047363e-01
1.116348624229431152e+00
7.531139850616455078e-01
-4.382066726684570312e-01
2.708063125610351562e-01
-1.815105676651000977e+00
-6.768596172332763672e-01
-1.350005269050598145e-01
-2.944284379482269287e-01
1.301088929176330566e-01
1.256293207406997681e-01
4.907497763633728027e-01
4.720067977905273438e-02
6.420912742614746094e-01
4.084116220474243164e-01
-1.828954517841339111e-01
3.709310293197631836e-01
-4.216560721397399902e-01
-4.457163810729980469e-01
-5.246140360832214355e-01
5.106481909751892090e-01
-3.687192499637603760e-01
-3.207498416304588318e-02
-2.468778938055038452e-01
4.502384364604949951e-02
-1.840580254793167114e-01
-9.083153605461120605e-01
-1.117511510848999023e+00
-7.069822549819946289e-01
-6.118248030543327332e-02
-1.094179693609476089e-02
-4.842473566532135010e-01
7.511256635189056396e-02
-5.629488229751586914e-01
6.239197850227355957e-01
-6.664716601371765137e-01
-2.420065999031066895e-01
-4.582609236240386963e-01
-2.026634067296981812e-01
-3.483646810054779053e-01
3.316504359245300293e-01
-7.805059105157852173e-02
1.488057374954223633e+00
9.645872116088867188e-01
-5.592551827430725098e-02
9.245335459709167480e-01
2.210993319749832153e-01
-1.262054324150085449e+00
-3.874067664146423340e-01
-6.086416840553283691e-01
7.364413142204284668e-01
7.566893100738525391e-01
3.817835748195648193e-01
2.884166538715362549e-01
5.704115033149719238e-01
-5.897294282913208008e-01
4.539605081081390381e-01
-7.257255911827087402e-01
-5.946364998817443848e-01
-2.149544060230255127e-01
-7.186733484268188477e-01
-7.545268535614013672e-01
-4.149172604084014893e-01
-5.512979626655578613e-01
-8.029203116893768311e-02
-4.406829178333282471e-01
8.518292754888534546e-02
1.179621219635009766e-01
-5.928367376327514648e-01
1.122892618179321289e+00
1.057285547256469727e+00
5.195953249931335449e-01
6.343119591474533081e-02
7.066085934638977051e-01
9.560419917106628418e-01
7.019767165184020996e-01
-4.566732943058013916e-01
3.780107200145721436e-01
-1.701128035783767700e-01
-1.043543934822082520e+00
-6.654514670372009277e-01
-3.012105524539947510e-01
-3.925051987171173096e-01
-4.878573715686798096e-01
-8.201740384101867676e-01
-4.404466152191162109e-01
-1.470565944910049438e-01
1.419686526060104370e-01
-7.811168581247329712e-02
3.770946860313415527e-01
8.025061488151550293e-01
-1.564526110887527466e-01
1.039462089538574219e+00
3.028469085693359375e-01
-7.290946841239929199e-01
-5.446479320526123047e-01
-6.384240388870239258e-01
2.703983783721923828e-01
2.198137193918228149e-01
3.420321345329284668e-01
9.910276532173156738e-02
1.184687763452529907e-01
1.786921918392181396e-01
1.534640789031982422e-01
2.450582385063171387e-01
5.380039215087890625e-01
-6.365711241960525513e-02
-2.506041824817657471e-01
-2.727330923080444336e-01
2.144726365804672241e-01
2.181137502193450928e-01
-7.115877866744995117e-01
-1.759566366672515869e-01
-5.900463461875915527e-01
-3.017859533429145813e-02
5.296492576599121094e-02
1.672021001577377319e-01
3.439272046089172363e-01
-7.329811155796051025e-02
7.910633087158203125e-02
4.119656383991241455e-01
-1.070440839976072311e-02
-2.309823185205459595e-01
-8.625758290290832520e-01
-1.985850930213928223e-01
3.068498671054840088e-01
1.088499501347541809e-01
2.164486646652221680e-01
-1.624642759561538696e-01
-1.097445935010910034e-01
3.001882508397102356e-02
4.309845343232154846e-02
