1.150537747889757156e-02
-2.773485481739044189e-01
2.479122951626777649e-02
-2.647319436073303223e-01
1.084977611899375916e-01
4.094339311122894287e-01
9.506939351558685303e-02
1.759399771690368652e-01
4.090085029602050781e-01
8.592293262481689453e-01
-6.823011040687561035e-01
2.827633321285247803e-01
-8.136160969734191895e-01
-3.409237265586853027e-01
-5.616086721420288086e-01
-3.094010353088378906e-01
-2.462160140275955200e-01
-9.870439022779464722e-02
1.936721354722976685e-01
2.973752319812774658e-01
-3.768372349441051483e-03
1.797104440629482269e-02
-1.217145025730133057e-01
4.616073369979858398e-01
4.058469831943511963e-01
7.489625811576843262e-01
-3.874022662639617920e-01
-2.918682396411895752e-01
-4.936935901641845703e-01
-5.328560471534729004e-01
-7.605228424072265625e-01
-1.358292222023010254e+00
-1.593141794204711914e+00
4.877526313066482544e-02
-6.602338701486587524e-02
6.273046731948852539e-01
6.326227784156799316e-01
5.719046592712402344e-01
4.422155022621154785e-01
3.309774994850158691e-01
-3.971540369093418121e-03
2.962777316570281982e-01
-2.308349460363388062e-01
2.810275256633758545e-01
4.205698966979980469e-01
4.676166772842407227e-01
-1.705955117940902710e-01
-3.117557466030120850e-01
-9.395136237144470215e-01
-5.281167626380920410e-01
-9.560279846191406250e-01
-2.952184081077575684e-01
-1.302480250597000122e-01
2.495393007993698120e-01
-1.740341782569885254e-01
3.430213034152984619e-01
-6.504467725753784180e-01
5.533996820449829102e-01
1.217257753014564514e-01
3.611313104629516602e-01
7.414388060569763184e-01
2.943766415119171143e-01
-2.639338374137878418e-01
-1.278958171606063843e-01
-7.628002762794494629e-01
-4.737899452447891235e-02
-4.968951046466827393e-01
-7.274248003959655762e-01
-6.867297291755676270e-01
-5.448376536369323730e-01
-2.313140183687210083e-01
2.466999590396881104e-01
-5.963888019323348999e-02
3.003351688385009766e-01
5.822298526763916016e-01
3.261468410491943359e-01
7.759755849838256836e-01
-2.601200938224792480e-01
2.011917233467102051e-01
1.513865441083908081e-01
-5.378961190581321716e-02
5.200588107109069824e-01
-1.922257840633392334e-01
-6.741309911012649536e-02
-3.784457445144653320e-01
-3.823643326759338379e-01
-5.091813392937183380e-03
-2.340442314743995667e-02
-1.132722869515419006e-01
-3.997709751129150391e-01
-4.359204769134521484e-01
-5.768454074859619141e-01
2.849199175834655762e-01
-5.633490085601806641e-01
-1.938319802284240723e-01
4.751421511173248291e-02
1.145810037851333618e-01
5.470721721649169922e-01
6.770117282867431641e-01
2.318364679813385010e-01
3.166179955005645752e-01
3.459860086441040039e-01
-2.758737094700336456e-02
-9.581975340843200684e-01
-7.712813019752502441e-01
-3.361874818801879883e-01
-8.840632438659667969e-02
6.948027014732360840e-01
-2.358840554952621460e-01
-3.946815133094787598e-01
-6.999083161354064941e-01
-2.928006947040557861e-01
-6.169307045638561249e-03
5.062029957771301270e-01
6.362797021865844727e-01
1.178311228752136230e+00
-4.015554785728454590e-01
-1.791623830795288086e-01
2.829939723014831543e-01
9.978085756301879883e-02
1.885878741741180420e-01
9.148577451705932617e-01
6.293469667434692383e-01
9.805826544761657715e-01
3.882700502872467041e-01
8.687997609376907349e-02
-2.862921357154846191e-01
-4.829618930816650391e-01
-1.212374448776245117e+00
-7.600800395011901855e-01
-1.163359880447387695e+00
-5.545333623886108398e-01
-5.803464651107788086e-01
-1.235829964280128479e-01
-1.330093592405319214e-01
4.376582205295562744e-01
-1.888803988695144653e-01
-3.468864783644676208e-02
-3.930695056915283203e-01
-1.824031025171279907e-01
2.994543612003326416e-01
-5.311288405209779739e-03
1.867794394493103027e-01
-3.318014740943908691e-01
-4.592397809028625488e-01
1.753086149692535400e-01
4.567882716655731201e-01
2.366064488887786865e-01
1.975567191839218140e-01
2.982735335826873779e-01
3.787651360034942627e-01
1.126986816525459290e-01
-3.170300722122192383e-01
7.291316390037536621e-01
-4.014792144298553467e-01
1.372227668762207031e-01
-1.035373091697692871e+00
-7.366054654121398926e-01
-6.064860224723815918e-01
-8.817560076713562012e-01
-7.443033456802368164e-01
-6.507145166397094727e-01
6.827229261398315430e-01
5.485683083534240723e-01
8.857337236404418945e-01
6.298615783452987671e-02
8.241124153137207031e-01
1.379063129425048828e-01
7.703723907470703125e-01
-4.944238066673278809e-02
3.987372517585754395e-01
-2.020154297351837158e-01
2.975628376007080078e-01
-4.045583605766296387e-01
4.533769786357879639e-01
-5.690381526947021484e-01
2.835338711738586426e-01
-8.985089659690856934e-01
-1.538699679076671600e-02
-7.283151745796203613e-01
-3.148749843239784241e-02
-1.716412454843521118e-01
-3.062916398048400879e-01
-6.898050308227539062e-01
-1.503107905387878418e+00
1.058328300714492798e-01
-1.901130676269531250e+00
-6.327180862426757812e-01
-1.223372742533683777e-01
-6.545374542474746704e-02
-4.755827784538269043e-01
3.305974602699279785e-01
-1.222176253795623779e-01
6.396578550338745117e-01
1.271545737981796265e-01
6.192693114280700684e-01
5.382595658302307129e-01
6.661158204078674316e-01
1.743693351745605469e-01
3.291811347007751465e-01
1.707727164030075073e-01
-6.294999122619628906e-01
4.588109552860260010e-01
-5.629809573292732239e-02
1.981720775365829468e-01
-2.353686839342117310e-02
2.156306989490985870e-03
-4.228820204734802246e-01
-8.640697002410888672e-01
-6.186056137084960938e-01
-1.875219400972127914e-03
-2.828923165798187256e-01
1.776717156171798706e-01
1.082124263048171997e-01
5.967301130294799805e-01
-4.289847239851951599e-02
2.922286093235015869e-01
-2.939817011356353760e-01
2.722962200641632080e-01
-1.841370910406112671e-01
3.614137172698974609e-01
-6.223138570785522461e-01
-2.264769822359085083e-01
-3.028747737407684326e-01
1.314031053334474564e-02
-5.068737268447875977e-02
-5.149429291486740112e-02
-7.902691960334777832e-01
-4.486090540885925293e-01
-1.401119381189346313e-01
-1.656329482793807983e-01
-4.000145494937896729e-01
-1.266721785068511963e-01
-4.720791578292846680e-01
-1.156226843595504761e-01
-2.310932874679565430e-01
6.472640037536621094e-01
1.603547781705856323e-01
7.175700068473815918e-01
8.162076473236083984e-01
2.127745747566223145e-01
4.441805183887481689e-01
-2.258206158876419067e-01
-7.043935358524322510e-02
-3.916499912738800049e-01
-2.859446108341217041e-01
-8.293077349662780762e-01
-7.563822865486145020e-01
-5.901962518692016602e-01
-5.768076777458190918e-01
2.032736837863922119e-01
-5.112307667732238770e-01
4.226411581039428711e-01
-2.600293755531311035e-01
-3.696550428867340088e-02
8.583842776715755463e-03
6.277420371770858765e-02
5.581923574209213257e-02
6.766466498374938965e-01
-6.855662912130355835e-02
-5.902475118637084961e-01
-3.900198042392730713e-01
-7.543213963508605957e-01
-3.922968208789825439e-01
-7.851295918226242065e-02
-2.841146290302276611e-01
-3.894021213054656982e-01
2.969504594802856445e-01
-2.338988035917282104e-01
6.718021631240844727e-01
2.923430204391479492e-01
5.827135220170021057e-02
2.564286887645721436e-01
7.039997577667236328e-01
-2.427868694067001343e-01
3.401729464530944824e-01
-9.633507132530212402e-01
-1.837642788887023926e-01
-4.617630541324615479e-01
8.016963303089141846e-02
-3.292272388935089111e-01
4.054540395736694336e-02
-2.131597101688385010e-01
-9.599646925926208496e-02
6.957206130027770996e-02
2.597633302211761475e-01
4.437061492353677750e-03
8.421524763107299805e-01
6.845673918724060059e-02
-1.229185760021209717e-01
-5.146750807762145996e-01
-9.642720967531204224e-02
-4.024561047554016113e-01
9.531681239604949951e-02
-3.286122158169746399e-02
-3.224113881587982178e-01
-2.748172879219055176e-01
1.020696945488452911e-04
-8.690947294235229492e-02
-3.636735677719116211e-01
3.842378854751586914e-01
-5.513414740562438965e-02
4.906043112277984619e-01
3.949069976806640625e-02
4.827181696891784668e-01
7.494934648275375366e-02
1.335701495409011841e-01
2.000504285097122192e-01
-6.472422182559967041e-02
-2.296645492315292358e-01
2.370193600654602051e-01
-3.733130916953086853e-02
-3.060670495033264160e-01
-1.888623684644699097e-01
-2.496992647647857666e-01
-5.477712154388427734e-01
-1.262703537940979004e+00
-1.021972894668579102e+00
-8.736974000930786133e-01
1.380473673343658447e-01
-3.950294852256774902e-02
-3.278768658638000488e-01
3.986302912235260010e-01
-8.061395287513732910e-01
-6.739832758903503418e-01
-2.333250194787979126e-01
5.790372490882873535e-01
4.784011840820312500e-01
6.771450638771057129e-01
6.975985765457153320e-01
6.699682474136352539e-01
1.106461405754089355e+00
6.587087512016296387e-01
4.817462563514709473e-01
2.925176732242107391e-02
-6.336728930473327637e-01
-1.042861938476562500e+00
-1.124273538589477539e+00
-3.804794549942016602e-01
-2.769906818866729736e-01
-2.397814095020294189e-01
1.219032555818557739e-01
9.227973408997058868e-03
9.519113600254058838e-02
2.601550817489624023e-01
-2.194713205099105835e-01
-2.932861447334289551e-01
5.052206516265869141e-01
-3.691482245922088623e-01
4.737540483474731445e-01
-6.681001186370849609e-01
-3.703553378582000732e-01
-3.811846077442169189e-01
-3.884717226028442383e-01
-5.288765430450439453e-01
-1.664773076772689819e-01
-4.960460066795349121e-01
-8.418453484773635864e-02
-1.316591650247573853e-01
7.428668737411499023e-01
-9.642625600099563599e-02
4.237501919269561768e-01
2.188670039176940918e-01
9.918542206287384033e-02
4.061684906482696533e-01
6.543194651603698730e-01
-4.557548761367797852e-01
7.371684908866882324e-01
-8.327144980430603027e-01
2.716998457908630371e-01
-4.329401552677154541e-01
5.336775258183479309e-02
-6.269680857658386230e-01
-7.473234534263610840e-01
-1.468575149774551392e-01
-1.081615313887596130e-01
-1.496838480234146118e-01
-7.327511906623840332e-02
6.571982800960540771e-02
6.066839098930358887e-01
7.283806800842285156e-01
5.724990963935852051e-01
3.970295488834381104e-01
3.674237132072448730e-01
6.781049072742462158e-02
-4.680865257978439331e-02
2.511804699897766113e-01
9.377113729715347290e-02
-1.101054474711418152e-01
-2.281047105789184570e-01
-9.940624833106994629e-01
-6.845981478691101074e-01
-7.851426601409912109e-01
7.853820919990539551e-03
-4.390223622322082520e-01
-2.537223100662231445e-01
2.959933876991271973e-01
4.904831051826477051e-01
5.808721482753753662e-02
5.523270964622497559e-01
-4.252962768077850342e-01
-2.067539840936660767e-01
-4.983059763908386230e-01
-2.350498288869857788e-01
-2.972917854785919189e-01
-5.114663243293762207e-01
2.427964061498641968e-01
-2.871496081352233887e-01
-1.132615953683853149e-01
-2.313606441020965576e-01
-8.859680593013763428e-02
5.636062026023864746e-01
2.624097764492034912e-01
4.894797205924987793e-01
-1.083214804530143738e-01
-3.762198090553283691e-01
-2.507395148277282715e-01
-1.610894948244094849e-01
4.951778352260589600e-01
-2.431876510381698608e-01
-1.710878908634185791e-01
-1.934577971696853638e-01
-1.237754583358764648e+00
-4.458879530429840088e-01
-1.798966169357299805e+00
-7.829925417900085449e-01
-7.238919734954833984e-01
9.135391712188720703e-01
9.572642445564270020e-01
7.716749906539916992e-01
-3.348071873188018799e-01
-3.141843080520629883e-01
1.911918260157108307e-02
5.558036565780639648e-01
6.398635357618331909e-02
6.066387891769409180e-01
6.043515801429748535e-01
-1.946153305470943451e-02
-1.720191910862922668e-02
-1.190280988812446594e-01
-6.613327264785766602e-01
2.007648944854736328e-01
-4.314981773495674133e-02
4.708571359515190125e-02
2.195751070976257324e-01
-9.680929183959960938e-01
-1.129600331187248230e-01
-5.439609289169311523e-01
-2.415784448385238647e-01
-5.517110228538513184e-01
-4.367243647575378418e-01
-5.997118949890136719e-01
-5.558755397796630859e-01
-2.015186659991741180e-02
5.241063833236694336e-01
-1.949625164270401001e-01
3.763638138771057129e-01
2.040168195962905884e-01
8.437279462814331055e-01
9.563617408275604248e-02
3.832495510578155518e-01
-3.075742535293102264e-02
2.771377861499786377e-01
4.960206523537635803e-02
2.928492724895477295e-01
-3.547448217868804932e-01
-4.128171503543853760e-02
-3.133396208286285400e-01
-3.398314714431762695e-01
-5.796477794647216797e-01
-1.911475956439971924e-01
-1.105437636375427246e+00
5.592085123062133789e-01
2.809790968894958496e-01
-1.587502211332321167e-01
-1.952565610408782959e-01
1.508953422307968140e-01
1.565993279218673706e-01
-3.564937412738800049e-01
-1.641170084476470947e-01
-6.765247583389282227e-01
-2.369792908430099487e-01
-6.175359487533569336e-01
-3.597748279571533203e-01
-5.315414667129516602e-01
6.549229472875595093e-02
-7.767344713211059570e-01
3.490370512008666992e-01
1.351459175348281860e-01
3.302969634532928467e-01
-2.890486717224121094e-01
-3.597349524497985840e-01
-2.044638618826866150e-02
1.101999580860137939e-01
1.647429317235946655e-01
3.159034624695777893e-02
2.019547373056411743e-01
8.230554871261119843e-03
-4.324170947074890137e-02
5.107622742652893066e-01
5.794779658317565918e-01
-1.977875977754592896e-01
1.238266825675964355e-01
-6.093263030052185059e-01
4.261495471000671387e-01
3.282980322837829590e-01
-2.493023872375488281e-01
3.682578355073928833e-02
-8.582133054733276367e-01
8.410982787609100342e-02
-2.504150010645389557e-02
-2.332755178213119507e-01
1.645519584417343140e-01
