7.907195091247558594e-01
4.782621860504150391e-01
6.496277451515197754e-01
2.423000782728195190e-01
2.159638106822967529e-01
-8.268994837999343872e-02
-1.496373713016510010e-01
-3.917486071586608887e-01
-4.575574100017547607e-01
-1.980336010456085205e-01
-2.021625488996505737e-01
8.916208148002624512e-02
-1.697068363428115845e-01
5.524107068777084351e-02
-1.310814470052719116e-01
2.450349330902099609e-01
4.503866285085678101e-02
4.379853978753089905e-02
1.946379542350769043e-01
-1.933788806200027466e-01
-8.327424526214599609e-01
-9.933479875326156616e-02
-1.082163453102111816e+00
3.152306750416755676e-02
1.960141211748123169e-02
1.423142552375793457e-01
-1.883387863636016846e-01
-5.590432137250900269e-02
-9.267883896827697754e-01
-4.206922836601734161e-03
-3.086763620376586914e-01
1.944060064852237701e-02
1.016100645065307617e-01
5.506997108459472656e-01
-4.235035181045532227e-01
4.635442495346069336e-01
-3.263047337532043457e-01
-1.504832506179809570e-02
-3.072025775909423828e-01
2.154387682676315308e-01
-2.490818500518798828e-01
4.832839965820312500e-02
-3.955330252647399902e-01
-3.671430945396423340e-01
4.357952773571014404e-01
2.105143666267395020e-01
2.725714445114135742e-01
4.047972857952117920e-01
-2.241950035095214844e-01
4.692962467670440674e-01
3.399097919464111328e-02
-2.469669431447982788e-01
1.402345150709152222e-01
-2.568844258785247803e-01
-6.183813214302062988e-01
-9.563605487346649170e-02
2.225112020969390869e-01
2.211384326219558716e-01
3.000150620937347412e-01
2.203475981950759888e-01
3.094676733016967773e-01
-2.132088690996170044e-01
1.197607144713401794e-01
-5.418695211410522461e-01
-6.540120840072631836e-01
3.617942631244659424e-01
-1.061828851699829102e+00
6.698862910270690918e-01
-4.246436432003974915e-02
-3.627222180366516113e-01
-2.743168771266937256e-01
-3.934907913208007812e-01
5.916114449501037598e-01
-1.343310624361038208e-01
-3.063716366887092590e-02
3.413963019847869873e-01
2.282213866710662842e-01
-2.492281943559646606e-01
-1.006228178739547729e-01
-4.003229141235351562e-01
-4.972758591175079346e-01
-4.278012737631797791e-02
-4.739866554737091064e-01
-6.254746019840240479e-02
5.927225947380065918e-02
-4.377877414226531982e-01
2.669489681720733643e-01
-5.081422924995422363e-01
-1.572654992341995239e-01
3.903759643435478210e-02
-3.304696977138519287e-01
4.109465181827545166e-01
-7.259856164455413818e-02
-2.326647043228149414e-01
7.750583291053771973e-01
-3.822553753852844238e-01
3.726758360862731934e-01
1.100385263562202454e-01
8.468195050954818726e-02
-7.385469973087310791e-02
-5.367027968168258667e-02
5.500979423522949219e-01
2.606672048568725586e-01
5.016637444496154785e-01
-1.045778486877679825e-02
6.384637951850891113e-02
8.780139684677124023e-02
2.483370006084442139e-01
2.521523833274841309e-01
3.193394541740417480e-01
1.293343901634216309e-01
2.109269611537456512e-02
2.505035996437072754e-01
-3.835240900516510010e-01
4.133678376674652100e-01
-1.715496927499771118e-02
-1.725918352603912354e-01
5.442669391632080078e-01
-2.178677767515182495e-01
3.623613119125366211e-01
3.281658887863159180e-02
-1.286011636257171631e-01
9.870687872171401978e-02
-2.865986526012420654e-01
-5.336028933525085449e-01
8.189086616039276123e-02
-5.992777347564697266e-01
-4.938167333602905273e-01
-3.915807232260704041e-02
-2.384885549545288086e-01
-3.537898659706115723e-01
-1.803327202796936035e-01
-4.041623771190643311e-01
-6.430982351303100586e-01
1.671273708343505859e-01
-6.818166375160217285e-02
1.476007103919982910e-01
3.745177984237670898e-01
1.547572314739227295e-01
4.504065215587615967e-01
5.689380168914794922e-01
3.039695024490356445e-01
8.232088293880224228e-04
3.092401027679443359e-01
-3.837913274765014648e-01
1.525683403015136719e-01
1.166565567255020142e-01
-4.439769387245178223e-01
2.214833199977874756e-01
-1.070231050252914429e-01
-4.382151067256927490e-01
-7.572177797555923462e-02
2.096274793148040771e-01
2.978602051734924316e-01
2.877331972122192383e-01
6.779534220695495605e-01
-1.461113095283508301e-01
7.329935431480407715e-01
-3.249300420284271240e-01
1.737561635673046112e-02
7.125087380409240723e-01
4.382566213607788086e-01
3.609983623027801514e-02
-3.529417514801025391e-01
-1.095729395747184753e-01
-7.746170759201049805e-01
-1.278266012668609619e-01
-5.975610017776489258e-01
1.093263179063796997e-02
2.485342472791671753e-01
-2.461539357900619507e-01
1.215308383107185364e-01
-2.504555284976959229e-01
-1.456882655620574951e-01
-3.091368079185485840e-02
8.231927454471588135e-02
-6.724225357174873352e-03
-3.429205119609832764e-01
4.380774796009063721e-01
-3.082753121852874756e-01
8.665195703506469727e-01
-8.120757937431335449e-01
6.152906417846679688e-01
2.417113184928894043e-01
-7.352653145790100098e-02
2.264519333839416504e-01
-1.374079734086990356e-01
3.989520967006683350e-01
1.668857038021087646e-01
-4.076936841011047363e-01
-1.203665137290954590e-01
-1.886429935693740845e-01
-8.532806634902954102e-01
-4.457322359085083008e-01
-8.266685605049133301e-01
-1.426867485046386719e+00
4.358823895454406738e-01
-1.105795621871948242e+00
-5.662725567817687988e-01
3.739262521266937256e-01
-1.043721199035644531e+00
2.528497278690338135e-01
8.652624487876892090e-02
-1.228992342948913574e-01
6.249548196792602539e-01
1.356533765792846680e-01
1.100615337491035461e-01
-1.058230642229318619e-02
2.523614764213562012e-01
-1.084853485226631165e-01
5.441908836364746094e-01
-2.782374024391174316e-01
4.142488241195678711e-01
-3.664258494973182678e-02
-1.833710670471191406e-01
-3.711458295583724976e-02
-4.050023853778839111e-01
-2.004578411579132080e-01
-6.164946779608726501e-02
-6.348341703414916992e-01
-5.593380331993103027e-02
-1.647619307041168213e-01
2.506543695926666260e-01
2.995426356792449951e-01
1.090911924839019775e-01
4.306756556034088135e-01
5.366881564259529114e-02
-9.747251868247985840e-03
1.255140006542205811e-01
4.441884756088256836e-01
-1.596417874097824097e-01
3.968691825866699219e-01
-4.956842586398124695e-02
-1.057691350579261780e-01
3.382030427455902100e-01
-5.202191472053527832e-01
3.837334215641021729e-01
-3.298633694648742676e-01
2.779687941074371338e-02
-1.023340523242950439e-01
-6.867092251777648926e-01
-4.102982580661773682e-01
-4.444795846939086914e-01
-1.530135422945022583e-01
-3.926134109497070312e-01
-1.560257971286773682e-01
-9.917843937873840332e-01
-3.495054543018341064e-01
-2.837364077568054199e-01
-5.309393405914306641e-01
-4.244537651538848877e-02
-9.674385786056518555e-01
-6.424520909786224365e-02
1.916048079729080200e-01
1.016440466046333313e-01
2.351758629083633423e-01
3.686509728431701660e-01
3.867294490337371826e-01
1.356481462717056274e-01
2.483112663030624390e-01
-4.150049388408660889e-01
1.947350502014160156e-01
-1.011356636881828308e-01
2.596769034862518311e-01
-7.384390383958816528e-02
4.486957788467407227e-01
-6.511915326118469238e-01
1.368472934700548649e-03
-8.953245282173156738e-01
-7.550787329673767090e-01
-4.907703399658203125e-01
-2.842051982879638672e-01
-4.449073076248168945e-01
6.884098798036575317e-02
-1.062040776014328003e-01
1.929226070642471313e-01
6.388576030731201172e-01
4.518987238407135010e-01
2.629508972167968750e-01
6.915687322616577148e-01
1.945611983537673950e-01
2.871317863464355469e-01
1.170014590024948120e-01
3.527890443801879883e-01
5.521641671657562256e-02
2.145500928163528442e-01
-1.128541380167007446e-01
4.236830770969390869e-02
4.945296049118041992e-02
-3.731098771095275879e-01
-1.262512058019638062e-01
-3.640438914299011230e-01
-4.775342941284179688e-01
-2.738780975341796875e-01
-5.476300716400146484e-01
-8.683975338935852051e-01
1.141435354948043823e-01
-4.112938046455383301e-01
-5.677593350410461426e-01
-1.996905310079455376e-03
-8.798275589942932129e-01
-3.628436625003814697e-01
9.174050092697143555e-01
1.346287876367568970e-01
1.324566826224327087e-02
-3.182954341173171997e-02
1.286969240754842758e-02
-3.092896640300750732e-01
2.276135981082916260e-02
1.800741106271743774e-01
9.614553302526473999e-02
-1.394772678613662720e-01
-1.279445141553878784e-01
-3.587258607149124146e-02
-8.958405256271362305e-02
6.182085275650024414e-01
-3.824664056301116943e-01
1.515214592218399048e-01
-2.164323478937149048e-01
-6.268993616104125977e-01
9.394599497318267822e-02
-1.092971920967102051e+00
5.878728255629539490e-02
5.161091312766075134e-02
-5.851140022277832031e-01
5.807606130838394165e-02
-4.667610526084899902e-01
-7.254015207290649414e-01
-5.223063230514526367e-01
-1.147766351699829102e+00
1.534833312034606934e-01
1.980311572551727295e-01
-9.400263428688049316e-02
1.055655255913734436e-01
-3.072571456432342529e-01
-5.332595109939575195e-02
2.060086131095886230e-01
-2.299428135156631470e-01
2.326767593622207642e-01
-3.979114294052124023e-01
1.989798843860626221e-01
6.546652913093566895e-01
-1.801892369985580444e-01
3.631879687309265137e-01
2.432942390441894531e-01
-1.740569919347763062e-01
1.456112563610076904e-01
-8.764979988336563110e-02
-7.493674159049987793e-01
2.957975864410400391e-01
-4.191604256629943848e-01
2.239379882812500000e-01
-6.706129759550094604e-02
4.527706503868103027e-01
3.826130926609039307e-01
1.539950668811798096e-01
3.902345299720764160e-01
-5.250369757413864136e-02
6.364414095878601074e-01
-2.254028320312500000e-01
-2.277370244264602661e-01
2.811563313007354736e-01
-6.508299708366394043e-01
-1.195028051733970642e-01
-7.849926501512527466e-02
-1.393913924694061279e-01
3.639022707939147949e-01
-7.632494717836380005e-02
2.105610817670822144e-01
2.412200160324573517e-02
7.960905879735946655e-02
9.794566035270690918e-02
1.898447573184967041e-01
3.121139109134674072e-01
2.891821265220642090e-01
3.855940103530883789e-01
5.300259590148925781e-01
5.815715193748474121e-01
-3.721168339252471924e-01
2.487986385822296143e-01
1.970842480659484863e-02
1.486649513244628906e-01
3.488489985466003418e-01
1.097737774252891541e-01
-1.568287611007690430e-01
6.048467941582202911e-03
-1.660187542438507080e-01
-4.505392313003540039e-01
-9.601166844367980957e-02
1.260869055986404419e-01
-2.611622810363769531e-01
2.166679799556732178e-01
-1.777495443820953369e-01
5.527185201644897461e-01
-1.650662571191787720e-01
1.732131391763687134e-01
8.448996394872665405e-02
-6.321265548467636108e-02
-4.084124565124511719e-01
1.519462913274765015e-01
-3.276028335094451904e-01
-2.787088751792907715e-01
5.787407979369163513e-02
-6.152402609586715698e-02
4.459136128425598145e-01
-5.023462772369384766e-01
-1.635153293609619141e-01
2.309749126434326172e-01
-3.643405437469482422e-01
3.722777664661407471e-01
-3.792701661586761475e-01
-1.014675274491310120e-01
-1.129001751542091370e-01
-4.542444050312042236e-01
-5.259792804718017578e-01
-7.289535999298095703e-01
-7.621399164199829102e-01
5.688717365264892578e-01
-3.059811890125274658e-01
1.763711124658584595e-01
2.735185921192169189e-01
-6.572584807872772217e-02
2.374527752399444580e-01
2.922419309616088867e-01
-5.819911360740661621e-01
-2.926087938249111176e-02
-6.670804321765899658e-02
-3.568025529384613037e-01
-4.885059595108032227e-02
-5.115440487861633301e-01
-3.290142118930816650e-01
7.491640746593475342e-02
-3.771343827247619629e-02
3.040092289447784424e-01
2.955373525619506836e-01
2.348328977823257446e-01
4.495244324207305908e-01
6.570218801498413086e-01
3.110078275203704834e-01
6.715181469917297363e-01
-1.247530281543731689e-01
-1.764360070228576660e-01
7.754718512296676636e-02
-1.963455826044082642e-01
-1.504448056221008301e-01
-1.681535840034484863e-01
-2.278570383787155151e-01
-1.448691636323928833e-01
1.228670179843902588e-01
-2.107380926609039307e-01
1.741919368505477905e-01
1.496135257184505463e-02
-1.400136351585388184e-01
1.509433090686798096e-01
-4.586006104946136475e-01
5.917580053210258484e-02
-3.574427217245101929e-02
-1.093249544501304626e-01
-1.673898994922637939e-01
-6.276170015335083008e-01
9.739353507757186890e-02
-2.758615314960479736e-01
3.783119320869445801e-01
-7.521253824234008789e-02
7.215448021888732910e-01
1.918389201164245605e-01
5.707152932882308960e-02
4.620884358882904053e-01
-4.847918152809143066e-01
4.361514747142791748e-01
-5.007573366165161133e-01
-6.677223742008209229e-02
4.370397031307220459e-01
-9.880553185939788818e-02
5.677124112844467163e-02
5.602347850799560547e-02
3.264980614185333252e-01
1.026019006967544556e-01
-5.279464125633239746e-01
1.194522157311439514e-01
-9.112371206283569336e-01
-1.025694906711578369e-01
-1.991064697504043579e-01
-1.431095749139785767e-01
4.292480349540710449e-01
2.197373062372207642e-01
-1.709679514169692993e-02
-8.059827610850334167e-03
1.016035899519920349e-01
-4.882308542728424072e-01
-4.775640666484832764e-01
-2.466412633657455444e-01
-4.437017440795898438e-01
-2.173929065465927124e-01
-1.831005811691284180e-01
-4.177539944648742676e-01
1.547670513391494751e-01
-2.652385532855987549e-01
4.468562901020050049e-01
-1.986278407275676727e-02
4.315484464168548584e-01
-5.353691801428794861e-02
2.433409541845321655e-01
1.977653503417968750e-01
-1.287386715412139893e-01
7.628594636917114258e-01
2.857686579227447510e-01
3.405261933803558350e-01
1.734049469232559204e-01
5.765431523323059082e-01
2.202144414186477661e-01
9.622651338577270508e-02
-8.085029721260070801e-01
