-3.284810483455657959e-01
8.899866044521331787e-02
3.070403635501861572e-01
-4.093228280544281006e-02
-2.825233712792396545e-02
-1.755897849798202515e-01
-5.014147162437438965e-01
-2.059670239686965942e-01
1.970075257122516632e-02
-2.352206259965896606e-01
3.614661097526550293e-01
8.098379373550415039e-01
5.924959778785705566e-01
4.095735251903533936e-01
8.963428735733032227e-01
3.744995296001434326e-01
2.458765655755996704e-01
1.732589155435562134e-01
-8.481774926185607910e-01
-2.592488527297973633e-01
-1.039138436317443848e+00
-2.959886491298675537e-01
-5.191718339920043945e-01
-1.171732842922210693e-01
5.729541778564453125e-01
7.955252528190612793e-01
2.634532451629638672e-01
-3.769873678684234619e-01
-1.235250979661941528e-01
4.965139925479888916e-01
3.000962734222412109e-01
5.235670208930969238e-01
5.173624753952026367e-01
1.020437479019165039e+00
-5.497678518295288086e-01
4.310636520385742188e-01
-3.469541966915130615e-01
8.829017877578735352e-01
1.910860389471054077e-01
1.226236000657081604e-01
-2.366007864475250244e-01
1.337934285402297974e-01
6.277085281908512115e-03
9.439760446548461914e-01
-1.608692049980163574e+00
-1.034150600433349609e+00
-1.270494103431701660e+00
-2.124069035053253174e-01
-3.525826632976531982e-01
6.057328581809997559e-01
-1.231485083699226379e-01
1.307304948568344116e-02
2.580944597721099854e-01
6.731209158897399902e-01
6.623264551162719727e-01
8.188139796257019043e-01
1.624298095703125000e-01
-1.545082777738571167e-01
-2.316435426473617554e-01
-1.206023991107940674e-01
1.561860442161560059e-01
-1.315620541572570801e-01
1.186200752854347229e-01
-4.820072278380393982e-02
-3.091857433319091797e-01
-5.761225223541259766e-01
-5.915559530258178711e-01
4.477723240852355957e-01
5.902183055877685547e-01
4.068202674388885498e-01
-8.981485366821289062e-01
-7.571948170661926270e-01
-8.167817592620849609e-01
-4.729159772396087646e-01
3.509321212768554688e-01
5.148822069168090820e-01
8.352910280227661133e-01
3.070283532142639160e-01
1.295296698808670044e-01
-2.150346487760543823e-01
3.836171030998229980e-01
9.477634429931640625e-01
3.456231951713562012e-01
6.243157982826232910e-01
-1.086228787899017334e-01
2.099542617797851562e-01
4.370364546775817871e-01
1.266002178192138672e+00
1.543571054935455322e-01
-3.391766548156738281e-01
-1.580223888158798218e-01
-5.773550868034362793e-01
-6.308321952819824219e-01
-3.689765036106109619e-01
2.665042877197265625e-01
-1.252973526716232300e-01
-1.553390324115753174e-01
-7.100461423397064209e-02
-6.007091403007507324e-01
-2.345452457666397095e-02
2.007967829704284668e-01
-5.089705809950828552e-02
-4.811802506446838379e-01
-7.089976221323013306e-02
1.846792250871658325e-01
-2.980880737304687500e-01
8.731786161661148071e-02
-9.569069743156433105e-02
2.377391010522842407e-01
6.435535550117492676e-01
2.314054220914840698e-01
7.061900496482849121e-01
7.679749131202697754e-01
-5.643411278724670410e-01
2.219406217336654663e-01
-1.966872066259384155e-01
-3.298464417457580566e-01
6.065040826797485352e-01
-2.320825308561325073e-01
-8.146839141845703125e-01
-6.901594996452331543e-01
-1.039282083511352539e-01
-3.240746855735778809e-01
4.139738529920578003e-02
9.980940073728561401e-02
4.879872798919677734e-01
6.140683293342590332e-01
4.923296868801116943e-01
1.180465817451477051e+00
-7.885327339172363281e-01
8.454097509384155273e-01
-1.341878890991210938e+00
-1.515780538320541382e-01
-2.664268910884857178e-01
1.540779948234558105e+00
-1.486847251653671265e-01
-1.742737144231796265e-01
1.308954060077667236e-01
-2.063717991113662720e-01
-7.173088192939758301e-01
-3.786547183990478516e-01
-4.478290379047393799e-01
-1.659181714057922363e-01
4.989855289459228516e-01
2.316989935934543610e-02
1.399986445903778076e-01
1.748719438910484314e-02
2.472619563341140747e-01
7.131111621856689453e-01
7.941445112228393555e-01
8.212432265281677246e-01
-4.780676960945129395e-01
-8.649556636810302734e-01
-1.209676936268806458e-01
-8.176749944686889648e-01
2.712205350399017334e-01
-2.023235410451889038e-01
-3.981976211071014404e-02
1.039824783802032471e-01
1.395749151706695557e-01
6.749188899993896484e-01
3.211760520935058594e-01
-8.684860914945602417e-02
-4.044635593891143799e-01
-2.772775590419769287e-01
-2.576037347316741943e-01
1.553288102149963379e-01
8.945003747940063477e-01
8.774957060813903809e-01
-4.091827571392059326e-01
-1.969749182462692261e-01
5.692682694643735886e-03
3.145990073680877686e-01
2.676115930080413818e-01
-9.958207607269287109e-01
-7.146824598312377930e-01
-5.044586658477783203e-01
-2.147148400545120239e-01
5.321010351181030273e-01
4.190704226493835449e-01
7.568238377571105957e-01
4.805222153663635254e-01
1.905650049448013306e-01
-6.396897435188293457e-01
-5.004909038543701172e-01
-1.599129885435104370e-01
-8.902087062597274780e-02
-9.891605377197265625e-02
2.964584529399871826e-01
3.356536626815795898e-01
-4.795905351638793945e-01
-4.470111727714538574e-01
-3.677565455436706543e-01
6.563723683357238770e-01
2.136018723249435425e-01
4.245140254497528076e-01
-3.211718201637268066e-01
-6.877142190933227539e-01
-9.729227423667907715e-01
-1.233009397983551025e-01
-5.991649627685546875e-01
-2.919290661811828613e-01
7.408497333526611328e-01
9.898111969232559204e-02
5.822749137878417969e-01
9.148628711700439453e-01
8.963640332221984863e-01
2.101209312677383423e-01
1.739913374185562134e-01
7.888352870941162109e-02
1.704544872045516968e-01
-3.200859427452087402e-01
3.371274173259735107e-01
7.069067656993865967e-02
6.371448636054992676e-01
3.596758246421813965e-01
-3.888001292943954468e-02
-1.663089841604232788e-01
-8.866477757692337036e-02
-5.234692692756652832e-01
-3.178817629814147949e-01
-3.875468159094452858e-03
4.191702604293823242e-01
-3.872936666011810303e-01
-6.761144399642944336e-01
-2.114854156970977783e-01
-7.060213088989257812e-01
-4.886905848979949951e-01
1.465386301279067993e-01
2.089211530983448029e-02
4.319050312042236328e-01
1.352828890085220337e-01
6.178290396928787231e-02
5.732119083404541016e-01
9.755673408508300781e-01
6.491516232490539551e-01
9.892200678586959839e-02
-9.878534078598022461e-01
-9.312266111373901367e-01
-3.670910000801086426e-01
-4.291698634624481201e-01
2.727383077144622803e-01
-2.138067409396171570e-02
7.507318258285522461e-01
4.761203229427337646e-01
8.504083156585693359e-01
1.456206887960433960e-01
1.072205305099487305e+00
1.221990957856178284e-01
6.828539967536926270e-01
-4.260994493961334229e-01
-1.492693275213241577e-02
4.400391876697540283e-01
6.979806423187255859e-01
3.708630204200744629e-01
4.776721298694610596e-01
-8.158187568187713623e-02
5.752171277999877930e-01
4.871290549635887146e-02
1.630644798278808594e-01
-2.721402943134307861e-01
4.432846307754516602e-01
4.936895072460174561e-01
2.521227300167083740e-01
-1.022565364837646484e+00
-5.768485665321350098e-01
-1.097483515739440918e+00
-9.295150041580200195e-01
-1.065183639526367188e+00
-5.752033591270446777e-01
-2.231309264898300171e-01
4.973827898502349854e-01
5.144527554512023926e-01
7.516620159149169922e-01
2.161957882344722748e-02
3.054174184799194336e-01
6.112085580825805664e-01
9.451385140419006348e-01
7.082352042198181152e-01
4.033710435032844543e-02
4.144873917102813721e-01
3.196155726909637451e-01
-3.134912550449371338e-01
-1.434456557035446167e-01
-3.411421179771423340e-01
1.786390691995620728e-02
-3.831569850444793701e-01
4.608643949031829834e-01
1.715059876441955566e-01
7.491558790206909180e-01
2.860900461673736572e-01
3.551194965839385986e-01
-3.773852810263633728e-02
5.812340378761291504e-01
-4.003613591194152832e-01
2.610436379909515381e-01
3.736180663108825684e-01
3.193600475788116455e-01
-1.343499422073364258e+00
-1.192933082580566406e+00
-7.437498122453689575e-02
-5.996832847595214844e-01
1.584518998861312866e-01
-2.730928361415863037e-01
-7.816600054502487183e-02
-6.495015621185302734e-01
4.434654861688613892e-02
-1.386823505163192749e-01
1.408107042312622070e+00
3.490501940250396729e-01
1.963139772415161133e-01
-2.320197969675064087e-01
3.082985281944274902e-01
-5.072034150362014771e-02
3.700840175151824951e-01
6.622473001480102539e-01
4.314321875572204590e-01
-6.199244260787963867e-01
2.411837130784988403e-01
3.086114883422851562e+00
8.186252117156982422e-01
3.642362058162689209e-01
-3.718698918819427490e-01
-1.981546580791473389e-01
5.086524486541748047e-01
-2.070567011833190918e-01
7.729254662990570068e-02
-1.382536888122558594e+00
-5.417903661727905273e-01
-1.555772423744201660e-01
-4.252502322196960449e-01
-1.045307219028472900e-01
-1.072539091110229492e+00
-4.146336615085601807e-01
1.035678163170814514e-01
1.311527729034423828e+00
3.473074674606323242e+00
-2.943066358566284180e-01
-4.780922532081604004e-01
-6.638657450675964355e-01
7.529719918966293335e-02
-5.488295555114746094e-01
4.745059460401535034e-02
4.110934138298034668e-01
4.246421158313751221e-01
4.562366902828216553e-01
6.514110565185546875e-01
3.141428530216217041e-02
5.069102048873901367e-01
8.973336219787597656e-01
4.588615596294403076e-01
-6.115855574607849121e-01
-9.324089288711547852e-01
-2.324270457029342651e-01
1.825579553842544556e-01
-2.206664681434631348e-01
4.310727864503860474e-02
-6.203624606132507324e-01
-7.062606215476989746e-01
9.778290241956710815e-02
-1.981425881385803223e-01
2.351208925247192383e-01
1.697485595941543579e-01
2.490815073251724243e-01
2.345943897962570190e-01
-4.566459059715270996e-01
6.270729899406433105e-01
1.202198788523674011e-01
-1.276024341583251953e+00
-3.546802103519439697e-01
-3.332548439502716064e-01
-7.924763858318328857e-02
3.462715540081262589e-04
-5.877006798982620239e-02
-4.347169101238250732e-01
7.239172458648681641e-01
8.982926011085510254e-01
5.258670449256896973e-01
-3.752678930759429932e-01
2.703749239444732666e-01
-3.566181957721710205e-01
5.308390036225318909e-02
-3.078317642211914062e-01
-2.973093390464782715e-01
-8.887048810720443726e-02
2.087288349866867065e-01
-5.540270805358886719e-01
-4.251171946525573730e-01
-4.170932248234748840e-02
1.466825604438781738e-01
3.374746143817901611e-01
4.581189453601837158e-01
-2.339293360710144043e-01
2.513664364814758301e-01
-4.838680624961853027e-01
7.785949707031250000e-01
-6.339104771614074707e-01
-1.146546483039855957e+00
-7.283297777175903320e-01
3.691750168800354004e-01
-6.227296590805053711e-01
5.862954854965209961e-01
1.810505688190460205e-01
1.300832629203796387e+00
8.517634272575378418e-01
1.821066498756408691e+00
-5.425752401351928711e-01
3.188775181770324707e-01
-1.232266545295715332e+00
3.114897608757019043e-01
7.073333263397216797e-01
1.002293974161148071e-01
1.425180077552795410e+00
-1.611655205488204956e-01
-1.626996636390686035e+00
-7.503170371055603027e-01
-9.403619170188903809e-02
5.740472674369812012e-01
2.482793033123016357e-01
-3.250023722648620605e-02
1.074866652488708496e-01
6.247301697731018066e-01
-2.941063232719898224e-02
2.271541059017181396e-01
-7.376926541328430176e-01
2.447481006383895874e-01
9.720020890235900879e-01
1.971246123313903809e+00
-1.589466094970703125e+00
-8.717526197433471680e-01
1.456984877586364746e-01
-3.386620879173278809e-01
3.966525197029113770e-01
6.428436040878295898e-01
4.772210121154785156e-01
6.138674616813659668e-01
1.005838513374328613e+00
-1.695128202438354492e+00
-6.978633403778076172e-01
-1.360865592956542969e+00
-7.296079993247985840e-01
2.760361181572079659e-03
1.658057093620300293e+00
2.860601186752319336e+00
-8.302649855613708496e-01
-5.764724612236022949e-01
1.528333276510238647e-01
-4.213534593582153320e-01
6.384795904159545898e-02
2.136262506246566772e-01
4.323139190673828125e-01
1.864096075296401978e-01
-7.202143967151641846e-02
1.316595554351806641e+00
6.729971170425415039e-01
1.514600366353988647e-01
2.756735980510711670e-01
-2.364471256732940674e-01
-8.373708128929138184e-01
-1.136214733123779297e+00
2.914368808269500732e-01
-2.640841528773307800e-02
7.556346058845520020e-01
-3.517864346504211426e-01
5.484710335731506348e-01
-1.228262066841125488e+00
-8.938530683517456055e-01
-6.158170104026794434e-01
1.715119555592536926e-02
1.723351597785949707e+00
-1.110023260116577148e+00
2.480469942092895508e-01
8.493490517139434814e-02
7.678334414958953857e-02
-1.292394548654556274e-01
4.356995820999145508e-01
-2.210366129875183105e-01
-2.587961256504058838e-01
-7.551130652427673340e-01
4.191990941762924194e-02
5.535386204719543457e-01
1.053107500076293945e+00
7.073163986206054688e-01
5.266875028610229492e-01
4.058773517608642578e-01
2.626519799232482910e-01
3.225017189979553223e-01
6.872276663780212402e-01
1.590005457401275635e-01
-1.663972735404968262e-01
1.377374976873397827e-01
7.106303572654724121e-01
6.076709628105163574e-01
2.470871806144714355e-01
4.969367384910583496e-02
-7.630499601364135742e-01
-2.513700723648071289e-01
-3.793844580650329590e-01
3.765487074851989746e-01
6.285853683948516846e-02
-8.473399877548217773e-01
-1.129592418670654297e+00
-7.742099761962890625e-01
-1.202752709388732910e+00
7.567441463470458984e-02
-5.170992016792297363e-01
1.596836000680923462e-01
-1.983388215303421021e-01
6.402876377105712891e-01
1.035936474800109863e+00
1.126888543367385864e-01
3.444510102272033691e-01
2.876502573490142822e-01
