1.198640316724777222e-01
1.788958013057708740e-01
-3.319402933120727539e-01
4.652596116065979004e-01
3.185713291168212891e-01
-1.376712620258331299e-01
-4.601216912269592285e-01
6.237233877182006836e-01
-2.400411516427993774e-01
7.890118956565856934e-01
4.295933544635772705e-01
-1.678758561611175537e-01
8.712625503540039062e-02
-5.099906325340270996e-01
1.135242432355880737e-01
-4.986714124679565430e-01
-5.950747132301330566e-01
-4.065601527690887451e-01
-4.138204753398895264e-01
-1.592577546834945679e-01
-1.191475033760070801e+00
-5.958704948425292969e-01
1.889476478099822998e-01
-1.796464025974273682e-01
9.433898329734802246e-02
4.928169846534729004e-01
-1.385428458452224731e-01
3.316855132579803467e-01
2.905205488204956055e-01
-4.767085909843444824e-01
1.979869753122329712e-01
-1.781708896160125732e-01
-1.830150187015533447e-01
6.850485503673553467e-02
-1.481262594461441040e-01
4.608052968978881836e-01
-1.160730123519897461e-01
-6.026716902852058411e-02
-8.528227359056472778e-02
-3.849068284034729004e-01
-2.300009597092866898e-03
-4.044051468372344971e-01
3.176070451736450195e-01
2.560513615608215332e-01
-3.630163669586181641e-01
-2.545792162418365479e-01
-2.501288652420043945e-01
-9.092739820480346680e-01
-2.036746144294738770e-01
-3.759505972266197205e-02
-8.310023695230484009e-02
2.245404720306396484e-01
8.122205734252929688e-01
-4.496878087520599365e-01
3.519389629364013672e-01
-3.014906048774719238e-01
3.997634053230285645e-01
-3.769927322864532471e-01
6.811116356402635574e-03
5.684664249420166016e-01
1.923014223575592041e-02
2.530851028859615326e-02
1.381029784679412842e-01
-1.843898296356201172e-01
-3.178559243679046631e-01
-3.926211968064308167e-02
-1.303781121969223022e-01
6.928744912147521973e-02
-2.962464392185211182e-01
-1.361321508884429932e-01
-3.471963405609130859e-01
2.745669186115264893e-01
-1.854449138045310974e-02
3.475981950759887695e-01
2.379247099161148071e-01
-4.950743615627288818e-01
-5.877692624926567078e-02
-1.102005481719970703e+00
-3.875713050365447998e-01
6.571602821350097656e-02
-2.205678820610046387e-01
1.180745884776115417e-01
8.705886006355285645e-01
4.367992877960205078e-01
1.539886146783828735e-01
-1.564011424779891968e-01
-8.403670042753219604e-02
-3.312540054321289062e-01
-3.874182701110839844e-01
-1.767194718122482300e-01
-3.073250055313110352e-01
-2.271182388067245483e-01
-4.383352100849151611e-01
-5.190321803092956543e-01
-2.076285518705844879e-02
-6.252213120460510254e-01
4.258290529251098633e-01
-6.028385460376739502e-02
1.031601503491401672e-01
3.682836294174194336e-01
5.170258879661560059e-01
2.058227658271789551e-01
1.776309162378311157e-01
6.754680871963500977e-01
-2.817691266536712646e-01
-1.086794063448905945e-01
-2.952578961849212646e-01
-3.233282268047332764e-01
3.765983283519744873e-01
-5.387484431266784668e-01
2.287072688341140747e-01
-5.600480437278747559e-01
9.131866097450256348e-01
-2.734768688678741455e-01
-5.242463946342468262e-01
-8.437007069587707520e-01
-1.175440400838851929e-01
4.383400082588195801e-01
-2.785844802856445312e-01
5.668709278106689453e-01
-1.884545534849166870e-01
-4.984038472175598145e-01
-3.920458257198333740e-03
-7.845659554004669189e-02
3.604091107845306396e-01
5.887889862060546875e-01
-5.448333546519279480e-02
-5.226886272430419922e-01
-5.431228876113891602e-01
-1.066185608506202698e-01
1.918588727712631226e-01
-1.416465193033218384e-01
-3.590911626815795898e-01
-2.216295152902603149e-01
-7.707803249359130859e-01
5.775080919265747070e-01
-3.295365273952484131e-01
1.415759176015853882e-01
-1.747375577688217163e-01
-2.682388201355934143e-02
6.061723232269287109e-01
3.523231744766235352e-01
-1.566643863916397095e-01
-1.470337271690368652e+00
3.759425580501556396e-01
9.246329963207244873e-02
1.502867788076400757e-01
2.060750424861907959e-01
2.032072655856609344e-02
-2.492872327566146851e-01
-7.428238987922668457e-01
-4.124362170696258545e-01
-1.551604866981506348e-01
2.927495539188385010e-01
2.099076658487319946e-01
5.584748387336730957e-01
-1.827266626060009003e-02
-6.393184661865234375e-01
-9.074635505676269531e-01
-4.189875125885009766e-01
-1.351962387561798096e-01
3.294930607080459595e-02
3.931621909141540527e-01
1.170069426298141479e-01
-1.338725537061691284e-01
-3.794149495661258698e-03
-3.170843422412872314e-02
1.838091611862182617e-01
-1.027997061610221863e-01
-1.008877873420715332e+00
-3.043604195117950439e-01
4.127348661422729492e-01
1.330029517412185669e-01
-3.133158013224601746e-02
2.844098508358001709e-01
2.830349840223789215e-02
8.449205756187438965e-02
-3.299000859260559082e-01
2.427352219820022583e-01
-6.562069654464721680e-01
5.840425491333007812e-01
-1.977074295282363892e-01
8.943198621273040771e-02
1.640424728393554688e-01
6.882301717996597290e-02
-5.361045002937316895e-01
-2.512948811054229736e-01
5.405550450086593628e-02
-2.165512591600418091e-01
3.419336080551147461e-01
8.469471335411071777e-01
3.894750401377677917e-02
2.106826603412628174e-01
-2.315117120742797852e-01
-1.693193316459655762e-01
-6.306783556938171387e-01
-3.719581663608551025e-01
-1.502362936735153198e-01
-2.243718057870864868e-01
3.179330378770828247e-02
-1.113652735948562622e-01
-5.402646064758300781e-01
-3.999506682157516479e-02
-3.168721199035644531e-01
1.662205904722213745e-01
9.471388906240463257e-02
3.770774900913238525e-01
4.478462636470794678e-01
-2.241156697273254395e-01
-2.056495100259780884e-02
-2.531457319855690002e-02
-3.245958983898162842e-01
1.184191778302192688e-01
-2.459805607795715332e-01
-1.674948036670684814e-01
-7.970126718282699585e-02
3.429573178291320801e-01
-1.559706926345825195e-01
-1.354880183935165405e-01
3.636298179626464844e-01
5.929857492446899414e-01
3.072340488433837891e-01
1.339232623577117920e-01
-7.102589607238769531e-01
1.839991360902786255e-01
-5.625847578048706055e-01
-9.505496174097061157e-02
2.814860343933105469e-01
3.243603408336639404e-01
-9.709826856851577759e-02
1.917864233255386353e-01
-4.961573779582977295e-01
-3.906483761966228485e-04
-6.811066865921020508e-01
-1.487581282854080200e-01
1.652426868677139282e-01
-2.996795475482940674e-01
-2.545516490936279297e-01
1.493917107582092285e-01
-4.857442080974578857e-01
7.460195571184158325e-02
-3.694013133645057678e-02
-1.964553594589233398e-01
2.002887576818466187e-01
-1.079030409455299377e-01
-1.700780838727951050e-01
-7.477521896362304688e-02
9.385889768600463867e-02
-6.915358304977416992e-01
2.130007892847061157e-01
2.170476764440536499e-01
-2.547627091407775879e-01
2.329754680395126343e-01
-3.247573971748352051e-01
-6.529545783996582031e-01
-3.106024861335754395e-01
-3.783479332923889160e-01
-1.536102592945098877e-01
-4.980433285236358643e-01
5.397033691406250000e-01
3.999379277229309082e-01
4.002045094966888428e-01
-6.054470688104629517e-02
8.830891549587249756e-02
-3.004195988178253174e-01
-8.665881752967834473e-01
-8.262020945549011230e-01
-7.597368955612182617e-01
-6.230781674385070801e-01
6.931573152542114258e-04
-3.062501549720764160e-01
2.032513171434402466e-01
4.354169964790344238e-01
6.647449135780334473e-01
2.762258350849151611e-01
4.837904572486877441e-01
-1.599851846694946289e-01
-7.043474316596984863e-01
-8.621907234191894531e-01
2.206237465143203735e-01
3.492754399776458740e-01
5.951859951019287109e-01
4.441493377089500427e-02
1.953388899564743042e-01
1.049136966466903687e-01
-2.435899712145328522e-02
8.055137097835540771e-02
-7.452188730239868164e-01
-5.063545703887939453e-01
-1.427896320819854736e-01
-7.929217070341110229e-02
-7.397975772619247437e-02
-1.627784073352813721e-01
-4.443475902080535889e-01
-8.299820125102996826e-02
-7.699251174926757812e-02
3.478779494762420654e-01
2.212130874395370483e-01
-2.011701911687850952e-01
3.895394206047058105e-01
-1.082302331924438477e+00
2.782061100006103516e-01
-6.192569136619567871e-01
-2.035054862499237061e-01
3.606241941452026367e-01
9.525331109762191772e-02
-6.318333745002746582e-02
-4.828324317932128906e-01
-9.190855547785758972e-03
-2.321754693984985352e-01
-5.626485943794250488e-01
7.006748318672180176e-01
5.225656181573867798e-02
-1.127396002411842346e-01
-4.587040841579437256e-01
4.224585294723510742e-01
-7.458966374397277832e-01
-3.562184572219848633e-01
-1.107131391763687134e-01
8.380764722824096680e-02
-3.387131094932556152e-01
3.960362970829010010e-01
2.473790347576141357e-01
-4.156675636768341064e-01
-1.273293942213058472e-01
-2.962319254875183105e-01
-4.512466192245483398e-01
-2.849208712577819824e-01
1.562072485685348511e-01
4.309943318367004395e-01
-1.142726838588714600e-01
6.028449535369873047e-01
-7.171707749366760254e-01
8.060490489006042480e-01
-9.775113463401794434e-01
5.740069150924682617e-01
-6.656053066253662109e-01
1.851814836263656616e-01
5.107884109020233154e-02
-2.387867569923400879e-01
-5.141669511795043945e-01
-3.072364926338195801e-01
-6.225859522819519043e-01
-4.924067109823226929e-02
-3.012482449412345886e-02
3.274127542972564697e-01
3.416892886161804199e-01
-7.803909778594970703e-01
-4.958516731858253479e-02
-6.798630952835083008e-01
-1.336832791566848755e-01
2.439836859703063965e-01
5.639654397964477539e-01
5.094618797302246094e-01
-1.876401528716087341e-02
-2.304352372884750366e-01
1.326355934143066406e-01
8.339267224073410034e-02
-5.211375355720520020e-01
-2.101045846939086914e-01
-4.320154432207345963e-03
3.568377196788787842e-01
4.208603501319885254e-01
3.955592811107635498e-01
-2.609648406505584717e-01
2.265190780162811279e-01
-1.601004302501678467e-01
-5.247752070426940918e-01
-2.217258661985397339e-01
-2.428373247385025024e-01
-5.531432032585144043e-01
-9.189713597297668457e-01
-8.126851916313171387e-01
4.750716984272003174e-01
8.484852313995361328e-02
-5.465622246265411377e-02
2.374779284000396729e-01
1.060970127582550049e-02
5.607743263244628906e-01
6.531885862350463867e-01
1.460494697093963623e-01
3.539728820323944092e-01
-1.628171280026435852e-02
-1.362696588039398193e-01
-2.475579679012298584e-01
4.541799426078796387e-01
3.029394447803497314e-01
2.943283319473266602e-01
1.071772053837776184e-01
-1.872780025005340576e-01
-4.351074397563934326e-01
-1.069460034370422363e+00
-5.621388554573059082e-01
-5.801366567611694336e-01
-3.393306210637092590e-02
5.972410440444946289e-01
-1.777491122484207153e-01
3.502706587314605713e-01
-3.639253377914428711e-01
1.154193058609962463e-01
-4.562632739543914795e-01
2.914369106292724609e-01
9.337309747934341431e-02
3.741656541824340820e-01
-4.739626944065093994e-01
-1.971464753150939941e-01
-4.992947578430175781e-01
-1.227993726730346680e+00
-1.060224771499633789e+00
2.033487409353256226e-01
7.233167886734008789e-01
-6.349205225706100464e-02
-1.761082708835601807e-01
-3.239129483699798584e-01
-6.478055715560913086e-01
6.240531429648399353e-02
1.914470046758651733e-01
-2.097876556217670441e-02
-3.474917113780975342e-01
1.512084156274795532e-01
9.075817465782165527e-02
-1.538937091827392578e+00
-1.825405657291412354e-01
4.702883958816528320e-01
4.942031502723693848e-01
5.220186710357666016e-01
5.323107354342937469e-03
-1.478290557861328125e-01
-1.315679311752319336e+00
1.521286964416503906e-01
-2.072217911481857300e-01
4.512385651469230652e-02
4.192866981029510498e-01
1.509889960289001465e-01
3.531166315078735352e-01
-4.768289923667907715e-01
-1.695286780595779419e-01
-6.545770168304443359e-01
-7.401639223098754883e-02
4.572661519050598145e-01
1.878445148468017578e-01
-1.477900445461273193e-01
2.617862820625305176e-01
-5.593948364257812500e-01
-1.238105177879333496e+00
-6.711404323577880859e-01
4.978596232831478119e-03
-3.305126447230577469e-03
3.846554756164550781e-01
3.286340832710266113e-01
3.299332261085510254e-01
-1.552453637123107910e-01
7.417780160903930664e-02
-2.462268769741058350e-01
-4.687537550926208496e-01
-9.393725991249084473e-01
5.666055679321289062e-01
1.707068681716918945e-01
-2.260315865278244019e-01
-3.690326213836669922e-01
1.370688527822494507e-02
-7.432689666748046875e-01
2.544373273849487305e-01
-2.927273213863372803e-01
-1.609078794717788696e-01
4.581981897354125977e-01
5.881642103195190430e-01
-8.278372883796691895e-02
2.928462922573089600e-01
-5.092846751213073730e-01
-3.983459249138832092e-02
-3.589448034763336182e-01
-5.254904627799987793e-01
3.121095895767211914e-01
8.403959274291992188e-01
1.694856733083724976e-01
-7.755731940269470215e-01
-8.822534084320068359e-01
-1.880239248275756836e-01
9.220094978809356689e-02
2.708658576011657715e-03
-9.878611564636230469e-02
-6.157514452934265137e-01
-5.332280397415161133e-01
-2.159829996526241302e-02
-1.386705994606018066e+00
1.348087638616561890e-01
4.882327914237976074e-01
-6.664191186428070068e-02
3.625363111495971680e-01
8.212506771087646484e-02
-1.513252556324005127e-01
4.345881752669811249e-03
-7.565167546272277832e-01
-1.932507306337356567e-01
1.824745386838912964e-01
3.485264778137207031e-01
-9.090324491262435913e-02
2.614123001694679260e-02
3.590400218963623047e-01
-3.322034776210784912e-01
3.454213440418243408e-01
-4.258095324039459229e-01
-3.319490253925323486e-01
6.402002573013305664e-01
-3.257757127285003662e-01
-5.829871818423271179e-02
4.392661154270172119e-01
1.004924066364765167e-02
-3.402582108974456787e-01
-8.111790418624877930e-01
3.041992187500000000e-01
5.436170473694801331e-02
