3.508539870381355286e-02
-4.146015271544456482e-02
-1.502535343170166016e-01
-4.917624592781066895e-02
-1.781499087810516357e-01
-3.832449018955230713e-01
3.805893361568450928e-01
2.412375360727310181e-01
1.269414424896240234e-01
-3.137509226799011230e-01
8.868165612220764160e-01
5.370207428932189941e-01
-3.469302356243133545e-01
6.211918592453002930e-01
-1.138085246086120605e+00
6.769964005798101425e-03
-4.853304624557495117e-01
-2.261924147605895996e-01
-2.804258167743682861e-01
-2.916959226131439209e-01
-3.740805014967918396e-02
-1.200119853019714355e-01
7.347770780324935913e-02
-3.297755718231201172e-01
-5.457468330860137939e-02
9.123405814170837402e-02
6.545171737670898438e-01
1.047393798828125000e+00
-5.345422029495239258e-01
2.991611361503601074e-01
-7.912392020225524902e-01
-2.025014907121658325e-01
-5.152823328971862793e-01
-1.005704522132873535e+00
-1.028952598571777344e+00
5.924800876528024673e-03
-3.932553529739379883e-01
4.117980599403381348e-01
3.328942954540252686e-01
4.881351590156555176e-01
4.906315505504608154e-01
1.450557559728622437e-01
-3.924223482608795166e-01
2.855403423309326172e-01
-5.468910932540893555e-01
5.007428526878356934e-01
5.451800823211669922e-01
5.227761864662170410e-01
2.419932633638381958e-01
-1.812654733657836914e-01
-1.010869622230529785e+00
-3.310361802577972412e-01
-9.456584453582763672e-01
-4.687157869338989258e-01
1.419220715761184692e-01
-2.166460603475570679e-01
3.526311814785003662e-01
-2.561843693256378174e-01
4.065333008766174316e-01
7.242061197757720947e-02
1.019584387540817261e-01
6.465693004429340363e-03
8.662540912628173828e-01
-6.261301040649414062e-02
1.451160907745361328e-01
2.768113315105438232e-01
-6.705998182296752930e-01
1.110323518514633179e-01
-1.001531600952148438e+00
-6.778675913810729980e-01
-1.012632489204406738e+00
-4.951873719692230225e-01
-1.315122693777084351e-01
2.833598256111145020e-01
-4.273494780063629150e-01
1.327315121889114380e-01
5.242711305618286133e-01
2.830888330936431885e-01
1.430996060371398926e+00
-3.820479512214660645e-01
-1.151435077190399170e-01
-2.046909034252166748e-01
-7.089672982692718506e-02
6.779591441154479980e-01
-4.274614527821540833e-02
-1.590230502188205719e-02
-4.266843497753143311e-01
-3.306016325950622559e-01
-1.650997549295425415e-01
-9.538847953081130981e-02
-1.723546683788299561e-01
-4.283385276794433594e-01
-3.701850771903991699e-01
-3.390572667121887207e-01
8.193796873092651367e-01
-6.697581410408020020e-01
-1.989561170339584351e-01
-7.942538708448410034e-02
-3.381626009941101074e-01
4.617364406585693359e-01
3.148966133594512939e-01
-1.511632353067398071e-01
-5.828743427991867065e-02
6.922571659088134766e-01
-1.561357229948043823e-01
-6.002047061920166016e-01
-3.893271982669830322e-01
-6.842954158782958984e-01
-1.302082324400544167e-03
1.017872452735900879e+00
-6.602710485458374023e-02
-2.651395499706268311e-01
-6.781867742538452148e-01
-2.315966188907623291e-01
-2.400298863649368286e-01
4.238246083259582520e-01
5.823175907135009766e-01
1.041817545890808105e+00
-9.963210821151733398e-01
8.377838879823684692e-02
-1.803417354822158813e-01
4.616100341081619263e-02
-2.746324241161346436e-01
1.110866308212280273e+00
4.412645399570465088e-01
8.923678994178771973e-01
7.406351715326309204e-02
-6.799878925085067749e-02
-1.936963200569152832e-01
-1.234582290053367615e-01
-9.594430923461914062e-01
-3.780040442943572998e-01
-1.128380179405212402e+00
-2.715257704257965088e-01
-7.178496718406677246e-01
-1.367548853158950806e-01
-2.235716581344604492e-01
5.465577244758605957e-01
-2.132184952497482300e-01
2.799734771251678467e-01
-4.259952604770660400e-01
-1.935379505157470703e-01
2.616100907325744629e-01
-2.097860872745513916e-01
4.375782608985900879e-01
-7.375385165214538574e-01
-7.918522953987121582e-01
1.623751819133758545e-01
2.436548918485641479e-01
1.375313848257064819e-01
1.060781702399253845e-01
1.010958030819892883e-01
4.571951031684875488e-01
-3.420593440532684326e-01
9.009215235710144043e-02
7.324973940849304199e-01
-2.168582528829574585e-01
5.424849390983581543e-01
-8.623923659324645996e-01
-3.056581616401672363e-01
-5.677366256713867188e-01
-4.880791604518890381e-01
-1.185168862342834473e+00
-3.712579905986785889e-01
1.447350680828094482e-01
3.368431031703948975e-01
8.701294064521789551e-01
1.084403693675994873e-01
2.640214860439300537e-01
-7.400725036859512329e-03
3.750550150871276855e-01
-3.693513572216033936e-02
1.567353159189224243e-01
4.168796837329864502e-01
-1.550303697586059570e-01
1.392641514539718628e-01
3.602590560913085938e-01
-1.615559011697769165e-01
8.496734499931335449e-01
-9.929122924804687500e-01
1.871777027845382690e-01
-1.129449963569641113e+00
2.953429818153381348e-01
-1.711396574974060059e-01
4.184445738792419434e-01
-1.568021178245544434e+00
-3.941044956445693970e-02
-2.291284799575805664e-01
-2.039659261703491211e+00
-9.074007868766784668e-01
1.412957310676574707e-01
-1.018203794956207275e-01
-1.887655854225158691e-01
-1.317881699651479721e-02
1.128229219466447830e-02
3.556073009967803955e-01
3.391930833458900452e-02
4.715204536914825439e-01
5.279718041419982910e-01
5.743991732597351074e-01
1.816131919622421265e-02
6.911813616752624512e-01
-2.434484511613845825e-01
-9.258221387863159180e-01
5.481109619140625000e-01
-2.388984560966491699e-01
4.047649204730987549e-01
9.668950736522674561e-02
8.292018622159957886e-02
-3.025028705596923828e-01
-9.697650671005249023e-01
-5.425131320953369141e-01
-1.995580792427062988e-01
-4.659882485866546631e-01
-1.763401553034782410e-02
1.000970304012298584e-01
4.976381957530975342e-01
5.433324724435806274e-02
2.536269724369049072e-01
-1.487710773944854736e-01
2.514064610004425049e-01
1.324567347764968872e-01
2.938496172428131104e-01
-7.896620631217956543e-01
-2.724703848361968994e-01
-2.959337234497070312e-01
-1.357631981372833252e-01
3.515475988388061523e-02
4.128016903996467590e-02
-6.470581889152526855e-01
-2.401486039161682129e-01
3.806224837899208069e-02
-3.178273439407348633e-01
-2.881949245929718018e-01
-1.824318319559097290e-01
-5.434332489967346191e-01
-2.351756393909454346e-01
-2.124096900224685669e-01
5.676081180572509766e-01
-4.356187582015991211e-01
9.970244765281677246e-01
6.698188781738281250e-01
2.739791870117187500e-01
6.138085722923278809e-01
-1.605140715837478638e-01
5.064097791910171509e-02
-3.197548985481262207e-01
-2.735247910022735596e-01
-1.391210794448852539e+00
-3.518325686454772949e-01
-8.882253170013427734e-01
-1.469344049692153931e-01
-1.323656141757965088e-01
-2.865136265754699707e-01
4.102811515331268311e-01
-3.673439919948577881e-01
-5.135326385498046875e-01
-2.229426801204681396e-02
1.395574361085891724e-01
3.882812261581420898e-01
7.984190583229064941e-01
1.204223185777664185e-02
-8.756833672523498535e-01
-1.143990978598594666e-01
-9.646589756011962891e-01
-3.084510862827301025e-01
3.060393035411834717e-01
-5.063599348068237305e-01
-3.728513419628143311e-02
-9.046006202697753906e-02
-3.437155783176422119e-01
8.178374171257019043e-01
6.027207970619201660e-01
-1.430086940526962280e-01
2.922214567661285400e-01
1.346265971660614014e-01
-2.556553184986114502e-01
4.932275041937828064e-02
-9.911255836486816406e-01
-2.407753467559814453e-01
-3.801621496677398682e-01
1.000452116131782532e-01
-8.551966398954391479e-02
3.346304297447204590e-01
-4.429534077644348145e-02
-1.741109788417816162e-01
-9.706278890371322632e-02
2.624069750308990479e-01
-2.714776396751403809e-01
8.721107840538024902e-01
-2.767894975841045380e-02
8.320540934801101685e-02
-5.638123154640197754e-01
5.555059388279914856e-02
-6.429333090782165527e-01
3.119100630283355713e-01
-2.793397307395935059e-01
-3.214708864688873291e-01
-2.162400484085083008e-01
-7.160711288452148438e-02
-1.935006976127624512e-01
-4.027487039566040039e-01
2.372327893972396851e-01
-2.256736606359481812e-01
6.433067917823791504e-01
-2.369333207607269287e-01
8.232380151748657227e-01
-3.574308753013610840e-01
9.803873300552368164e-02
4.026164114475250244e-02
-3.540196716785430908e-01
-7.561763375997543335e-02
3.069073855876922607e-01
-2.311277985572814941e-01
-1.522480398416519165e-01
-2.553863525390625000e-01
3.550321608781814575e-02
-5.996980667114257812e-01
-3.978237807750701904e-01
-7.817752957344055176e-01
-1.283195734024047852e+00
9.454754590988159180e-01
-8.150615096092224121e-01
2.743591070175170898e-01
8.588916063308715820e-02
-2.885448634624481201e-01
-6.209384799003601074e-01
-2.573175728321075439e-01
1.143548637628555298e-01
5.766028538346290588e-02
2.332908287644386292e-02
4.842120110988616943e-01
2.885096967220306396e-01
1.111064672470092773e+00
2.863030731678009033e-01
9.204168319702148438e-01
-2.059768587350845337e-01
-1.796243488788604736e-01
-1.039793610572814941e+00
-1.041014075279235840e+00
-3.877364397048950195e-01
-6.978281736373901367e-01
-5.565090104937553406e-02
-1.976154297590255737e-01
-1.428228914737701416e-01
1.735638678073883057e-01
4.161870479583740234e-01
-5.480175018310546875e-01
3.436566889286041260e-01
3.731888830661773682e-01
-2.582880854606628418e-01
5.981553196907043457e-01
-3.914095759391784668e-01
-2.147117108106613159e-01
-3.573672473430633545e-01
-2.204404622316360474e-01
-5.562265515327453613e-01
-1.553634405136108398e-01
-3.900986909866333008e-01
-2.394170910120010376e-01
3.834195807576179504e-02
4.498478472232818604e-01
1.411311924457550049e-01
2.770960330963134766e-01
-5.426276102662086487e-02
-3.237272799015045166e-01
5.282415151596069336e-01
-2.158117741346359253e-01
5.408532023429870605e-01
7.907843589782714844e-02
-2.539082169532775879e-01
5.940346792340278625e-02
-2.416562139987945557e-01
8.415477871894836426e-01
-7.966842055320739746e-01
-7.818881869316101074e-01
6.908161938190460205e-02
-1.940275281667709351e-01
-2.198357135057449341e-01
-5.537657737731933594e-01
-1.247999519109725952e-01
3.454555869102478027e-01
6.668096780776977539e-01
4.792344272136688232e-01
1.919734328985214233e-01
3.775734007358551025e-01
-1.338062882423400879e-01
-1.892974078655242920e-01
3.033010959625244141e-01
-5.994473025202751160e-02
2.870778143405914307e-01
-3.054692149162292480e-01
-5.006889700889587402e-01
-8.251770138740539551e-01
-4.339807927608489990e-01
1.424408107995986938e-01
-7.081686854362487793e-01
-1.332618594169616699e-01
2.583985626697540283e-01
6.165883541107177734e-01
-9.349072724580764771e-02
7.893834710121154785e-01
-7.939562797546386719e-01
4.162466526031494141e-02
-9.061320424079895020e-01
1.563161164522171021e-01
-7.812980413436889648e-01
-1.982467714697122574e-03
1.882613450288772583e-01
-1.505352705717086792e-01
-2.105051279067993164e-01
-6.124737262725830078e-01
-2.790415287017822266e-01
2.377522140741348267e-01
3.922994136810302734e-01
3.070457279682159424e-01
1.100417971611022949e-01
-4.616806209087371826e-01
-6.045334935188293457e-01
9.127039462327957153e-02
3.927611410617828369e-01
-2.854120135307312012e-01
5.358754396438598633e-01
-2.176342606544494629e-01
-2.682211697101593018e-01
-2.717798203229904175e-02
-1.991348266601562500e+00
-1.001916766166687012e+00
-1.054445505142211914e+00
6.987468004226684570e-01
7.652635574340820312e-01
1.136107444763183594e+00
-1.090154275298118591e-01
-7.590933144092559814e-02
4.588968679308891296e-02
4.045971035957336426e-01
-6.163747906684875488e-01
7.207580208778381348e-01
5.708851218223571777e-01
-2.443643361330032349e-01
7.383076101541519165e-02
-3.808664977550506592e-01
-7.588658928871154785e-01
2.947393357753753662e-01
-5.534297823905944824e-01
5.306346416473388672e-01
2.445302903652191162e-01
-1.103268146514892578e+00
-8.131510764360427856e-02
-5.097892880439758301e-01
-3.688478767871856689e-01
-2.094030976295471191e-01
-9.825697541236877441e-02
-3.949513733386993408e-01
-5.286688804626464844e-01
1.738292276859283447e-01
2.154993265867233276e-01
-2.340295165777206421e-01
4.088748991489410400e-01
2.926251590251922607e-01
7.091444730758666992e-01
9.904015809297561646e-02
2.256540507078170776e-01
-1.246214583516120911e-01
1.132552549242973328e-01
4.564879462122917175e-02
1.462076008319854736e-01
-4.930853843688964844e-01
-7.088143378496170044e-02
-5.144985392689704895e-02
-5.992845892906188965e-01
2.444643974304199219e-01
-6.100497245788574219e-01
-4.404775202274322510e-01
5.321702957153320312e-01
2.915014326572418213e-01
-3.595007359981536865e-01
-3.520441651344299316e-01
4.426584243774414062e-01
6.962264180183410645e-01
-4.536434113979339600e-01
-3.071457743644714355e-01
-5.843668580055236816e-01
-3.424746692180633545e-01
-4.412863254547119141e-01
-7.952435016632080078e-01
-1.952485553920269012e-02
-4.059374332427978516e-01
-4.988819658756256104e-01
-1.404103636741638184e-02
1.358317732810974121e-01
2.152940183877944946e-01
-4.867136478424072266e-01
-4.427401125431060791e-01
-9.081292897462844849e-02
3.320663273334503174e-01
1.260150969028472900e-01
5.768669843673706055e-01
2.720471918582916260e-01
2.038450725376605988e-02
-3.116913139820098877e-01
7.849040031433105469e-01
2.170106768608093262e-01
2.334438450634479523e-02
2.446005791425704956e-01
-7.245753407478332520e-01
1.039012074470520020e+00
9.322902560234069824e-02
2.440694719552993774e-02
-4.242894947528839111e-01
-1.500633955001831055e+00
2.724452614784240723e-01
-8.171053528785705566e-01
