-1.750156730413436890e-01
8.775065541267395020e-01
-6.675845980644226074e-01
2.408574372529983521e-01
1.056331276893615723e+00
3.600623309612274170e-01
-4.247595667839050293e-01
2.231586724519729614e-01
1.656883060932159424e-01
-2.633141875267028809e-01
-1.780144870281219482e-01
-1.831790059804916382e-01
3.587136045098304749e-02
4.228385537862777710e-02
-8.788470178842544556e-02
2.967754602432250977e-01
8.957099169492721558e-02
1.075972199440002441e+00
1.478408575057983398e+00
5.965959429740905762e-01
2.888216972351074219e-01
9.727762341499328613e-01
-5.738076567649841309e-01
-5.899384021759033203e-01
-1.156976103782653809e+00
-8.895550370216369629e-01
-8.870481848716735840e-01
-7.117937207221984863e-01
-7.587782144546508789e-01
1.291999697685241699e+00
-6.215681508183479309e-02
4.796298146247863770e-01
3.711528480052947998e-01
9.177364706993103027e-01
6.172680854797363281e-02
9.805999994277954102e-01
-6.227740645408630371e-01
5.521112680435180664e-01
-1.440153457224369049e-03
3.696317598223686218e-02
-1.488486677408218384e-01
-6.353785395622253418e-01
-1.875747293233871460e-01
3.249310329556465149e-02
-8.173753619194030762e-01
1.071295380592346191e+00
9.517454504966735840e-01
1.615791022777557373e-01
6.866549253463745117e-01
2.829884290695190430e-01
-1.193941906094551086e-01
9.126241784542798996e-04
-1.496442109346389771e-01
3.953854739665985107e-01
4.810033738613128662e-01
-7.372716665267944336e-01
-1.388679742813110352e-01
1.519150614738464355e+00
-8.319869637489318848e-01
-2.925484478473663330e-01
-5.905991196632385254e-01
-9.575685858726501465e-01
-5.383166074752807617e-01
-4.401076585054397583e-02
-7.765948176383972168e-01
4.628768861293792725e-01
3.571209907531738281e-01
4.964481592178344727e-01
7.655143141746520996e-01
1.055945977568626404e-01
-1.536534279584884644e-01
2.669400274753570557e-01
-1.178624153137207031e+00
-2.758587151765823364e-02
2.854698300361633301e-01
-4.334549605846405029e-01
9.600888490676879883e-01
6.421742439270019531e-01
-4.406127631664276123e-01
8.408989310264587402e-01
1.143415689468383789e+00
1.260576128959655762e+00
1.750369429588317871e+00
-6.196649074554443359e-01
-3.386643826961517334e-01
1.027815490961074829e-01
-1.337645053863525391e+00
1.354281604290008545e-02
-8.316849172115325928e-02
-1.994125097990036011e-01
1.190765053033828735e-01
3.446935415267944336e-01
3.852875530719757080e-01
6.775670051574707031e-01
-3.224476799368858337e-02
-9.476549029350280762e-01
5.745886266231536865e-02
-4.582531750202178955e-01
-5.819187164306640625e-01
4.802364483475685120e-02
9.189969897270202637e-01
7.433913350105285645e-01
3.844532072544097900e-01
7.751356810331344604e-02
9.059769511222839355e-01
-7.449843287467956543e-01
-6.417656540870666504e-01
1.996736526489257812e-01
-2.205255925655364990e-01
-3.240435421466827393e-01
7.061207294464111328e-02
-4.169193208217620850e-01
-7.032337784767150879e-02
-1.430292576551437378e-01
-9.351254105567932129e-01
-4.203376919031143188e-02
5.231266021728515625e-01
6.531909573823213577e-03
-2.170563936233520508e-01
1.625843048095703125e-01
7.583518326282501221e-02
1.778684854507446289e-01
-1.185570657253265381e-01
-7.695950567722320557e-02
5.704849958419799805e-01
1.231048405170440674e-01
2.032264918088912964e-01
6.486418247222900391e-01
2.898003160953521729e-01
1.638691186904907227e+00
-3.590391948819160461e-02
3.561978936195373535e-01
3.767656385898590088e-01
-5.628269910812377930e-01
-3.517262637615203857e-01
9.345093965530395508e-01
-5.132387280464172363e-01
7.331880927085876465e-02
6.324253082275390625e-01
2.659929990768432617e-01
-5.167165994644165039e-01
-3.101724386215209961e-01
-3.449969887733459473e-01
-5.414978861808776855e-01
-3.882783651351928711e-02
-9.876187890768051147e-02
-1.114594817161560059e+00
1.233963146805763245e-01
4.918572604656219482e-01
3.064998984336853027e-01
2.510225474834442139e-01
8.599461913108825684e-01
-1.963980346918106079e-01
1.405976265668869019e-01
-6.389633417129516602e-01
5.036416649818420410e-02
-2.641224861145019531e-01
-1.826899349689483643e-01
-4.551521837711334229e-01
3.887468203902244568e-02
6.382052898406982422e-01
5.645939707756042480e-01
5.747122764587402344e-01
5.387841463088989258e-01
-4.110412672162055969e-02
5.668956041336059570e-01
3.760617673397064209e-01
-6.744380593299865723e-01
-3.204408884048461914e-01
-5.364438891410827637e-01
-5.635728836059570312e-01
-7.024462819099426270e-01
-5.235934257507324219e-01
-1.325225532054901123e-01
-2.794507741928100586e-01
-6.174517869949340820e-01
9.190789610147476196e-02
8.161450028419494629e-01
9.482672214508056641e-01
8.208839297294616699e-01
4.573089480400085449e-01
-1.795166134834289551e-01
8.307886123657226562e-01
2.431453764438629150e-01
-6.060190200805664062e-01
-1.069435119628906250e+00
-3.966585397720336914e-01
-3.627885580062866211e-01
-1.009357213973999023e+00
-4.275370538234710693e-01
1.015587687492370605e+00
-2.657078802585601807e-01
3.140311837196350098e-01
5.852213501930236816e-01
-2.121187150478363037e-01
1.537801325321197510e-01
3.005118370056152344e-01
-2.063571214675903320e-01
-3.960904106497764587e-02
1.119973585009574890e-01
-1.064317300915718079e-01
1.010945677757263184e+00
9.997591972351074219e-01
5.262205004692077637e-01
6.429350376129150391e-01
-9.044260978698730469e-01
-8.638700246810913086e-01
-3.752002418041229248e-01
-3.927066028118133545e-01
4.570172727108001709e-01
1.142523646354675293e+00
1.632832288742065430e-01
3.382433056831359863e-01
8.090854622423648834e-03
4.916365258395671844e-03
-3.519807457923889160e-01
-4.151485562324523926e-01
6.643240898847579956e-02
-4.545361995697021484e-01
-9.110783338546752930e-01
9.040955901145935059e-01
6.751177310943603516e-01
1.058916375041007996e-01
-3.852498829364776611e-01
-8.851825445890426636e-02
-8.038463592529296875e-01
-5.484746694564819336e-01
1.504904478788375854e-01
6.554244458675384521e-02
-1.834658235311508179e-01
-2.339001595973968506e-01
3.653456568717956543e-01
8.095894455909729004e-01
2.828093171119689941e-01
1.002432227134704590e+00
9.748379588127136230e-01
7.086918950080871582e-01
-4.304902851581573486e-01
-4.102536439895629883e-01
-1.735693067312240601e-01
-2.955233752727508545e-01
-5.382484793663024902e-01
-3.333716988563537598e-01
3.332777619361877441e-01
-6.474239230155944824e-01
-2.223067730665206909e-01
1.902274042367935181e-02
3.344884216785430908e-01
1.650101393461227417e-01
8.657202720642089844e-01
5.172035694122314453e-01
7.232256531715393066e-01
1.396800160408020020e+00
1.089796185493469238e+00
3.858180344104766846e-01
-3.796096518635749817e-02
-1.750406324863433838e-01
-4.519535601139068604e-01
-3.697570562362670898e-01
-8.312740176916122437e-02
-1.248901605606079102e+00
-5.287789702415466309e-01
2.299525737762451172e-01
-2.130051851272583008e-01
-1.449875235557556152e-01
2.682823836803436279e-01
-6.885583400726318359e-01
5.830993652343750000e-01
2.564704716205596924e-01
2.918793559074401855e-01
1.508407592773437500e+00
5.129176974296569824e-01
-2.913702428340911865e-01
1.075929164886474609e+00
-7.094492316246032715e-01
-7.991763949394226074e-01
-3.036249876022338867e-01
-1.204002276062965393e-01
4.577599763870239258e-01
5.316634774208068848e-01
-5.988419651985168457e-01
1.379723906517028809e+00
-3.819729387760162354e-01
5.909718573093414307e-02
8.169020712375640869e-02
-2.643519341945648193e-01
-7.260254025459289551e-01
3.796104490756988525e-01
-3.458507359027862549e-01
-1.109555885195732117e-01
9.147607535123825073e-02
5.423920154571533203e-01
1.111171722412109375e+00
5.180429667234420776e-02
-5.035669207572937012e-01
4.262028634548187256e-02
-3.601714670658111572e-01
-8.283330500125885010e-02
-7.655640840530395508e-01
-5.906549096107482910e-01
2.177783846855163574e-01
-2.750360369682312012e-01
4.396606385707855225e-01
8.243931531906127930e-01
3.550519049167633057e-01
5.577613115310668945e-01
5.929615497589111328e-01
-5.302024483680725098e-01
2.656450271606445312e-01
-4.049949347972869873e-02
6.919221282005310059e-01
8.715422153472900391e-01
7.208161950111389160e-01
-2.753871083259582520e-01
1.393608935177326202e-02
-5.830307602882385254e-01
-5.693966150283813477e-01
-4.159197807312011719e-01
-1.154199708253145218e-02
2.222489267587661743e-01
-9.589718580245971680e-01
4.585016518831253052e-02
5.137860178947448730e-01
9.031784534454345703e-02
1.701630473136901855e+00
4.959638416767120361e-01
3.989460766315460205e-01
3.202766925096511841e-02
-7.770944833755493164e-01
1.937729567289352417e-01
-3.859753608703613281e-01
-2.299785017967224121e-01
-4.105656147003173828e-01
-3.814077675342559814e-01
-1.196393370628356934e-01
1.532106637954711914e+00
5.199222564697265625e-01
6.156097650527954102e-01
4.947337508201599121e-01
-6.277546286582946777e-01
3.764450550079345703e-01
2.675691545009613037e-01
-3.514761924743652344e-01
-4.254285097122192383e-01
1.991510987281799316e-01
-5.366966724395751953e-01
-6.720484793186187744e-02
-4.059269726276397705e-01
5.134656429290771484e-01
2.425577163696289062e+00
-5.387471988797187805e-03
-5.625253319740295410e-01
6.218112707138061523e-01
-1.050528958439826965e-01
-6.336717009544372559e-01
-1.505874097347259521e-01
-3.610405623912811279e-01
6.809217333793640137e-01
-7.891711592674255371e-02
4.083501994609832764e-01
2.322381138801574707e-01
-1.149906292557716370e-01
-5.204315185546875000e-01
-1.734435409307479858e-01
-5.387048050761222839e-02
-4.535556733608245850e-01
7.390902042388916016e-01
1.562861204147338867e-01
-1.119152307510375977e+00
-3.287096321582794189e-01
-1.227129548788070679e-01
-6.419072747230529785e-01
1.368703842163085938e-01
5.958001017570495605e-01
3.510808944702148438e-01
2.096823900938034058e-01
4.895238280296325684e-01
-5.581385269761085510e-02
-8.645628690719604492e-01
-6.209573149681091309e-01
-4.420409500598907471e-01
2.249292731285095215e-01
-6.352227926254272461e-01
-5.769774317741394043e-01
2.627732157707214355e-01
1.482068002223968506e-01
-5.764194577932357788e-02
1.833185553550720215e-01
-8.439863473176956177e-02
-7.809528112411499023e-01
4.265377521514892578e-01
4.072351157665252686e-01
2.644168436527252197e-01
3.659047558903694153e-02
-2.103236317634582520e-02
7.711901068687438965e-01
-3.592258393764495850e-01
-1.175062954425811768e-01
2.113345861434936523e-01
1.145245954394340515e-01
-4.535890519618988037e-01
8.388121128082275391e-01
1.099550798535346985e-01
5.136334300041198730e-01
1.077934026718139648e+00
1.076715946197509766e+00
-5.329425930976867676e-01
1.855967193841934204e-02
-6.260652542114257812e-01
-5.737008452415466309e-01
2.345735728740692139e-01
8.891312405467033386e-03
2.017135471105575562e-01
2.361377328634262085e-01
-3.471626043319702148e-01
3.135940432548522949e-01
1.680083125829696655e-01
5.760937333106994629e-01
8.283454179763793945e-01
-2.313372679054737091e-03
9.300664812326431274e-02
8.595448732376098633e-01
-7.736702561378479004e-01
-5.544574260711669922e-01
-9.739834815263748169e-02
1.650804728269577026e-01
4.180412292480468750e-01
4.135781526565551758e-01
-4.420868754386901855e-01
-2.502702772617340088e-01
3.363637030124664307e-01
1.318839907646179199e+00
4.580602794885635376e-02
-6.814768910408020020e-01
4.981761425733566284e-02
6.094520539045333862e-02
8.487884402275085449e-01
2.115075826644897461e+00
-3.889277875423431396e-01
-1.343568563461303711e+00
-5.570204854011535645e-01
2.641480863094329834e-01
9.455139935016632080e-02
2.508961409330368042e-02
-5.920332074165344238e-01
6.739699244499206543e-01
5.087023377418518066e-01
8.911682665348052979e-02
2.693032920360565186e-01
-1.959072500467300415e-01
3.059284389019012451e-01
1.451812982559204102e-01
-1.040232896804809570e+00
3.051594793796539307e-01
4.316294789314270020e-01
-4.321000576019287109e-01
-1.868542730808258057e-01
-3.853032290935516357e-01
-4.310903251171112061e-01
-7.905337214469909668e-01
-2.881882488727569580e-01
-1.245062425732612610e-01
9.194490313529968262e-01
4.738191962242126465e-01
6.995326280593872070e-02
1.230459690093994141e+00
1.104704737663269043e+00
9.113910794258117676e-01
7.366397976875305176e-01
5.270432680845260620e-02
-3.467953503131866455e-01
-1.355352997779846191e-01
-1.063836097717285156e+00
-6.269818544387817383e-01
-9.092550873756408691e-01
-3.386431038379669189e-01
-4.548203647136688232e-01
-2.438644915819168091e-01
-2.843261957168579102e-01
1.087321400642395020e+00
4.298260807991027832e-01
4.284240603446960449e-01
1.716059446334838867e+00
1.854743361473083496e-01
3.571899607777595520e-03
8.954072594642639160e-01
-3.279337882995605469e-01
6.365589052438735962e-02
1.233351007103919983e-01
-7.553634047508239746e-01
-1.906019896268844604e-01
4.706526994705200195e-01
5.848025679588317871e-01
2.056486010551452637e-01
1.140589267015457153e-02
-7.863148450851440430e-01
9.341084957122802734e-02
1.545281559228897095e-01
-2.465349733829498291e-01
3.603084385395050049e-01
-5.032022595405578613e-01
-6.937245726585388184e-01
3.578971698880195618e-02
-1.932982355356216431e-01
2.905183136463165283e-01
4.699196815490722656e-01
-3.350991308689117432e-01
-1.370170563459396362e-01
5.581302642822265625e-01
3.521831631660461426e-01
-5.623529851436614990e-02
1.428590416908264160e-01
-2.332217246294021606e-02
