-1.574532538652420044e-01
-1.736874729394912720e-01
1.829258948564529419e-01
-3.470472693443298340e-01
-8.717568963766098022e-02
-2.739667892456054688e-03
-7.092490792274475098e-01
-6.871723383665084839e-02
-2.368395328521728516e-01
-5.899388715624809265e-02
1.137155443429946899e-01
-2.517449259757995605e-01
4.554709494113922119e-01
4.726892709732055664e-02
4.922097027301788330e-01
-2.828834354877471924e-01
1.813959926366806030e-01
2.022858522832393646e-02
2.127723842859268188e-01
1.084985852241516113e+00
1.551820486783981323e-01
4.670439064502716064e-01
2.685166001319885254e-01
-5.859474092721939087e-02
-3.548112809658050537e-01
3.050902672111988068e-02
-1.166208460927009583e-01
-5.921320915222167969e-01
-6.473630666732788086e-01
-5.303847789764404297e-02
2.975828051567077637e-01
3.007768690586090088e-01
7.721784710884094238e-01
1.317722648382186890e-01
6.857836842536926270e-01
-1.577888429164886475e-01
7.924407124519348145e-01
-9.309810996055603027e-01
-1.973464488983154297e-01
-4.626287221908569336e-01
2.932251095771789551e-01
-2.501220405101776123e-01
2.653716802597045898e-01
-3.030503392219543457e-01
-2.392853051424026489e-01
5.381081625819206238e-02
6.135005950927734375e-01
3.331769406795501709e-01
2.357002161443233490e-02
-1.478106975555419922e-01
3.356427550315856934e-01
-7.228530943393707275e-02
4.372187852859497070e-01
1.174383759498596191e+00
-1.945974528789520264e-01
-2.728814780712127686e-01
-9.905805587768554688e-01
5.911428928375244141e-01
-4.285655915737152100e-01
-3.660179376602172852e-01
3.291280865669250488e-01
-5.951055884361267090e-01
-1.486152037978172302e-02
-1.415718644857406616e-01
1.465135365724563599e-01
9.961368050426244736e-04
-2.343582808971405029e-01
2.615037858486175537e-01
2.937922179698944092e-01
7.030227780342102051e-02
2.072700262069702148e-01
9.420400112867355347e-02
-1.525746136903762817e-01
-5.520789027214050293e-01
-9.317947924137115479e-02
5.113006234169006348e-01
1.270105838775634766e-01
1.015154004096984863e+00
1.721887290477752686e-01
5.799760222434997559e-01
5.786597132682800293e-01
1.432130485773086548e-01
-9.518577158451080322e-02
-9.424976110458374023e-01
-7.691376805305480957e-01
-7.373343110084533691e-01
2.769892811775207520e-01
1.092712767422199249e-02
-5.401264876127243042e-02
1.138725057244300842e-01
1.838726103305816650e-01
4.252091050148010254e-01
3.617831766605377197e-01
3.896084129810333252e-01
1.988947689533233643e-01
7.662260532379150391e-01
-1.191394403576850891e-01
6.500409245491027832e-01
-4.082398414611816406e-01
-4.562693238258361816e-01
-3.655143976211547852e-01
-4.779936373233795166e-01
2.834242880344390869e-01
-2.285816520452499390e-01
2.709991335868835449e-01
-6.207895278930664062e-01
-8.883727192878723145e-01
1.511187106370925903e-02
-1.948503404855728149e-01
4.468083381652832031e-01
3.757965266704559326e-01
1.244950518012046814e-01
-6.050195917487144470e-02
6.677809357643127441e-01
5.163795351982116699e-01
1.103171892464160919e-02
-7.235806584358215332e-01
-2.241036109626293182e-02
5.454881191253662109e-01
1.672960817813873291e-01
1.294420510530471802e-01
-5.167374610900878906e-01
2.705906033515930176e-01
-7.021025419235229492e-01
-3.127382099628448486e-01
1.510346680879592896e-01
3.700076639652252197e-01
2.670749723911285400e-01
-1.984493732452392578e-01
-1.231759712100028992e-01
6.467780563980340958e-03
2.638352811336517334e-01
3.524746298789978027e-01
-8.137462288141250610e-02
-1.681718975305557251e-02
5.013169646263122559e-01
5.226857066154479980e-01
5.165713280439376831e-02
9.017260074615478516e-01
-2.302125096321105957e-01
3.233050704002380371e-01
2.678329050540924072e-01
-3.570970892906188965e-01
-6.039841845631599426e-02
-7.751574516296386719e-01
-4.954801499843597412e-01
-3.132639229297637939e-01
-3.907973170280456543e-01
-1.608438938856124878e-01
1.156903356313705444e-01
2.209054976701736450e-01
7.319720983505249023e-01
9.579898416996002197e-02
5.019116997718811035e-01
2.101932168006896973e-01
-9.216568619012832642e-02
2.341262698173522949e-01
-6.966340541839599609e-01
-2.889402955770492554e-02
6.392832100391387939e-02
-5.395702719688415527e-01
1.224743016064167023e-02
-2.250511646270751953e-01
7.328569293022155762e-01
1.690614938735961914e+00
7.439621686935424805e-01
-1.315937876701354980e+00
2.872198224067687988e-01
1.054622754454612732e-01
5.477257966995239258e-01
4.023022949695587158e-01
-7.848477959632873535e-01
4.497642070055007935e-02
4.626316726207733154e-01
1.892697066068649292e-01
-1.038260579109191895e+00
-5.267103910446166992e-01
-7.947232723236083984e-01
-1.024878099560737610e-01
2.688427269458770752e-02
5.300998687744140625e-01
2.627638280391693115e-01
1.136273026466369629e+00
-9.066111445426940918e-01
4.138344228267669678e-01
-4.636754095554351807e-01
-3.243559300899505615e-01
-6.143396347761154175e-02
-4.517409801483154297e-01
4.504301548004150391e-01
8.297228217124938965e-01
1.256933361291885376e-01
-1.467950046062469482e-01
6.450703144073486328e-01
4.187491834163665771e-01
2.604853212833404541e-01
4.332242906093597412e-02
1.152936220169067383e-01
-3.220762312412261963e-01
-1.076379179954528809e+00
-8.386247158050537109e-01
-7.630919814109802246e-01
6.194217801094055176e-01
-2.058456540107727051e-01
4.122761487960815430e-01
1.315865397453308105e+00
-4.562594890594482422e-01
4.180095344781875610e-02
4.510892927646636963e-01
4.757730364799499512e-01
6.985458135604858398e-01
1.113804817199707031e+00
-7.299824804067611694e-02
-9.420154094696044922e-01
-7.621752023696899414e-01
-7.707529664039611816e-01
2.356893569231033325e-01
-2.169992625713348389e-01
9.469866752624511719e-01
-1.329502314329147339e-01
-1.381233781576156616e-01
-3.510518372058868408e-01
2.457539886236190796e-01
4.188205897808074951e-01
-4.377022981643676758e-01
1.516888141632080078e-01
-4.393597692251205444e-02
-5.422529578208923340e-01
9.991545975208282471e-02
-6.561229377985000610e-02
-6.210855022072792053e-02
1.998974978923797607e-01
-4.771626889705657959e-01
2.485438287258148193e-01
1.599894613027572632e-01
2.033722698688507080e-01
6.257093548774719238e-01
1.026851534843444824e-01
-3.635752946138381958e-02
3.913242816925048828e-01
-4.377791285514831543e-01
4.889766275882720947e-01
-2.190068513154983521e-01
-3.142879903316497803e-01
8.358266949653625488e-01
2.585255503654479980e-01
8.622719347476959229e-02
1.468622088432312012e-01
5.105462670326232910e-01
2.866330444812774658e-01
6.788200736045837402e-01
-1.375070214271545410e-01
2.394263744354248047e-01
-4.621497914195060730e-02
-2.583623230457305908e-01
-1.901941187679767609e-02
-5.432690680027008057e-02
-3.421677350997924805e-01
-5.300879478454589844e-01
-1.603606492280960083e-01
-9.153421968221664429e-02
-1.055428162217140198e-01
3.263365924358367920e-01
2.944669425487518311e-01
4.599809944629669189e-01
4.047167301177978516e-01
-8.649700134992599487e-02
4.999698698520660400e-01
-2.743542492389678955e-01
3.041206598281860352e-01
3.762210905551910400e-01
-1.746599376201629639e-01
4.415790438652038574e-01
-4.496336281299591064e-01
-4.410596489906311035e-01
-1.286726295948028564e-01
2.437100261449813843e-01
3.930738270282745361e-01
-5.847100913524627686e-02
-4.932630062103271484e-02
2.473204731941223145e-01
5.851747989654541016e-01
-6.544678807258605957e-01
-5.665171146392822266e-01
1.039798855781555176e-01
-2.140227854251861572e-01
-3.909266293048858643e-01
-4.623763561248779297e-01
6.904312968254089355e-01
1.281343698501586914e-01
6.438090205192565918e-01
4.455438554286956787e-01
4.575217664241790771e-01
1.109991520643234253e-01
8.507714271545410156e-01
-1.179298907518386841e-01
-2.732572257518768311e-01
-2.155742421746253967e-02
9.874125570058822632e-02
-5.863362550735473633e-01
1.798280179500579834e-01
-4.781879186630249023e-01
-5.468012094497680664e-01
1.495001435279846191e+00
-7.259021997451782227e-01
-3.993824422359466553e-01
-4.232852458953857422e-01
-1.086077392101287842e-01
3.008429706096649170e-01
5.145722031593322754e-01
1.374773263931274414e+00
9.142537117004394531e-01
6.829403042793273926e-01
-5.944117307662963867e-01
2.396601289510726929e-01
5.136903747916221619e-02
-1.321546673774719238e+00
-1.090740039944648743e-01
4.426231086254119873e-01
1.588757149875164032e-02
8.070722818374633789e-01
-9.539299011230468750e-01
5.170306563377380371e-01
2.470768755301833153e-03
-1.229275483638048172e-02
4.368284717202186584e-02
2.322253771126270294e-02
4.460662305355072021e-01
1.248876899480819702e-01
4.823570549488067627e-01
5.296805500984191895e-01
7.636234909296035767e-02
2.266599535942077637e-01
-3.607089221477508545e-01
2.000373750925064087e-01
-4.226236641407012939e-01
6.450915336608886719e-02
-2.953840494155883789e-01
3.823718726634979248e-01
-9.407213926315307617e-01
-2.936905026435852051e-01
-5.993096828460693359e-01
1.249561309814453125e+00
5.957034230232238770e-01
1.179459691047668457e+00
9.994842112064361572e-02
-2.180906683206558228e-01
4.687818512320518494e-02
9.120107442140579224e-02
-3.263770341873168945e-01
-5.649403929710388184e-01
1.574742197990417480e-01
-2.471062839031219482e-01
-3.052585721015930176e-01
2.480640709400177002e-01
8.536926507949829102e-01
8.758918642997741699e-01
-2.540643140673637390e-02
-5.180604457855224609e-01
-5.902978181838989258e-01
-3.656386435031890869e-01
-1.366799324750900269e-01
-9.155534207820892334e-02
-2.784759700298309326e-01
3.793747425079345703e-01
1.212015096098184586e-02
-2.232218384742736816e-01
2.722754776477813721e-01
-3.380765318870544434e-01
2.177554666996002197e-01
3.242214322090148926e-01
4.755354523658752441e-01
2.375606894493103027e-01
3.451851904392242432e-01
2.619582973420619965e-02
-7.929524034261703491e-02
3.137926459312438965e-01
9.493847936391830444e-02
-5.190126895904541016e-01
1.500925570726394653e-01
-5.898880586028099060e-02
-2.977349162101745605e-01
6.222005560994148254e-02
-8.031963109970092773e-01
1.932678520679473877e-01
6.142302416265010834e-03
-1.818654090166091919e-01
1.104460656642913818e-01
4.490373134613037109e-01
-1.543839424848556519e-01
-2.554272711277008057e-01
-1.444829534739255905e-02
1.530344635248184204e-01
3.819361329078674316e-01
1.534331738948822021e-01
-2.264080494642257690e-01
3.821276128292083740e-01
-4.456167221069335938e-01
-3.033982217311859131e-01
-6.618450880050659180e-01
3.145537078380584717e-01
-5.086603760719299316e-01
5.495869517326354980e-01
1.835034936666488647e-01
9.986540079116821289e-01
7.975320331752300262e-03
4.545259475708007812e-01
-7.683569192886352539e-02
6.592563986778259277e-01
2.656929194927215576e-01
2.788710296154022217e-01
-2.946128547191619873e-01
1.552239954471588135e-01
-3.259932100772857666e-01
4.139915704727172852e-01
4.376487135887145996e-01
2.646283507347106934e-01
9.891803860664367676e-01
6.499542593955993652e-01
4.114593267440795898e-01
-6.816723346710205078e-01
-6.884723305702209473e-01
-1.255144238471984863e+00
-4.132557511329650879e-01
-1.563191115856170654e-01
-2.147860080003738403e-01
-1.562585383653640747e-01
-4.675870537757873535e-01
1.307049274444580078e+00
-4.968397617340087891e-01
4.251405894756317139e-01
2.967750728130340576e-01
-1.767754852771759033e-01
4.158373177051544189e-01
2.352222055196762085e-01
-2.504165470600128174e-01
1.948119401931762695e-01
-4.781348630785942078e-02
-3.682553172111511230e-01
3.613224029541015625e-01
-3.646926581859588623e-02
3.856705725193023682e-01
2.108392715454101562e-01
-3.756368756294250488e-01
3.995561897754669189e-01
5.573124885559082031e-01
4.820642769336700439e-01
1.628706008195877075e-01
-2.517437189817428589e-02
3.815050423145294189e-01
1.506449878215789795e-01
3.162510991096496582e-01
-7.064867615699768066e-01
-6.533124446868896484e-01
-1.391671538352966309e+00
3.500897586345672607e-01
-1.231406629085540771e-01
1.085545271635055542e-01
-1.935335993766784668e-02
-6.103326007723808289e-02
-3.461346030235290527e-02
6.172376871109008789e-01
3.969209790229797363e-01
7.011699080467224121e-01
-1.350978612899780273e-01
8.705010265111923218e-02
-3.228271603584289551e-01
1.557425111532211304e-01
-6.632283795624971390e-03
3.444603085517883301e-01
1.675500571727752686e-01
-4.397662281990051270e-01
1.327808648347854614e-01
-7.267113924026489258e-01
-1.479872614145278931e-01
-2.193847745656967163e-01
-1.264970153570175171e-01
3.170696496963500977e-01
-1.322114765644073486e-01
2.149322032928466797e-01
2.219971567392349243e-01
-3.038562238216400146e-01
-4.669548943638801575e-04
1.236307978630065918e+00
-4.749022424221038818e-01
5.656219720840454102e-01
-1.047784835100173950e-01
3.216924071311950684e-01
1.089440107345581055e+00
5.793512463569641113e-01
2.234113514423370361e-01
-6.291767358779907227e-01
1.051473990082740784e-02
1.581073999404907227e-01
1.060759350657463074e-01
-9.547237157821655273e-01
-1.417576670646667480e-01
-2.373741269111633301e-01
-6.149957180023193359e-01
3.479572013020515442e-02
9.604854583740234375e-01
-8.350359201431274414e-01
-1.787910610437393188e-01
2.457048445940017700e-01
2.587092518806457520e-01
4.279206097126007080e-01
2.438590526580810547e-01
3.865675926208496094e-01
4.488350450992584229e-01
-4.515324905514717102e-02
-1.886219084262847900e-01
-2.342006862163543701e-01
-4.199797809123992920e-01
