-7.336696144193410873e-04
2.542389929294586182e-01
-1.073902770876884460e-01
3.229758739471435547e-01
-4.777906462550163269e-02
5.186051130294799805e-01
-2.424317877739667892e-03
-7.599897980690002441e-01
-4.420819580554962158e-01
-7.768407464027404785e-01
4.776770249009132385e-02
-2.570114433765411377e-01
6.891573071479797363e-01
9.844985008239746094e-01
4.560312256217002869e-02
1.780476421117782593e-01
1.722344756126403809e-01
-2.438981831073760986e-02
5.776212215423583984e-01
6.602615118026733398e-02
9.171924740076065063e-02
4.172582030296325684e-01
5.022387504577636719e-01
1.049846969544887543e-02
4.841524660587310791e-01
-4.712894558906555176e-01
-3.752650022506713867e-01
-3.049180805683135986e-01
8.100305199623107910e-01
-4.559422135353088379e-01
-2.855587601661682129e-01
-3.830859363079071045e-01
4.370670616626739502e-01
-7.724583148956298828e-01
8.000855445861816406e-01
1.172567903995513916e-01
4.278238415718078613e-01
4.400285482406616211e-01
-1.420805752277374268e-01
3.916565775871276855e-01
4.254719913005828857e-01
-8.597421050071716309e-01
1.287033855915069580e-01
-3.896661698818206787e-01
6.119463592767715454e-02
8.124954253435134888e-02
9.444183111190795898e-01
1.523353159427642822e-01
2.569482624530792236e-01
-3.789168596267700195e-01
-3.341245949268341064e-01
6.292836666107177734e-01
1.216533407568931580e-01
5.746502280235290527e-01
-5.344845056533813477e-01
-1.160119846463203430e-02
7.874372601509094238e-02
-1.282352656126022339e-01
2.458367794752120972e-01
-1.078123971819877625e-01
1.290817745029926300e-03
-3.732544779777526855e-01
-1.361127644777297974e-01
-1.374643594026565552e-01
2.557687461376190186e-01
-7.632958143949508667e-02
2.937510907649993896e-01
-3.427807390689849854e-01
2.007284611463546753e-01
2.725209891796112061e-01
4.651231169700622559e-01
-1.689704656600952148e-01
-3.437657654285430908e-01
1.268092244863510132e-01
3.441493809223175049e-01
8.040348887443542480e-01
-5.198523402214050293e-01
2.535551786422729492e-01
-8.391035795211791992e-01
3.258299455046653748e-02
-3.488877415657043457e-02
1.469448655843734741e-01
6.914410740137100220e-03
9.068820476531982422e-01
2.138507813215255737e-01
4.942564666271209717e-01
7.839316129684448242e-02
-1.102549955248832703e-01
3.055984079837799072e-01
1.190820038318634033e-01
6.837536692619323730e-01
7.812684774398803711e-02
1.295274943113327026e-01
2.167636305093765259e-01
-7.182558774948120117e-01
-1.963424086570739746e-01
-2.649712562561035156e-01
5.097020789980888367e-02
-3.686985969543457031e-01
-1.738959401845932007e-01
6.638029217720031738e-01
-6.311947107315063477e-02
1.621775180101394653e-01
-3.369741141796112061e-02
6.934412717819213867e-01
-2.038231343030929565e-01
-6.873389482498168945e-01
-9.022102355957031250e-01
-7.439211606979370117e-01
-3.203595876693725586e-01
-1.962717175483703613e-01
9.542567133903503418e-01
7.756599187850952148e-01
2.103646099567413330e-01
2.946696579456329346e-01
1.564610004425048828e-01
2.894420027732849121e-01
5.368386507034301758e-01
-5.155227780342102051e-01
-4.186276718974113464e-02
-7.319658994674682617e-02
3.781033158302307129e-01
7.037694007158279419e-02
2.285524606704711914e-01
3.892190158367156982e-01
1.352282315492630005e-01
-1.582232713699340820e-01
6.605935748666524887e-03
-6.240395903587341309e-01
-4.155523702502250671e-02
6.409225463867187500e-01
2.665536701679229736e-01
1.826263219118118286e-01
-4.765989184379577637e-01
1.882664114236831665e-01
4.798741266131401062e-02
1.022490501403808594e+00
-1.660429090261459351e-01
-2.755045294761657715e-01
-5.497278571128845215e-01
1.966335773468017578e-01
-3.582633137702941895e-01
-3.623002171516418457e-01
-1.326953917741775513e-01
5.969103574752807617e-01
7.796450853347778320e-01
-5.983878970146179199e-01
1.622197151184082031e+00
-6.289499402046203613e-01
-6.529114842414855957e-01
-4.223088026046752930e-01
-1.114998757839202881e-01
3.994803726673126221e-01
-3.954145610332489014e-01
5.163568258285522461e-01
4.890848398208618164e-01
2.846547067165374756e-01
3.279404044151306152e-01
4.239450097084045410e-01
-3.790129423141479492e-01
1.399930715560913086e-01
3.317790627479553223e-01
-1.089990615844726562e+00
-1.533990353345870972e-01
-6.846960783004760742e-01
-3.113920986652374268e-01
4.590177536010742188e-01
3.900049626827239990e-01
2.406369708478450775e-02
2.042204588651657104e-01
-1.294875703752040863e-02
3.077652454376220703e-01
9.873062372207641602e-04
3.447577953338623047e-01
-1.498928070068359375e-01
-1.152909323573112488e-01
-5.813972949981689453e-01
7.752622365951538086e-01
1.074504479765892029e-01
2.206661105155944824e-01
6.526246666908264160e-01
1.250074803829193115e-01
-1.720177941024303436e-02
1.922637522220611572e-01
-2.937647402286529541e-01
8.695445656776428223e-01
-7.386363148689270020e-01
-7.508435249328613281e-01
-7.902205586433410645e-01
-4.189876317977905273e-01
-5.149712562561035156e-01
-7.388474792242050171e-02
3.701073825359344482e-01
1.876201629638671875e-01
6.304891109466552734e-01
7.859142422676086426e-01
9.199587106704711914e-01
1.258176416158676147e-01
3.935790657997131348e-01
-1.499661803245544434e-01
-4.471087157726287842e-01
-7.543310523033142090e-02
-4.292120635509490967e-01
-6.852368265390396118e-02
-2.680904567241668701e-01
-3.471389412879943848e-01
1.049524173140525818e-01
-9.376606903970241547e-03
3.696733415126800537e-01
-2.523121051490306854e-02
-2.015463411808013916e-01
4.382168948650360107e-01
1.614232212305068970e-01
-5.195924267172813416e-02
-1.911067962646484375e-02
1.138280145823955536e-03
6.369417905807495117e-01
5.122105777263641357e-02
-1.968182027339935303e-01
3.929733633995056152e-01
-2.065189629793167114e-01
2.338466793298721313e-01
3.366348743438720703e-01
6.515426039695739746e-01
9.289340376853942871e-01
-4.513444602489471436e-01
-3.986300230026245117e-01
-2.467973157763481140e-02
-2.638017535209655762e-01
2.519379854202270508e-01
8.005601167678833008e-02
4.306639432907104492e-01
-1.509989500045776367e-01
6.602957248687744141e-01
-1.460003256797790527e-01
-4.237821325659751892e-02
-5.738682746887207031e-01
-9.624174237251281738e-01
-2.309309840202331543e-01
-4.374112784862518311e-01
1.979551017284393311e-01
-3.225710391998291016e-01
8.861697912216186523e-01
1.896755695343017578e-01
5.193644165992736816e-01
6.989412903785705566e-01
2.954982221126556396e-01
-2.202281057834625244e-01
-1.441554278135299683e-01
9.680694341659545898e-02
-2.302128821611404419e-01
2.980272769927978516e-01
1.245044022798538208e-01
3.236937224864959717e-01
1.093925237655639648e+00
9.671674370765686035e-01
1.427874207496643066e+00
-4.744469374418258667e-02
3.590372204780578613e-01
1.699823588132858276e-01
1.793444007635116577e-01
-8.975325152277946472e-03
1.189859062433242798e-01
-3.051494657993316650e-01
4.194558411836624146e-02
-1.724895685911178589e-01
7.762858271598815918e-02
-1.590687036514282227e-01
1.148520857095718384e-01
3.126869201660156250e-01
6.531097292900085449e-01
5.553766489028930664e-01
-2.627193927764892578e-01
-6.863862872123718262e-01
-7.193076014518737793e-01
-4.498755335807800293e-01
-5.384305715560913086e-01
-2.785619795322418213e-01
-3.728661537170410156e-01
-3.755348026752471924e-01
1.088162362575531006e-01
-3.713328540325164795e-01
5.773868560791015625e-01
2.072525024414062500e-02
3.625372350215911865e-01
1.178366467356681824e-01
6.979958415031433105e-01
-3.344089910387992859e-02
5.930339097976684570e-01
9.376979470252990723e-01
8.055181503295898438e-01
5.263147354125976562e-01
4.146471619606018066e-01
4.024015963077545166e-01
-3.017850518226623535e-01
-9.383939206600189209e-02
-1.036329865455627441e-01
-8.663361668586730957e-01
-3.959577083587646484e-01
-1.223362311720848083e-01
-5.616886615753173828e-01
1.641051471233367920e-01
1.202779486775398254e-01
5.814535021781921387e-01
1.039494201540946960e-01
7.871292233467102051e-01
-1.352211534976959229e-01
2.363656610250473022e-01
-2.785079777240753174e-01
3.497732058167457581e-02
-1.544261276721954346e-01
4.534176364541053772e-02
5.934048295021057129e-01
-4.478861689567565918e-01
1.926233433187007904e-02
-4.842453002929687500e-01
-3.053535148501396179e-02
3.775046765804290771e-01
1.262901782989501953e+00
1.426541209220886230e-01
9.302078932523727417e-02
2.838191688060760498e-01
-2.446550577878952026e-01
3.219085335731506348e-01
2.808076143264770508e-01
2.691654860973358154e-01
5.704204440116882324e-01
-9.143142700195312500e-01
-2.377482205629348755e-01
-8.677830100059509277e-01
1.875432729721069336e-01
-4.448452591896057129e-01
-1.815592199563980103e-01
7.907377555966377258e-03
1.484783589839935303e-01
7.658601403236389160e-01
4.945715069770812988e-01
2.739384472370147705e-01
-6.670421361923217773e-02
5.058013200759887695e-01
1.480660587549209595e-01
4.960610345005989075e-02
5.853824019432067871e-01
2.742442488670349121e-01
3.455898165702819824e-01
4.085117578506469727e-01
-5.038685798645019531e-01
-9.450855255126953125e-01
-4.894712269306182861e-01
-7.744808197021484375e-01
-3.235062658786773682e-01
-5.896868109703063965e-01
3.550430759787559509e-02
1.198605597019195557e-01
1.404542848467826843e-02
2.724257111549377441e-01
4.496322870254516602e-01
2.796173989772796631e-01
-4.945186376571655273e-01
2.411044836044311523e-01
6.408311724662780762e-01
-1.349014490842819214e-01
-4.582520723342895508e-01
7.848206162452697754e-01
-4.577833414077758789e-01
1.253816783428192139e-01
3.817923665046691895e-01
-4.187611639499664307e-01
8.296592235565185547e-01
5.630789697170257568e-02
8.463935852050781250e-01
3.106242418289184570e-01
1.533454954624176025e-01
-8.324983119964599609e-01
-3.502952158451080322e-01
-5.793020129203796387e-01
-2.663594484329223633e-01
4.356968402862548828e-01
7.078922390937805176e-01
1.515926420688629150e-01
1.502637863159179688e-01
-2.238964438438415527e-01
-3.860954046249389648e-01
-5.196724534034729004e-01
-1.709088236093521118e-01
-4.354819953441619873e-01
9.846836924552917480e-01
-9.959983080625534058e-02
-6.409915685653686523e-01
-3.172048926353454590e-01
-1.821693629026412964e-01
1.307407915592193604e-01
8.372158408164978027e-01
-1.522706001996994019e-01
5.114819407463073730e-01
2.245912849903106689e-01
8.345277309417724609e-01
4.392046015709638596e-03
6.376090049743652344e-01
-1.162309944629669189e-01
5.318995937705039978e-02
-5.733944177627563477e-01
4.154749512672424316e-01
-4.214089512825012207e-01
-2.143502235412597656e-01
1.130060851573944092e-01
4.685538411140441895e-01
3.366308510303497314e-01
4.973558783531188965e-01
8.631010651588439941e-01
-1.275158300995826721e-02
7.263574004173278809e-01
-2.662541866302490234e-01
-4.935221970081329346e-01
-7.590896487236022949e-01
-7.056017965078353882e-02
7.829327136278152466e-03
1.314290165901184082e-01
-1.512519270181655884e-01
5.384430885314941406e-01
1.496482133865356445e+00
-5.475771799683570862e-02
5.886766314506530762e-01
-6.846356987953186035e-01
2.916138768196105957e-01
-2.243504375219345093e-01
1.011476993560791016e+00
7.311339676380157471e-02
-8.210985064506530762e-01
-8.837305009365081787e-02
-8.879597187042236328e-01
1.340115666389465332e+00
3.970682024955749512e-01
7.092199921607971191e-01
1.664868295192718506e-01
-6.739786267280578613e-01
-7.792175412178039551e-01
-5.780457258224487305e-01
-5.536034703254699707e-01
-1.197679936885833740e-01
5.252917408943176270e-01
2.431026250123977661e-01
3.812113106250762939e-01
9.452090263366699219e-01
1.103474199771881104e-01
4.749234318733215332e-01
-2.198893390595912933e-02
3.593319952487945557e-01
-2.858918309211730957e-01
2.441265583038330078e-01
-8.970841020345687866e-02
5.089382827281951904e-02
3.845940232276916504e-01
-2.869770526885986328e-01
-2.231024354696273804e-01
5.109020322561264038e-02
9.725429117679595947e-02
-3.258653730154037476e-02
-6.261993050575256348e-01
4.659085571765899658e-01
2.580609619617462158e-01
6.269351243972778320e-01
8.620213717222213745e-02
5.625726580619812012e-01
-4.686521589756011963e-01
5.891411900520324707e-01
-2.496296763420104980e-01
2.039214968681335449e-02
5.702535435557365417e-02
4.204651117324829102e-01
4.233581721782684326e-01
-3.359454572200775146e-01
-6.459763050079345703e-01
-8.085627555847167969e-01
-3.334291651844978333e-02
3.496821969747543335e-02
-1.152639612555503845e-01
-1.770355850458145142e-01
1.783074438571929932e-02
7.049991488456726074e-01
7.441206574440002441e-01
8.824125677347183228e-02
3.909811973571777344e-01
1.749931722879409790e-01
-1.219963952898979187e-01
1.187062859535217285e+00
-3.517773449420928955e-01
-6.435209512710571289e-01
-7.183171510696411133e-01
-5.537914037704467773e-01
-1.019078269600868225e-01
7.011254429817199707e-01
3.645171821117401123e-01
5.043763518333435059e-01
-2.465343475341796875e-01
2.850320935249328613e-01
-2.626896137371659279e-03
3.041927143931388855e-02
5.247297286987304688e-01
3.288651406764984131e-01
2.801958024501800537e-01
4.478756189346313477e-01
-4.258159995079040527e-01
3.151124343276023865e-02
-1.494034826755523682e-01
-5.095687508583068848e-01
-3.797311186790466309e-01
-2.815570533275604248e-01
5.072385668754577637e-01
2.480588257312774658e-01
3.340153396129608154e-02
-1.409695893526077271e-01
4.301286935806274414e-01
