-1.046132564544677734e+00
4.140003025531768799e-01
-4.750313162803649902e-01
-1.283234655857086182e-01
-6.286179423332214355e-01
-9.236790537834167480e-01
-6.797874569892883301e-01
-2.032930254936218262e-01
-9.793604165315628052e-02
-1.188619434833526611e-01
-1.358405314385890961e-02
3.053489625453948975e-01
5.474599599838256836e-01
5.872917771339416504e-01
5.144003033638000488e-01
7.324166297912597656e-01
-8.418574929237365723e-02
4.679197669029235840e-01
-2.202130407094955444e-01
5.711947754025459290e-02
2.409396320581436157e-01
1.315876841545104980e+00
1.788559854030609131e-01
4.232024252414703369e-01
1.441684067249298096e-01
-9.082851409912109375e-01
4.696232974529266357e-01
6.698703765869140625e-02
9.447950124740600586e-01
-1.728442162275314331e-01
4.149414598941802979e-01
-5.273386240005493164e-01
-4.788914918899536133e-01
4.173556268215179443e-01
-2.996265888214111328e-01
-1.691229175776243210e-03
-1.964406371116638184e-01
-9.170987606048583984e-01
-2.031136602163314819e-01
-1.907102465629577637e-01
4.120064079761505127e-01
2.670414149761199951e-01
5.121064782142639160e-01
7.066407799720764160e-01
2.436850517988204956e-01
8.064376711845397949e-01
-1.249231934547424316e+00
-5.991078019142150879e-01
8.917276859283447266e-01
-9.533174037933349609e-01
1.802003383636474609e+00
3.936946690082550049e-01
7.544967532157897949e-01
3.134021759033203125e-01
5.190246701240539551e-01
8.036068677902221680e-01
1.571482568979263306e-01
1.200926527380943298e-01
-9.381991028785705566e-01
-4.690652787685394287e-01
-6.309541463851928711e-01
-1.132278800010681152e+00
-6.228251457214355469e-01
-3.781483471393585205e-01
-1.863697022199630737e-01
6.300079170614480972e-03
-2.842094898223876953e-01
3.659204244613647461e-01
3.444881439208984375e-01
3.435658514499664307e-01
4.257401823997497559e-02
4.941366612911224365e-01
1.896696388721466064e-01
3.420212268829345703e-01
6.423975229263305664e-01
2.268992662429809570e-01
3.120548427104949951e-01
2.314291335642337799e-02
1.599108576774597168e-01
4.843492507934570312e-01
-8.465696871280670166e-02
3.306928873062133789e-01
-8.784475922584533691e-02
1.081006824970245361e-01
5.504966378211975098e-01
-1.560768932104110718e-01
2.984635531902313232e-02
5.764003992080688477e-01
-1.565137133002281189e-02
7.586802244186401367e-01
8.395695686340332031e-01
5.833598971366882324e-01
3.200916647911071777e-01
2.727962844073772430e-02
-2.194302678108215332e-01
-9.374753832817077637e-01
-1.214330554008483887e+00
-8.175606727600097656e-01
-8.854648470878601074e-01
-7.971748113632202148e-01
1.613284498453140259e-01
3.221222460269927979e-01
8.558262139558792114e-03
1.076477542519569397e-01
6.007410883903503418e-01
-9.139524400234222412e-02
9.999374151229858398e-01
5.914724469184875488e-01
2.206521183252334595e-01
6.303663551807403564e-02
-1.919639408588409424e-01
-3.962385058403015137e-01
-2.723408043384552002e-01
-1.509763896465301514e-01
-4.130687192082405090e-02
-4.814770817756652832e-01
-1.766132563352584839e-01
4.365442395210266113e-01
3.097991347312927246e-01
-1.535389423370361328e-01
1.323188543319702148e-01
2.747386991977691650e-01
4.217007756233215332e-02
3.876914083957672119e-01
1.030533671379089355e+00
1.341026902198791504e+00
-3.702783584594726562e-01
-2.049595303833484650e-02
-4.825415462255477905e-02
8.887580782175064087e-02
2.396451234817504883e-01
-2.425247728824615479e-01
-2.532810866832733154e-01
-7.423334568738937378e-02
-1.727305352687835693e-02
2.967182695865631104e-01
-2.722773849964141846e-01
1.288975775241851807e-01
1.705544739961624146e-01
1.717680096626281738e-01
-1.376897394657135010e-01
-7.156564593315124512e-01
-5.072306990623474121e-01
-5.003543496131896973e-01
-4.400112926959991455e-01
-2.668317556381225586e-01
-2.166735976934432983e-01
-2.914198935031890869e-01
4.108377695083618164e-01
2.855216860771179199e-01
8.233716487884521484e-01
7.943729758262634277e-01
9.177942276000976562e-01
1.538579106330871582e+00
4.706811308860778809e-01
3.057483434677124023e-01
4.651169851422309875e-02
3.935393989086151123e-01
2.778641879558563232e-01
3.095876872539520264e-01
-1.584887132048606873e-02
-2.227791352197527885e-03
-1.346123218536376953e-01
-2.336748838424682617e-01
-2.194491475820541382e-01
-3.167647123336791992e-01
-6.860426664352416992e-01
-8.158139586448669434e-01
-7.036414146423339844e-01
-7.062783241271972656e-01
-6.295241117477416992e-01
-3.489431440830230713e-01
2.114836126565933228e-01
-3.586183786392211914e-01
1.159680187702178955e-01
-1.034470275044441223e-01
-1.492634066380560398e-03
-3.163680136203765869e-01
5.160874724388122559e-01
1.335782259702682495e-01
6.841555833816528320e-01
4.616610407829284668e-01
4.904860258102416992e-02
-2.666562795639038086e-01
-3.361063450574874878e-02
4.586339592933654785e-01
-2.991535365581512451e-01
3.293658494949340820e-01
-1.797208935022354126e-01
6.469001770019531250e-01
2.108446836471557617e+00
1.004493683576583862e-01
3.641777932643890381e-01
1.995514780282974243e-01
-1.778296381235122681e-02
6.374096870422363281e-01
7.098004221916198730e-01
6.178073287010192871e-01
1.968639940023422241e-01
1.929936707019805908e-01
-2.338485792279243469e-02
-6.224588155746459961e-01
-1.794230043888092041e-01
-1.100989103317260742e+00
-4.003668129444122314e-01
-7.462848424911499023e-01
-1.081781268119812012e+00
-3.747023046016693115e-01
7.305860519409179688e-02
7.741269469261169434e-01
2.553616464138031006e-01
1.975519359111785889e-01
6.265735626220703125e-02
-7.334113866090774536e-02
-1.826155632734298706e-01
-1.084534823894500732e-01
1.444963663816452026e-01
9.040775150060653687e-02
-4.303953349590301514e-01
2.210580408573150635e-01
-1.346480995416641235e-01
3.722234964370727539e-01
7.282422780990600586e-01
4.308538734912872314e-01
4.357710480690002441e-01
-6.179203391075134277e-01
-7.284196466207504272e-02
-2.631590664386749268e-01
5.715546607971191406e-01
-3.099509179592132568e-01
8.099142313003540039e-01
5.703056454658508301e-01
9.351504445075988770e-01
3.084943816065788269e-02
-6.076522469520568848e-01
1.933949142694473267e-01
-1.561717987060546875e-01
-1.637347042560577393e-01
-2.483562193810939789e-02
3.120056092739105225e-01
-7.463487982749938965e-01
2.012784183025360107e-01
-3.238940834999084473e-01
5.440948605537414551e-01
-3.675407767295837402e-01
4.899129569530487061e-01
2.958472967147827148e-01
1.940376162528991699e+00
-3.590269386768341064e-01
-8.062434941530227661e-02
1.587880849838256836e-01
-5.214180350303649902e-01
3.163729906082153320e-01
-5.621952414512634277e-01
6.527570486068725586e-01
3.153941035270690918e-01
7.359114289283752441e-02
-1.188403069972991943e-01
6.622733175754547119e-02
-1.758047640323638916e-01
-1.057067327201366425e-02
-1.037393510341644287e-01
-9.899131953716278076e-02
4.489380717277526855e-01
1.231815695762634277e+00
1.476448178291320801e+00
1.635663628578186035e+00
1.850305557250976562e+00
1.143529772758483887e+00
-4.759862720966339111e-01
-1.330732941627502441e+00
-6.147289276123046875e-01
-9.699089527130126953e-01
-3.834200203418731689e-01
-7.897847294807434082e-01
-1.410138309001922607e-01
-7.303746789693832397e-02
2.473207712173461914e-01
-3.382752835750579834e-01
-3.757899999618530273e-01
3.806907683610916138e-02
1.028064116835594177e-01
-5.007315874099731445e-01
3.861256539821624756e-01
2.853688411414623260e-02
-3.687215596437454224e-02
-1.920567825436592102e-02
3.057572543621063232e-01
-1.950375884771347046e-01
1.963923424482345581e-01
8.140675425529479980e-01
5.022628307342529297e-01
6.792194843292236328e-01
5.488712191581726074e-01
2.652415335178375244e-01
3.357261419296264648e-01
-1.421386748552322388e-01
1.366265118122100830e-01
-2.652716934680938721e-01
3.492629528045654297e-02
2.561204731464385986e-01
-1.085538193583488464e-01
-3.230490088462829590e-01
5.207689106464385986e-02
-2.458338588476181030e-01
2.345227897167205811e-01
8.828166872262954712e-02
-9.694340080022811890e-02
3.039990924298763275e-02
2.332504838705062866e-01
4.135200977325439453e-01
-3.417766988277435303e-01
-3.040227107703685760e-02
1.423265226185321808e-02
5.634927749633789062e-02
8.414046466350555420e-02
7.139326333999633789e-01
5.059294402599334717e-02
1.928167343139648438e-01
5.961854457855224609e-01
1.397391855716705322e-01
4.927805811166763306e-02
2.797096371650695801e-01
-3.353813588619232178e-01
-9.274037927389144897e-02
-3.105360269546508789e-01
5.465809702873229980e-01
-3.342454433441162109e-01
-2.659738436341285706e-02
2.712737619876861572e-01
2.906855642795562744e-01
3.234395980834960938e-01
-7.795546650886535645e-01
-1.612165719270706177e-01
5.385527014732360840e-02
3.874169886112213135e-01
1.822758167982101440e-01
4.452707469463348389e-01
3.747076690196990967e-01
2.323708496987819672e-02
2.524931728839874268e-01
6.228940486907958984e-01
3.136939601972699165e-03
5.895290896296501160e-02
1.420556008815765381e-01
-3.485306203365325928e-01
1.886516809463500977e-01
2.167924195528030396e-01
2.811364531517028809e-01
-4.384280443191528320e-01
-1.375530660152435303e-01
1.958340406417846680e-01
-2.210319638252258301e-01
-4.216824099421501160e-02
5.604845285415649414e-02
1.753240823745727539e-01
2.835308611392974854e-01
4.845137894153594971e-01
-4.071493446826934814e-01
-8.069122582674026489e-02
-3.927638381719589233e-02
2.635188996791839600e-01
-3.067891597747802734e-01
-1.448899358510971069e-01
4.533269107341766357e-01
-6.361358612775802612e-02
1.185834221541881561e-02
3.547243773937225342e-02
-5.304147601127624512e-01
3.619001209735870361e-01
1.698231846094131470e-01
2.855146303772926331e-02
-2.014659345149993896e-01
-3.583666980266571045e-01
-9.507852047681808472e-02
7.434937357902526855e-02
1.207677423954010010e-01
-2.736782133579254150e-01
-3.338375389575958252e-01
-2.240690588951110840e-01
-4.265213012695312500e-02
9.668065309524536133e-01
4.769352972507476807e-01
2.030104249715805054e-01
-1.482066363096237183e-01
-1.808354258537292480e-01
-7.879149168729782104e-02
-1.841294318437576294e-01
5.843278765678405762e-01
6.357932686805725098e-01
4.620480537414550781e-01
1.024765968322753906e+00
5.951667428016662598e-01
6.921516060829162598e-01
-6.976774930953979492e-01
-1.514846682548522949e-01
-8.176707029342651367e-01
-1.133283257484436035e+00
-1.081439018249511719e+00
-1.149440109729766846e-01
-2.704626917839050293e-01
2.539006769657135010e-01
3.148712813854217529e-01
4.005636274814605713e-01
-3.658178448677062988e-01
1.233527287840843201e-01
4.569059610366821289e-01
3.764326870441436768e-01
9.752097129821777344e-01
9.605723023414611816e-01
4.926553368568420410e-01
1.028583407402038574e+00
-6.614771205931901932e-03
1.686389893293380737e-01
-5.718051195144653320e-01
2.021165639162063599e-01
2.977598905563354492e-01
2.624341845512390137e-01
3.635383024811744690e-02
-4.078903701156377792e-03
-2.272157073020935059e-01
1.415034085512161255e-01
-1.127659827470779419e-01
2.235161811113357544e-01
-3.518360555171966553e-01
5.274759531021118164e-01
5.336241126060485840e-01
3.238041400909423828e-01
-1.951988339424133301e-01
-6.807954907417297363e-01
-8.000329881906509399e-02
-5.838927030563354492e-01
3.490104377269744873e-01
4.518755376338958740e-01
-2.797828316688537598e-01
-9.747514128684997559e-02
-2.628518640995025635e-02
3.661814928054809570e-01
3.644144833087921143e-01
1.840064048767089844e+00
7.525265216827392578e-01
3.947971463203430176e-01
1.060211732983589172e-01
5.492916703224182129e-02
9.056131541728973389e-02
-6.911856532096862793e-01
-2.180214673280715942e-01
-4.865696728229522705e-01
-3.735900223255157471e-01
1.179261580109596252e-01
1.294201910495758057e-01
-4.446114897727966309e-01
-1.727713644504547119e-01
1.120495498180389404e-01
3.823100924491882324e-01
-2.943263947963714600e-01
-1.184435933828353882e-01
-2.225733846426010132e-01
4.233205318450927734e-02
-2.571925818920135498e-01
-1.389396283775568008e-02
5.644067525863647461e-01
1.499976634979248047e+00
4.931504726409912109e-01
1.345226287841796875e+00
8.610084652900695801e-01
6.050782203674316406e-01
3.961577713489532471e-01
1.324970871210098267e-01
4.868429303169250488e-01
-5.461580157279968262e-01
7.860320806503295898e-02
-1.614937484264373779e-01
-1.019077658653259277e+00
-6.446172595024108887e-01
-6.579627096652984619e-02
-1.996837556362152100e-01
-4.970751702785491943e-01
-3.473542928695678711e-01
-6.533803939819335938e-01
2.478476166725158691e-01
2.461414486169815063e-01
5.850245431065559387e-02
2.303497642278671265e-01
1.215430051088333130e-01
3.668696582317352295e-01
1.665485464036464691e-02
7.434764504432678223e-01
-2.177560478448867798e-01
1.863558739423751831e-01
-5.436320230364799500e-02
2.319715172052383423e-01
6.602811217308044434e-01
1.837727613747119904e-02
1.470447182655334473e-01
-7.588817477226257324e-01
1.400611996650695801e-01
-1.408633738756179810e-01
3.526955246925354004e-01
5.387719273567199707e-01
1.018134430050849915e-01
1.735165715217590332e-01
2.856748700141906738e-01
2.216981500387191772e-01
6.255611777305603027e-01
3.603651821613311768e-01
-1.845148652791976929e-01
-4.735413789749145508e-01
-1.101682633161544800e-01
-3.471564128994941711e-02
-8.306903243064880371e-01
-1.767252087593078613e-01
-9.668142199516296387e-01
