8.259689807891845703e-01
2.604819834232330322e-02
2.444303333759307861e-01
-9.911428205668926239e-03
-1.451291888952255249e-01
7.512125372886657715e-02
7.498177886009216309e-02
-3.370503894984722137e-03
-3.398885428905487061e-01
1.166427414864301682e-02
6.427199840545654297e-01
-5.675936490297317505e-02
9.786163270473480225e-02
-6.012998819351196289e-01
-2.392209172248840332e-01
-4.794855043292045593e-02
-1.858961582183837891e-01
-2.545152604579925537e-01
-2.490674518048763275e-02
1.785204410552978516e-01
6.891284883022308350e-02
1.324097514152526855e-01
2.000353187322616577e-01
-3.211511969566345215e-01
2.905445098876953125e-01
6.878745555877685547e-01
4.092176854610443115e-01
-6.468502879142761230e-01
-1.554655075073242188e+00
-1.231985926628112793e+00
-3.607924580574035645e-01
6.299664080142974854e-02
3.511475324630737305e-01
-4.285187125205993652e-01
4.161626696586608887e-01
-2.858832776546478271e-01
2.416518032550811768e-01
7.005164027214050293e-02
2.538559734821319580e-01
1.824940443038940430e-01
2.681426703929901123e-01
-2.025640904903411865e-01
1.753041595220565796e-01
-3.546980023384094238e-01
-1.520781219005584717e-01
4.000967144966125488e-01
1.279070377349853516e-01
-1.524663418531417847e-01
1.360708922147750854e-01
-4.392210245132446289e-01
2.026489377021789551e-01
-1.659619957208633423e-01
-2.143734693527221680e-01
6.711224466562271118e-02
2.212499380111694336e-01
-8.949876576662063599e-02
-1.284915655851364136e-01
-7.134061455726623535e-01
-1.525118015706539154e-03
7.333292812108993530e-02
3.131560683250427246e-01
7.189642786979675293e-01
3.881646096706390381e-01
-6.792882084846496582e-02
7.549852132797241211e-02
-5.095542967319488525e-02
7.295016199350357056e-02
-6.504489183425903320e-01
-9.284244179725646973e-01
-8.799057006835937500e-01
-3.961778581142425537e-01
-2.733144164085388184e-01
3.799706697463989258e-01
1.769570112228393555e-01
1.692422479391098022e-01
7.353604435920715332e-01
2.062271535396575928e-01
5.692204833030700684e-01
7.913347333669662476e-02
-6.290834397077560425e-02
1.319069415330886841e-01
5.644315108656883240e-02
2.313572466373443604e-01
-2.521170377731323242e-01
-1.645859628915786743e-01
-3.485980629920959473e-01
-2.455726265907287598e-01
5.326725076884031296e-03
1.753232479095458984e-01
7.177654653787612915e-02
-3.037262558937072754e-01
-3.960113227367401123e-01
-8.595689535140991211e-01
-2.502626776695251465e-01
-2.717889472842216492e-02
6.814741343259811401e-02
2.031259834766387939e-01
1.641627103090286255e-01
1.490252465009689331e-01
5.726010799407958984e-01
-1.921319402754306793e-02
9.950914233922958374e-02
3.977463543415069580e-01
1.573953777551651001e-01
-3.360280990600585938e-01
-2.899968624114990234e-01
-4.566636979579925537e-01
1.443703379482030869e-02
7.194727659225463867e-01
-1.741102896630764008e-02
-3.352476060390472412e-01
-7.648662924766540527e-01
-6.593741178512573242e-01
1.607669144868850708e-01
5.519253611564636230e-01
5.102040767669677734e-01
5.882160067558288574e-01
-2.380418181419372559e-01
-8.504503369331359863e-01
-5.147920846939086914e-01
7.329993695020675659e-02
1.937438845634460449e-01
7.792626619338989258e-01
9.412483572959899902e-01
1.068538546562194824e+00
3.288798928260803223e-01
1.973725855350494385e-01
9.604156948626041412e-03
8.337616175413131714e-02
1.271809935569763184e-01
-6.012301519513130188e-02
-2.882086634635925293e-01
-5.421278253197669983e-02
-4.821509420871734619e-01
-7.788289785385131836e-01
-8.369463682174682617e-01
-5.463970303535461426e-01
-8.082839846611022949e-01
-2.706919908523559570e-01
-6.847696751356124878e-02
1.614344418048858643e-01
5.927408337593078613e-01
4.291315078735351562e-01
2.674195170402526855e-01
1.470054388046264648e-01
-5.879166722297668457e-01
-5.746012926101684570e-01
-1.686770766973495483e-01
2.705314159393310547e-01
3.771317377686500549e-02
3.817392885684967041e-02
3.978471159934997559e-01
-8.667087554931640625e-02
3.403795883059501648e-02
7.307417988777160645e-01
-1.471470594406127930e-01
8.310759067535400391e-02
-4.197776019573211670e-01
-2.108401358127593994e-01
-5.011242032051086426e-01
-3.115327060222625732e-01
-5.032558441162109375e-01
-2.089556455612182617e-01
2.025455236434936523e-01
4.283381700515747070e-01
8.834920525550842285e-01
2.504984736442565918e-01
4.356514513492584229e-01
1.264853775501251221e-01
6.912767887115478516e-01
2.918343245983123779e-01
1.019645854830741882e-01
-3.152175620198249817e-02
-2.483451962471008301e-01
-2.144234627485275269e-01
2.960275411605834961e-01
1.130715608596801758e-01
2.690833508968353271e-01
-3.996043503284454346e-01
3.141357302665710449e-01
-2.785451412200927734e-01
-3.766153156757354736e-01
-5.639743208885192871e-01
4.554434865713119507e-02
-2.687160074710845947e-01
-5.737335085868835449e-01
2.726455926895141602e-01
-2.010269165039062500e+00
-1.329629898071289062e+00
-5.773321986198425293e-01
-3.635350167751312256e-01
3.468774259090423584e-01
3.666333854198455811e-01
3.180959820747375488e-01
6.732564568519592285e-01
3.564803004264831543e-01
2.853863835334777832e-01
4.818721711635589600e-01
6.742413640022277832e-01
-2.799690701067447662e-04
6.104030609130859375e-01
8.337746262550354004e-01
-5.394319295883178711e-01
1.894225329160690308e-01
-3.345568180084228516e-01
3.035734221339225769e-02
2.915242910385131836e-01
4.595397785305976868e-02
-3.897472321987152100e-01
-7.213754057884216309e-01
-6.783540844917297363e-01
-1.750381290912628174e-01
1.028644368052482605e-01
5.731886252760887146e-02
-1.868775188922882080e-01
6.521155238151550293e-01
1.072819456458091736e-01
1.383737474679946899e-01
-1.412983983755111694e-01
-1.747820377349853516e-01
-2.557378411293029785e-01
2.368623018264770508e-01
-6.729765534400939941e-01
-5.461687967181205750e-02
-4.388261586427688599e-04
2.996901273727416992e-01
-3.708255887031555176e-01
1.339292228221893311e-01
-7.665423750877380371e-01
-1.094604060053825378e-01
-1.895363330841064453e-01
1.770399808883666992e-01
2.995800971984863281e-01
1.068154796957969666e-01
-2.252230197191238403e-01
-2.174449115991592407e-01
-3.654187917709350586e-01
3.933132290840148926e-01
-3.668363019824028015e-02
-7.866660505533218384e-02
4.885464608669281006e-01
8.505722135305404663e-02
2.799648344516754150e-01
-1.494877040386199951e-01
1.155125424265861511e-01
-3.151898980140686035e-01
7.964515686035156250e-02
-6.530551910400390625e-01
-1.489705145359039307e-01
-4.012407362461090088e-01
-4.316455125808715820e-01
2.239866256713867188e-01
-6.183682680130004883e-01
1.140395626425743103e-01
2.317970097064971924e-01
2.075223252177238464e-02
-4.825556278228759766e-02
-4.175668358802795410e-01
-4.757785499095916748e-01
3.693610727787017822e-01
4.293570816516876221e-01
1.113530024886131287e-01
4.491098970174789429e-02
-3.737941086292266846e-01
-4.409829378128051758e-01
-1.479394584894180298e-01
-3.312288224697113037e-01
-7.791264057159423828e-01
-3.552334308624267578e-01
-3.748132288455963135e-01
1.892345547676086426e-01
1.752332448959350586e-01
-8.627189323306083679e-03
3.719120323657989502e-01
1.108834743499755859e+00
4.722934067249298096e-01
7.775629758834838867e-01
1.149906292557716370e-01
-4.328167736530303955e-01
-9.415869414806365967e-02
2.036864310503005981e-01
-1.993931978940963745e-01
-1.332652661949396133e-02
-2.610126435756683350e-01
8.216848969459533691e-02
-2.054150998592376709e-01
-5.095496401190757751e-02
-4.635242745280265808e-03
4.170415401458740234e-01
2.433085441589355469e-01
1.117068827152252197e-01
-6.361353397369384766e-01
-3.310159146785736084e-01
-4.647915065288543701e-01
1.275373250246047974e-01
-1.863635182380676270e-01
-2.001968771219253540e-02
-2.762176990509033203e-01
-5.707649141550064087e-02
-1.150876879692077637e-01
-1.258028596639633179e-01
-5.054889246821403503e-02
-3.854003250598907471e-01
-2.121995538473129272e-01
-2.190731912851333618e-01
5.311022996902465820e-01
4.590750038623809814e-01
4.110432863235473633e-01
2.888022959232330322e-01
4.915550053119659424e-01
1.847888827323913574e-01
4.559585824608802795e-02
-9.505760669708251953e-02
-7.540218532085418701e-02
-1.969760842621326447e-02
1.075496375560760498e-01
-1.341354399919509888e-01
-2.025271058082580566e-01
-1.043818473815917969e+00
-1.048252940177917480e+00
-5.656416993588209152e-03
-3.177731111645698547e-02
-3.911312818527221680e-01
-1.011245921254158020e-01
-1.388304084539413452e-01
-3.491417467594146729e-01
-5.259010791778564453e-01
3.350125551223754883e-01
5.623181462287902832e-01
5.655565112829208374e-02
3.167996406555175781e-01
-2.302942797541618347e-02
1.037703156471252441e+00
3.921873271465301514e-01
8.840938806533813477e-01
1.135019585490226746e-01
-3.712421059608459473e-01
-6.177033185958862305e-01
-4.878031909465789795e-01
-5.030695199966430664e-01
-3.473704457283020020e-01
-3.150659203529357910e-01
3.564207255840301514e-02
2.734450399875640869e-01
1.922864168882369995e-01
3.690797388553619385e-01
-3.321950137615203857e-01
-4.691252112388610840e-01
-4.428619891405105591e-02
-2.417539246380329132e-02
-2.580881714820861816e-01
-2.482798099517822266e-01
-1.467346251010894775e-01
-4.133141934871673584e-01
8.888137340545654297e-02
-4.996224641799926758e-01
-1.550610661506652832e-01
-2.921327948570251465e-01
2.456238120794296265e-02
-7.070840150117874146e-02
4.961763918399810791e-01
5.351074934005737305e-01
3.109302222728729248e-01
4.484509229660034180e-01
1.097745448350906372e-01
5.339437127113342285e-01
6.065938472747802734e-01
4.771545827388763428e-01
3.958239555358886719e-01
-2.997473478317260742e-01
-4.317640066146850586e-01
-6.992254257202148438e-01
-1.995723545551300049e-01
-2.737278044223785400e-01
-5.981054306030273438e-01
2.578161656856536865e-02
-1.132256612181663513e-01
-3.548476994037628174e-01
-1.039129853248596191e+00
-4.652110934257507324e-01
-9.498388506472110748e-03
4.031586945056915283e-01
7.149220705032348633e-01
1.518616080284118652e-01
2.050677537918090820e-01
3.243403136730194092e-01
2.624488174915313721e-01
4.387167096138000488e-01
6.026311516761779785e-01
4.883532226085662842e-01
1.189440339803695679e-01
-9.066483378410339355e-02
-1.007622107863426208e-01
-6.765691041946411133e-01
8.326295763254165649e-03
-4.503299295902252197e-01
-4.091739952564239502e-01
-3.086817562580108643e-01
1.388688106089830399e-03
-3.220413923263549805e-01
2.948635518550872803e-01
-4.204505085945129395e-01
8.748244494199752808e-03
-1.788946837186813354e-01
2.867031395435333252e-01
-2.182969152927398682e-01
-2.244460433721542358e-01
-3.092102110385894775e-01
-4.650031626224517822e-01
2.982642948627471924e-01
-1.519737541675567627e-01
-1.317826509475708008e-01
8.210057020187377930e-01
4.678713381290435791e-01
4.468674361705780029e-01
1.836127936840057373e-01
-5.865495204925537109e-01
-7.496626973152160645e-01
-1.514474600553512573e-01
2.679023742675781250e-01
-3.238508701324462891e-01
4.568945616483688354e-02
1.694943308830261230e-01
-5.237959027290344238e-01
3.195151090621948242e-01
-1.412040710449218750e+00
-6.263408660888671875e-01
-8.973267078399658203e-01
5.947535037994384766e-01
7.485650181770324707e-01
6.711493134498596191e-01
7.298514246940612793e-01
-4.573712944984436035e-01
5.574342980980873108e-02
3.561345040798187256e-01
-2.894922494888305664e-01
1.783379465341567993e-01
5.732232332229614258e-01
1.982702016830444336e-01
4.726494550704956055e-01
1.200760900974273682e-01
-4.069820046424865723e-01
1.839689463376998901e-01
1.002373322844505310e-01
2.828200757503509521e-01
2.028343379497528076e-01
-3.734593987464904785e-01
-4.917028546333312988e-01
-3.342188000679016113e-01
-2.466407865285873413e-01
-3.006242215633392334e-01
-4.876843094825744629e-01
-2.346874028444290161e-01
-4.753134548664093018e-01
-2.928312718868255615e-01
2.003799527883529663e-01
1.086760833859443665e-01
-1.551884412765502930e-01
1.258198320865631104e-01
6.666867733001708984e-01
1.304147690534591675e-01
2.597518265247344971e-02
-2.788964426144957542e-03
7.590207457542419434e-02
-1.026763208210468292e-02
2.379975020885467529e-01
-1.050938069820404053e-01
-3.126169145107269287e-01
-1.061410829424858093e-01
-5.485467314720153809e-01
-1.414694041013717651e-01
-7.818153500556945801e-02
-6.082411408424377441e-01
3.501549959182739258e-01
4.489167928695678711e-01
1.082690581679344177e-01
-1.727883070707321167e-01
2.427054643630981445e-01
4.376057088375091553e-01
1.089028641581535339e-02
4.203557595610618591e-02
-1.368414759635925293e-01
-5.210725590586662292e-02
-3.631565570831298828e-01
-3.331298828125000000e-01
-4.313471019268035889e-01
-1.634391248226165771e-01
-5.053578615188598633e-01
1.780808269977569580e-01
4.438734054565429688e-01
6.806261539459228516e-01
-5.850008130073547363e-02
-4.343846142292022705e-01
-3.280494511127471924e-01
-2.245469987392425537e-01
-1.238957345485687256e-01
-2.631279230117797852e-01
-1.556785032153129578e-02
1.792599260807037354e-01
-7.413959503173828125e-02
4.325524568557739258e-01
6.328462958335876465e-01
-1.397856771945953369e-01
3.147371411323547363e-01
-9.855036735534667969e-01
-4.805774986743927002e-01
4.303840175271034241e-02
2.527866661548614502e-01
2.637411057949066162e-01
-1.714345216751098633e-01
1.491912603378295898e-01
-9.571740776300430298e-02
-1.887208670377731323e-01
