-3.554289042949676514e-01
-1.380776762962341309e-01
3.148001432418823242e-02
-1.008164212107658386e-01
1.433611214160919189e-01
3.572003543376922607e-01
2.331602871417999268e-01
7.612621784210205078e-01
-1.981861889362335205e-01
1.221993684768676758e+00
-3.029315173625946045e-01
1.072324752807617188e+00
1.494729042053222656e+00
-2.102744728326797485e-01
1.179740309715270996e+00
1.626103997230529785e+00
4.938962459564208984e-01
5.103895440697669983e-02
-2.660594284534454346e-01
-1.178221344947814941e+00
-1.352145314216613770e+00
-7.179185152053833008e-01
-7.298173904418945312e-01
-9.541228413581848145e-01
-3.257194161415100098e-01
-1.910090684890747070e+00
-2.199792712926864624e-01
-1.945305317640304565e-01
-1.198916137218475342e-01
-3.800494372844696045e-01
-4.000643789768218994e-01
-7.271422147750854492e-01
-6.049392819404602051e-01
-7.036663889884948730e-01
5.079287290573120117e-01
-4.164280593395233154e-01
8.492594957351684570e-01
-1.277193892747163773e-02
-4.426501393318176270e-01
-5.861177444458007812e-01
1.387626826763153076e-01
-8.395000547170639038e-02
1.570671200752258301e-01
3.708862066268920898e-01
-2.433491498231887817e-02
-3.018663823604583740e-02
-7.856463640928268433e-02
6.873440146446228027e-01
4.429804682731628418e-01
-4.641870558261871338e-01
6.001545190811157227e-01
-1.586426049470901489e-01
7.134426385164260864e-02
3.542443513870239258e-01
5.738415122032165527e-01
5.521311163902282715e-01
-1.955851465463638306e-01
-1.059637442231178284e-01
-1.354508684016764164e-03
1.985917687416076660e-01
7.429614663124084473e-01
4.010547399520874023e-01
7.474242150783538818e-02
5.796323530375957489e-03
-1.823350489139556885e-01
-2.381529569625854492e+00
-4.611241221427917480e-01
-1.510262012481689453e+00
-2.711218968033790588e-02
-1.687184870243072510e-01
-5.792239904403686523e-01
-9.634801000356674194e-02
4.876355454325675964e-02
-1.183012872934341431e-01
1.438007950782775879e-01
5.111126899719238281e-01
-2.778142690658569336e-01
-2.844727933406829834e-01
-2.595899440348148346e-02
6.535031646490097046e-02
2.662608027458190918e-01
9.914726018905639648e-02
3.961621969938278198e-02
-2.075131684541702271e-01
-7.161396145820617676e-01
-1.634532094001770020e+00
-6.625655293464660645e-01
-1.393925428390502930e+00
-1.718281209468841553e-01
5.705256462097167969e-01
-3.051285147666931152e-01
1.791301608085632324e+00
1.215570807456970215e+00
1.528546690940856934e+00
-2.940486669540405273e-01
-9.358629584312438965e-02
-4.890112578868865967e-01
-1.451393663883209229e-01
-5.507858395576477051e-01
8.150853216648101807e-02
-1.190701648592948914e-01
-1.222329258918762207e+00
2.584662437438964844e-01
-1.114185079932212830e-01
-1.141609787940979004e+00
2.892788648605346680e-01
-3.975965976715087891e-01
-1.699679642915725708e-01
2.667254507541656494e-01
-8.118932694196701050e-02
8.133511990308761597e-02
2.172228246927261353e-01
1.975360065698623657e-01
7.141816020011901855e-01
4.323401153087615967e-01
3.533117771148681641e-01
1.591195762157440186e-01
-5.826882086694240570e-03
7.904822379350662231e-02
5.077136680483818054e-02
-3.850253522396087646e-01
-7.640106976032257080e-02
1.858713626861572266e-01
4.499431233853101730e-03
2.178000211715698242e-01
-3.394592702388763428e-01
-4.103115200996398926e-01
-7.571573853492736816e-01
-8.190408349037170410e-01
-3.838070854544639587e-02
-5.860391855239868164e-01
-9.164821505546569824e-01
3.731344044208526611e-01
-3.882190883159637451e-01
1.295241564512252808e-01
-6.852352619171142578e-01
6.318162679672241211e-01
-7.993038296699523926e-01
1.221751332283020020e+00
9.829658269882202148e-01
2.370209842920303345e-01
4.243181943893432617e-01
5.641153454780578613e-01
3.193185627460479736e-01
8.059768937528133392e-03
-9.478616714477539062e-01
1.044010043144226074e+00
4.228166341781616211e-01
-7.400051355361938477e-01
-9.631049633026123047e-01
1.267511248588562012e-01
-3.101382255554199219e-01
3.580940067768096924e-01
-5.950776934623718262e-01
2.211053669452667236e-01
-2.838401123881340027e-02
-2.433499097824096680e-01
-1.061032056808471680e+00
-4.101860225200653076e-01
-5.402172803878784180e-01
-3.728456422686576843e-02
1.382328867912292480e-01
9.536436758935451508e-03
8.683507442474365234e-01
7.378231287002563477e-01
2.526018619537353516e-01
-6.189601495862007141e-03
-7.555130124092102051e-01
-8.520657420158386230e-01
-1.086821079254150391e+00
4.940220341086387634e-02
-2.917616441845893860e-02
-3.904097676277160645e-01
6.538677811622619629e-01
6.874628067016601562e-01
-4.976934492588043213e-01
5.046163797378540039e-01
8.042592406272888184e-01
-8.662522435188293457e-01
1.535729646682739258e+00
1.127008557319641113e+00
8.331262469291687012e-01
4.845069646835327148e-01
8.053860664367675781e-01
-1.057808399200439453e+00
-3.295972347259521484e-01
-1.522882282733917236e-01
-7.910504937171936035e-01
4.039127230644226074e-01
-9.436882138252258301e-01
-9.151852130889892578e-02
-1.027785688638687134e-01
-3.439686894416809082e-01
-3.958177864551544189e-01
7.370377425104379654e-03
-4.512652754783630371e-01
-3.058837056159973145e-01
-7.656600475311279297e-01
6.863427162170410156e-01
8.699521422386169434e-02
4.606538265943527222e-02
6.841865777969360352e-01
-1.511303931474685669e-01
5.067405104637145996e-02
-1.380087286233901978e-01
3.410663828253746033e-02
9.243789911270141602e-01
6.446427106857299805e-01
3.506850451231002808e-02
-2.288881391286849976e-01
-8.078550100326538086e-01
-9.351743012666702271e-02
-2.416062653064727783e-01
3.005918264389038086e-01
6.988409161567687988e-02
9.422581195831298828e-01
2.524986267089843750e-01
-4.610986113548278809e-01
-5.973231792449951172e-01
-4.045043289661407471e-01
-4.492116868495941162e-01
-3.415395319461822510e-01
-6.259406805038452148e-01
-1.243948489427566528e-01
-5.857818126678466797e-01
-4.650630950927734375e-01
7.124375104904174805e-01
5.408251881599426270e-01
-6.520007848739624023e-01
-1.845640391111373901e-01
-1.027473509311676025e-01
-1.312075853347778320e-01
3.985043168067932129e-01
1.108374213799834251e-03
3.724350929260253906e-01
-5.783734917640686035e-01
-4.381763935089111328e-01
4.995545744895935059e-01
3.954602777957916260e-01
1.799737513065338135e-01
5.557677745819091797e-01
-3.338034152984619141e-01
-1.564126163721084595e-01
-4.069176912307739258e-01
-1.279555320739746094e+00
-2.238765358924865723e-01
-5.911766290664672852e-01
1.086458086967468262e+00
1.542081236839294434e+00
1.363493204116821289e+00
-3.711963295936584473e-01
4.704471528530120850e-01
-1.397714972496032715e+00
-1.387096881866455078e+00
-1.188540220260620117e+00
-7.251235842704772949e-02
-1.130742669105529785e+00
-8.922263383865356445e-01
-2.120449393987655640e-01
-2.892485558986663818e-01
-6.111245974898338318e-02
-2.669436633586883545e-01
-6.614855527877807617e-01
-4.613229930400848389e-01
1.822627782821655273e-01
-7.029929161071777344e-01
-3.410608172416687012e-01
-6.215844154357910156e-01
-8.748165518045425415e-02
5.502685904502868652e-02
1.300516724586486816e-01
-2.410829812288284302e-01
6.380622386932373047e-01
-3.872520029544830322e-01
4.340547323226928711e-01
1.181802302598953247e-01
4.138377904891967773e-01
-8.539868891239166260e-02
7.505329251289367676e-01
7.778094410896301270e-01
5.874994397163391113e-01
-1.284158788621425629e-02
1.127525091171264648e+00
-1.365826278924942017e-02
3.661920130252838135e-01
5.999845266342163086e-01
5.352551341056823730e-01
-2.271565645933151245e-01
1.563204079866409302e-01
-4.202605783939361572e-01
-1.878526508808135986e-01
-9.136307239532470703e-01
-6.095546483993530273e-01
-1.621942877769470215e+00
1.233268976211547852e-01
-7.277776002883911133e-01
-8.356134891510009766e-01
-3.677820563316345215e-01
3.315810859203338623e-02
2.415758669376373291e-01
4.553715884685516357e-02
1.061876490712165833e-01
8.011725731194019318e-05
-2.974610030651092529e-01
-1.486416608095169067e-01
3.284126818180084229e-01
7.261918485164642334e-02
1.094434037804603577e-01
-2.434584544971585274e-03
3.259307742118835449e-01
-1.734631955623626709e-01
1.721752136945724487e-01
-8.112627267837524414e-02
-1.690542817115783691e+00
-1.898361086845397949e+00
6.933883577585220337e-02
-1.492681026458740234e+00
6.102585792541503906e-01
-5.262271165847778320e-01
1.040865182876586914e+00
6.569498181343078613e-01
1.010819077491760254e+00
-4.082359075546264648e-01
1.900383830070495605e-01
-2.395862489938735962e-01
-7.446764111518859863e-01
-1.937954425811767578e+00
-1.166088461875915527e+00
1.298935174942016602e+00
1.272039562463760376e-01
4.810451865196228027e-01
8.159195072948932648e-03
5.111324191093444824e-01
8.686782717704772949e-01
4.416949450969696045e-01
-8.407881483435630798e-03
-6.059377193450927734e-01
-4.748948514461517334e-01
-6.450550556182861328e-01
-2.522056549787521362e-02
-7.233191728591918945e-01
-5.045585632324218750e-01
2.487708628177642822e-01
-3.934693336486816406e-01
-8.996071219444274902e-01
-4.223569333553314209e-01
-7.604216933250427246e-01
-7.365667223930358887e-01
2.804629504680633545e-01
5.589237213134765625e-01
5.398492328822612762e-03
-8.013480901718139648e-01
6.082419678568840027e-02
5.203869566321372986e-02
2.648952007293701172e-01
8.929136991500854492e-01
8.124821782112121582e-01
1.269858002662658691e+00
6.541604399681091309e-01
6.485163569450378418e-01
1.122880578041076660e+00
-4.003334343433380127e-01
-1.826489903032779694e-02
-4.605316817760467529e-01
-9.067797660827636719e-01
-7.124147415161132812e-01
-5.004144906997680664e-01
-3.559501469135284424e-01
-2.888709306716918945e-01
-6.323765516281127930e-01
-4.027165472507476807e-03
-2.420644015073776245e-01
7.182736396789550781e-01
7.367596030235290527e-01
8.608863353729248047e-01
9.067579507827758789e-01
9.106646776199340820e-01
1.105127856135368347e-01
2.836857736110687256e-01
-9.449318796396255493e-02
-2.139323055744171143e-01
-1.102898597717285156e+00
-8.717058897018432617e-01
-8.163905702531337738e-03
-4.746219515800476074e-01
3.080179393291473389e-01
2.962496578693389893e-01
-5.875492095947265625e-01
-1.236201301217079163e-01
1.878868639469146729e-01
-3.471336141228675842e-02
-2.775224149227142334e-01
3.052202165126800537e-01
-3.705492317676544189e-01
2.272791862487792969e-01
-3.721125721931457520e-01
4.073051363229751587e-02
-4.390121996402740479e-02
-1.146922782063484192e-01
-2.087408751249313354e-01
-2.024900168180465698e-01
3.357322216033935547e-01
-3.205417692661285400e-01
9.811191819608211517e-03
1.829672574996948242e+00
8.268391489982604980e-01
8.005020767450332642e-02
-5.587643384933471680e-01
-6.357027888298034668e-01
-8.712612390518188477e-01
-5.146577954292297363e-01
-8.175365924835205078e-01
-3.910305202007293701e-01
-4.092369079589843750e-01
1.761402040719985962e-01
-5.057948827743530273e-01
-7.676814198493957520e-01
-1.106489300727844238e+00
-6.828331351280212402e-01
-1.141079068183898926e-01
-8.826719969511032104e-02
-4.266102313995361328e-01
9.486880898475646973e-01
2.615993916988372803e-01
4.816296398639678955e-01
-7.879451662302017212e-02
9.402869343757629395e-01
-1.809275299310684204e-01
2.625017464160919189e-01
5.519491434097290039e-01
6.923056393861770630e-02
4.575985074043273926e-01
-6.733068227767944336e-01
-2.451803982257843018e-01
-1.209753099828958511e-02
-5.790284872055053711e-01
-3.708901703357696533e-01
3.024006783962249756e-01
-4.968129098415374756e-03
4.382474124431610107e-01
-1.401804834604263306e-01
1.955222934484481812e-01
-5.497949663549661636e-03
-2.599146366119384766e-01
-4.091617465019226074e-01
3.389193117618560791e-01
-6.438953280448913574e-01
6.724244356155395508e-01
2.203187197446823120e-01
1.164996251463890076e-01
-4.007915854454040527e-01
1.728714257478713989e-01
-5.495012402534484863e-01
-3.582272529602050781e-01
-4.303182661533355713e-01
-7.376516461372375488e-01
-6.482685208320617676e-01
-6.521654725074768066e-01
7.375169661827385426e-04
-1.094123601913452148e+00
8.400087952613830566e-01
-4.325165152549743652e-01
7.742750048637390137e-01
6.038565635681152344e-01
2.469876557588577271e-01
2.877842783927917480e-01
-4.535390138626098633e-01
1.029741242527961731e-01
-2.232030630111694336e-01
-8.918380141258239746e-01
5.612134933471679688e-01
4.659846425056457520e-02
-4.200855791568756104e-01
1.771751940250396729e-01
3.582041859626770020e-01
3.033657073974609375e-01
-2.885208129882812500e-01
-8.652889728546142578e-02
2.382110804319381714e-01
1.017936944961547852e+00
-3.341035544872283936e-02
7.972090691328048706e-02
-1.175532564520835876e-01
2.404600679874420166e-01
-1.061470985412597656e+00
-3.174245953559875488e-01
-1.503138840198516846e-01
-4.727949500083923340e-01
-2.476248294115066528e-01
-2.810001969337463379e-01
1.187104806303977966e-01
1.000964939594268799e-01
-6.112152338027954102e-01
-4.714429080486297607e-01
-1.723445393145084381e-02
-9.902826696634292603e-02
-1.041415572166442871e+00
-4.168209731578826904e-01
-3.785939216613769531e-01
-2.762598991394042969e-01
2.212970554828643799e-01
1.413564831018447876e-01
9.672270715236663818e-02
9.315250515937805176e-01
4.163742065429687500e-02
-5.749279633164405823e-03
4.971678853034973145e-01
7.171707749366760254e-01
4.362248778343200684e-01
-4.672623872756958008e-01
5.906640291213989258e-01
2.532055675983428955e-01
6.687130779027938843e-03
