-2.754569053649902344e-01
3.789310157299041748e-02
-7.092582434415817261e-02
-4.025565460324287415e-02
-2.138938754796981812e-01
1.053357310593128204e-02
-2.554481327533721924e-01
7.813475728034973145e-01
4.723924100399017334e-01
8.223647475242614746e-01
-2.814248204231262207e-01
3.678518533706665039e-01
-6.574066281318664551e-01
1.068720072507858276e-01
-5.374915003776550293e-01
-1.735196262598037720e-01
-2.742606997489929199e-01
5.131943225860595703e-01
1.548304874449968338e-02
2.215172201395034790e-01
-1.368266105651855469e+00
-8.354035615921020508e-01
-2.243544340133666992e+00
1.920297145843505859e-01
1.382810473442077637e-01
6.032189726829528809e-01
-4.293032586574554443e-01
1.712435483932495117e-01
5.047265067696571350e-02
3.390291035175323486e-01
-2.337197959423065186e-01
-1.482848972082138062e-01
-4.000175297260284424e-01
4.862591326236724854e-01
-3.294189572334289551e-01
2.332284748554229736e-01
-5.807916447520256042e-02
1.887276470661163330e-01
-1.308274269104003906e-01
7.540087103843688965e-01
-1.088152155280113220e-01
-2.527090609073638916e-01
-2.133988291025161743e-01
-4.431803822517395020e-01
1.828415244817733765e-01
-3.083320856094360352e-01
-4.624348878860473633e-01
-8.447485417127609253e-02
-2.688103914260864258e-01
-3.310524299740791321e-02
-1.937318295240402222e-01
-3.612374663352966309e-01
-2.608267366886138916e-01
-4.277576804161071777e-01
-5.118722096085548401e-02
-1.505426764488220215e-01
-1.193556655198335648e-02
7.627323865890502930e-01
6.080427765846252441e-01
1.984853744506835938e-01
6.200158596038818359e-01
2.859334349632263184e-01
-1.018431931734085083e-01
-2.231701910495758057e-01
2.050151526927947998e-01
2.788292765617370605e-01
-4.728967845439910889e-01
-1.033712252974510193e-01
-5.175966769456863403e-02
-2.440668409690260887e-03
-2.098589092493057251e-01
-5.908119678497314453e-02
1.378181949257850647e-02
-2.341048866510391235e-01
-3.136091530323028564e-01
-1.085622310638427734e-01
-4.451661705970764160e-01
9.532658755779266357e-02
-5.473010540008544922e-01
6.856910139322280884e-02
-1.862814128398895264e-01
6.029298305511474609e-01
-2.536751329898834229e-01
-6.827034354209899902e-01
-5.416512489318847656e-01
-6.631924510002136230e-01
-6.465106606483459473e-01
-7.653635926544666290e-03
-4.083741009235382080e-01
-6.215100884437561035e-01
-4.404107928276062012e-01
-4.361660182476043701e-01
8.710131794214248657e-02
6.339789368212223053e-03
1.311232089996337891e+00
1.132931947708129883e+00
8.750596046447753906e-01
9.245575666427612305e-01
6.046321392059326172e-01
1.458894908428192139e-01
-2.690380215644836426e-01
1.815266311168670654e-01
-2.626855671405792236e-01
-4.157797992229461670e-01
-4.251055419445037842e-03
-4.397099614143371582e-01
-3.303339332342147827e-02
9.913161396980285645e-03
-5.409493446350097656e-01
-3.972829580307006836e-01
1.316076219081878662e-01
3.887348473072052002e-01
1.132001206278800964e-01
1.138675678521394730e-02
2.505364120006561279e-01
-1.179716736078262329e-01
-5.962395668029785156e-02
8.927676081657409668e-02
-4.075556397438049316e-01
-5.984642505645751953e-01
-2.166316062211990356e-01
-7.986459136009216309e-02
5.630229786038398743e-02
-2.704739570617675781e-01
-4.869118928909301758e-01
2.520562112331390381e-01
-4.113022089004516602e-01
5.372502282261848450e-02
9.500778466463088989e-02
-3.075469136238098145e-01
-7.254615426063537598e-03
1.715357601642608643e-02
2.755199670791625977e-01
6.089598312973976135e-02
-4.325776919722557068e-02
-5.843576416373252869e-02
-3.973787426948547363e-01
-1.850737482309341431e-01
4.042639210820198059e-02
-2.576113939285278320e-01
1.390214115381240845e-01
2.423479259014129639e-01
1.388652026653289795e-01
2.747508287429809570e-01
3.748074471950531006e-01
3.362763822078704834e-01
4.722362160682678223e-01
3.453895077109336853e-02
1.663082838058471680e-01
-3.670510351657867432e-01
-3.458095192909240723e-01
-4.596640467643737793e-01
-1.858236938714981079e-01
3.482227399945259094e-02
-5.175831727683544159e-03
-9.522469639778137207e-01
-2.348447442054748535e-01
-1.277250349521636963e-01
-2.391628473997116089e-01
-4.711250960826873779e-01
-9.411847591400146484e-02
6.534300744533538818e-02
4.810077324509620667e-02
3.319650292396545410e-01
4.673558101058006287e-02
1.134981393814086914e+00
-4.065856933593750000e-01
1.427194237709045410e+00
-1.041069388389587402e+00
1.796885848045349121e+00
-1.122661754488945007e-01
-2.310799062252044678e-01
-6.237704753875732422e-01
-1.068773746490478516e+00
-7.236723303794860840e-01
-7.337434887886047363e-01
-1.940770745277404785e-01
-4.929403662681579590e-01
4.330609440803527832e-01
8.066468872129917145e-03
3.971577063202857971e-02
-2.586953341960906982e-01
-6.033759564161300659e-02
-4.223304688930511475e-01
-1.132753714919090271e-01
7.026463150978088379e-01
3.698307871818542480e-01
5.466169118881225586e-01
8.463690280914306641e-01
8.645688295364379883e-01
9.688843488693237305e-01
2.347497045993804932e-01
-7.670850306749343872e-02
4.543154314160346985e-02
-1.780756711959838867e-01
-1.663090884685516357e-01
-4.240787923336029053e-01
-3.037106394767761230e-01
-1.041887521743774414e+00
-4.961021840572357178e-01
-3.899441361427307129e-01
-3.486173152923583984e-01
2.814457714557647705e-01
-2.146692723035812378e-01
-4.114755094051361084e-01
2.214042544364929199e-01
1.341716051101684570e-01
-9.627291560173034668e-02
-4.572857916355133057e-01
-6.678017973899841309e-01
-3.367259502410888672e-01
-3.997583389282226562e-01
3.087903857231140137e-01
1.672173589468002319e-01
-1.164505630731582642e-01
2.933450937271118164e-01
-4.236314445734024048e-03
-1.664808392524719238e-01
-1.369019448757171631e-01
2.196134626865386963e-01
-1.224973797798156738e-01
-3.613566458225250244e-01
5.766055583953857422e-01
4.073114991188049316e-01
3.934543430805206299e-01
1.792523860931396484e-01
1.362826824188232422e-01
-2.353643774986267090e-01
-1.332139074802398682e-01
-1.675975322723388672e-01
4.565035402774810791e-01
2.130801379680633545e-01
-1.080168485641479492e-01
1.211801320314407349e-01
-1.215009987354278564e-01
4.237543419003486633e-02
2.720766067504882812e-01
3.924304544925689697e-01
6.725651025772094727e-02
-8.635556697845458984e-01
-5.471328496932983398e-01
-1.253068327903747559e+00
5.849432945251464844e-01
-1.763377934694290161e-01
-2.362744361162185669e-01
-8.756194114685058594e-01
-1.057698369026184082e+00
-6.184016466140747070e-01
-4.469889700412750244e-01
-3.970582187175750732e-01
1.409381926059722900e-01
4.325824081897735596e-01
5.703355669975280762e-01
6.308401823043823242e-01
4.582509398460388184e-01
6.070730462670326233e-02
-3.037663102149963379e-01
5.368246231228113174e-03
-2.270753085613250732e-01
-4.214130342006683350e-03
-1.273406744003295898e-01
3.273566439747810364e-02
3.069604374468326569e-02
1.607018113136291504e-01
-2.004725039005279541e-01
1.316002476960420609e-02
5.437536165118217468e-02
2.515818774700164795e-01
1.213267073035240173e-01
1.089515462517738342e-01
1.320434957742691040e-01
4.372681677341461182e-01
-7.037474960088729858e-02
8.692424893379211426e-01
2.091718465089797974e-01
-2.302437089383602142e-02
-4.680503606796264648e-01
-9.821770191192626953e-01
-6.861842870712280273e-01
-3.869069337844848633e+00
-1.266954302787780762e+00
-4.856378436088562012e-01
-3.193178176879882812e-01
3.515069782733917236e-01
3.295160830020904541e-01
8.481687903404235840e-01
4.051347076892852783e-01
7.384682893753051758e-01
4.447842389345169067e-02
-3.070155978202819824e-01
-7.319636344909667969e-01
-3.955866694450378418e-01
-8.839332461357116699e-01
9.738318622112274170e-02
5.611731410026550293e-01
-6.098731979727745056e-02
7.568868249654769897e-02
2.602851986885070801e-01
-2.871784567832946777e-01
6.080723181366920471e-02
6.053671240806579590e-01
-5.675432085990905762e-02
3.225149512290954590e-01
1.180359497666358948e-01
7.806074023246765137e-01
-3.567067384719848633e-01
4.304974973201751709e-01
-2.907795086503028870e-02
7.118157148361206055e-01
-3.442244231700897217e-01
-2.072204649448394775e-02
-1.618566632270812988e+00
-4.917477369308471680e-01
-1.586819648742675781e+00
-4.590060412883758545e-01
1.159414887428283691e+00
-2.895848453044891357e-01
-2.962583675980567932e-02
-1.260485410690307617e+00
2.396292835474014282e-01
-3.196205794811248779e-01
-1.102541834115982056e-01
-1.970923840999603271e-01
3.096453845500946045e-01
-9.188551455736160278e-02
-7.831973582506179810e-02
3.989913687109947205e-02
1.245927214622497559e-01
3.073608577251434326e-01
4.484639763832092285e-01
-5.166919827461242676e-01
4.190783798694610596e-01
-1.207748278975486755e-01
8.742237836122512817e-02
-1.891093105077743530e-01
-3.013743758201599121e-01
4.099253937602043152e-02
1.659951657056808472e-01
1.504115909337997437e-01
-9.520184248685836792e-03
3.248670697212219238e-02
-3.288204371929168701e-01
-4.819822013378143311e-01
-5.806024074554443359e-01
-1.553053259849548340e-01
-4.740650057792663574e-01
-1.642541959881782532e-03
1.740947812795639038e-01
2.969662286341190338e-02
2.384815961122512817e-01
1.492910087108612061e-01
3.257831335067749023e-01
-1.450485736131668091e-01
-7.382043451070785522e-02
6.070997118949890137e-01
2.935124039649963379e-01
2.937627732753753662e-01
4.388689994812011719e-01
4.197664558887481689e-01
2.393141239881515503e-01
9.165882319211959839e-02
9.120982140302658081e-02
-5.810924768447875977e-01
-7.331618070602416992e-01
-8.084975481033325195e-01
-9.564848542213439941e-01
2.266410291194915771e-01
7.466605305671691895e-01
-2.032397836446762085e-01
-9.166583418846130371e-02
-3.790170848369598389e-01
-6.050881743431091309e-01
5.343308672308921814e-02
4.672043323516845703e-01
-4.679612442851066589e-02
3.682289123535156250e-01
7.346642613410949707e-01
1.087315440177917480e+00
1.039031744003295898e+00
9.002547860145568848e-01
9.427207708358764648e-02
-1.900371015071868896e-01
-2.766375243663787842e-01
-6.167646646499633789e-01
-5.513446927070617676e-01
-4.449964165687561035e-01
-7.999933362007141113e-01
-6.185391917824745178e-02
-4.336898922920227051e-01
5.855365395545959473e-01
3.565935194492340088e-01
4.066081047058105469e-01
-1.152290254831314087e-01
3.467567265033721924e-01
-4.559715092182159424e-01
1.548134833574295044e-01
-3.877311348915100098e-01
-2.544797360897064209e-01
-6.068553030490875244e-02
5.431798100471496582e-01
-1.116676554083824158e-01
4.958783388137817383e-01
-6.902883052825927734e-01
3.514830768108367920e-01
-6.330407261848449707e-01
-4.146640300750732422e-01
-5.553225278854370117e-01
1.798679530620574951e-01
-5.513069033622741699e-01
-7.120873928070068359e-01
-5.685855746269226074e-01
-4.774027466773986816e-01
-1.072828024625778198e-01
-5.746210739016532898e-02
-5.151306986808776855e-01
-1.198143884539604187e-01
-4.741060435771942139e-01
-2.422555834054946899e-01
-6.822038441896438599e-02
-3.076928853988647461e-02
6.075425744056701660e-01
7.094454765319824219e-01
-2.215170711278915405e-01
1.007953166961669922e+00
-4.485531747341156006e-01
1.281652599573135376e-01
-1.926380157470703125e+00
6.997013688087463379e-01
9.839101135730743408e-02
8.853937387466430664e-01
1.813032627105712891e-01
-2.578965425491333008e-01
-2.565036118030548096e-01
3.683172464370727539e-01
4.398066923022270203e-02
1.925235390663146973e-01
3.593672215938568115e-01
-1.487202495336532593e-01
-2.552332282066345215e-01
-4.785358309745788574e-01
-5.121370553970336914e-01
-3.830344080924987793e-01
-3.977495133876800537e-01
-3.883150815963745117e-01
6.920529603958129883e-01
2.206689715385437012e-01
6.670431494712829590e-01
2.036135494709014893e-01
-1.095824599266052246e+00
-1.340251088142395020e+00
-2.383931398391723633e+00
-8.835691213607788086e-01
-9.972615242004394531e-01
-2.117771208286285400e-01
-3.915193974971771240e-01
-4.980341196060180664e-01
-3.493943810462951660e-01
-4.397431910037994385e-01
4.593694210052490234e-01
1.018719226121902466e-01
4.569126963615417480e-01
6.199117377400398254e-02
2.119736969470977783e-01
4.562811553478240967e-01
9.685385823249816895e-01
7.934326529502868652e-01
1.041953563690185547e+00
8.704139590263366699e-01
4.259935617446899414e-01
1.083100676536560059e+00
-1.060245558619499207e-01
7.188589125871658325e-02
-9.885985404253005981e-02
-5.556780695915222168e-01
-6.418395042419433594e-01
-5.038335323333740234e-01
-2.873795926570892334e-01
-3.422385454177856445e-02
-3.614962399005889893e-01
-2.797816991806030273e-01
-2.663058042526245117e-01
-1.998558044433593750e-01
1.293082088232040405e-01
-1.592069864273071289e-01
9.264459460973739624e-02
-5.137970447540283203e-01
-6.169813275337219238e-01
-8.017935603857040405e-02
-2.805439233779907227e-01
-4.382656514644622803e-01
-3.311456441879272461e-01
-5.394744277000427246e-01
-1.025940030813217163e-01
3.543961793184280396e-02
2.528007030487060547e-01
-9.483997523784637451e-02
-1.916137933731079102e-01
-4.357695579528808594e-02
-2.203279435634613037e-01
3.510149717330932617e-01
-3.619096577167510986e-01
-3.980712592601776123e-01
4.163478910923004150e-01
3.881906718015670776e-02
4.257952272891998291e-01
3.752627968788146973e-01
4.603416621685028076e-01
6.043723821640014648e-01
1.070536859333515167e-02
1.535665273666381836e+00
6.457868814468383789e-01
6.295213699340820312e-01
-1.457581162452697754e+00
