3.608119487762451172e-01
2.920782566070556641e-02
1.508531868457794189e-01
2.804168686270713806e-02
-2.494672834873199463e-01
-2.987399697303771973e-01
3.636252880096435547e-02
-2.995921671390533447e-01
-2.878315150737762451e-01
-1.671681553125381470e-02
-6.275406572967767715e-03
-6.203988194465637207e-01
-6.483357399702072144e-02
-3.476825356483459473e-01
-2.042420208454132080e-03
-3.388091325759887695e-01
-3.276606500148773193e-01
-4.651672840118408203e-01
-4.058511853218078613e-01
3.433710038661956787e-01
-7.965525984764099121e-02
1.903747916221618652e-01
4.407547414302825928e-03
2.172259539365768433e-01
6.492516398429870605e-02
1.128990277647972107e-01
1.242208853363990784e-02
3.115463554859161377e-01
6.965110301971435547e-01
1.038440108299255371e+00
2.218464612960815430e-01
3.882654309272766113e-01
1.331057846546173096e-01
-1.312868595123291016e+00
2.888524234294891357e-01
-4.403552412986755371e-01
-1.160695254802703857e-01
-5.350822806358337402e-01
-1.329238116741180420e-01
-2.049500346183776855e-01
1.303581744432449341e-01
2.862410247325897217e-01
-3.952329456806182861e-01
-1.001015305519104004e-01
-2.627919912338256836e-01
-4.416799843311309814e-01
-4.708642959594726562e-01
-7.925115823745727539e-01
2.615617029368877411e-02
3.060796763747930527e-03
2.770520001649856567e-02
3.476189374923706055e-01
1.625088900327682495e-01
1.241344492882490158e-03
4.006129205226898193e-01
9.615823626518249512e-03
1.823825687170028687e-01
-4.514915943145751953e-01
-5.839373916387557983e-02
7.286439836025238037e-02
-4.795996099710464478e-02
4.738786220550537109e-01
6.393526792526245117e-01
6.973417103290557861e-02
3.951154947280883789e-01
-3.824596107006072998e-01
2.245617508888244629e-01
1.048324108123779297e-01
1.021751016378402710e-01
1.986466795206069946e-01
-7.863961160182952881e-02
1.206371709704399109e-01
1.684302836656570435e-01
-5.560681968927383423e-02
1.240048706531524658e-01
-1.322591304779052734e-01
-3.139641880989074707e-01
-2.310662418603897095e-01
-2.907470762729644775e-01
-1.207032427191734314e-01
1.411756873130798340e-01
-2.576872408390045166e-01
3.965093195438385010e-01
-5.411676764488220215e-01
2.269802391529083252e-01
-2.842025756835937500e-01
-2.789853215217590332e-01
-3.276093602180480957e-01
4.736081231385469437e-03
-2.013829797506332397e-01
-2.246918380260467529e-01
-3.546550869941711426e-01
-3.689658343791961670e-01
-3.865277767181396484e-01
-4.101971387863159180e-01
1.500749140977859497e-01
8.519542962312698364e-02
1.806932836771011353e-01
1.184526458382606506e-01
8.752335906028747559e-01
-5.163406729698181152e-01
9.753044843673706055e-01
-8.918477296829223633e-01
7.306149005889892578e-01
4.177626967430114746e-01
1.681084036827087402e-01
1.634750664234161377e-01
-7.387615740299224854e-02
-2.538013644516468048e-02
8.515387773513793945e-02
-1.309178769588470459e-01
8.727747201919555664e-02
8.777351677417755127e-02
2.286389321088790894e-01
6.262299418449401855e-02
4.047564864158630371e-01
-2.236708402633666992e-01
2.655480206012725830e-01
-2.157206386327743530e-01
2.773099839687347412e-01
6.689342856407165527e-02
4.105095863342285156e-01
-5.644111633300781250e-01
6.645382195711135864e-02
-3.045345842838287354e-01
-3.840840458869934082e-01
1.880172491073608398e-01
-3.822167217731475830e-01
-2.322048246860504150e-01
-3.545241951942443848e-01
-3.752146363258361816e-01
-4.989660978317260742e-01
-1.012865006923675537e-01
-8.357619494199752808e-02
6.578803807497024536e-02
-5.853795260190963745e-02
1.686080545186996460e-01
-2.697140909731388092e-02
1.245572268962860107e-01
-4.812527000904083252e-01
-1.991164833307266235e-01
-5.642300471663475037e-02
2.912997007369995117e-01
6.839200258255004883e-01
3.790314793586730957e-01
6.476194262504577637e-01
4.302060902118682861e-01
2.200628668069839478e-01
5.258336663246154785e-01
-3.263654112815856934e-01
2.839562594890594482e-01
-1.857795715332031250e-01
1.757075041532516479e-01
-5.634812712669372559e-01
-2.956056296825408936e-01
-2.052613347768783569e-01
-3.206389546394348145e-01
-4.011856019496917725e-01
2.921769320964813232e-01
-5.140228271484375000e-01
2.818930149078369141e-01
-1.074048131704330444e-02
3.011932037770748138e-02
2.993510067462921143e-01
-1.004814952611923218e-01
7.161561399698257446e-02
-4.601053297519683838e-01
4.799705445766448975e-01
-1.391847878694534302e-01
3.988453000783920288e-02
5.642490833997726440e-02
1.433139741420745850e-01
-3.279546201229095459e-01
4.014964401721954346e-01
-1.674317419528961182e-01
5.888842344284057617e-01
4.223824441432952881e-01
2.605093121528625488e-01
1.291757822036743164e-01
-1.625656187534332275e-01
-3.162098526954650879e-01
1.892529986798763275e-02
-2.676300704479217529e-01
6.763228178024291992e-01
-2.764691412448883057e-01
1.559609174728393555e-01
2.315948754549026489e-01
-2.060636579990386963e-01
4.436123073101043701e-01
1.211147755384445190e-01
4.377042129635810852e-02
3.660597205162048340e-01
2.799096107482910156e-01
9.350430220365524292e-02
-1.886930018663406372e-01
-8.385866135358810425e-02
3.744477778673171997e-02
-4.165064990520477295e-01
-5.675393342971801758e-02
-5.385751724243164062e-01
2.052693217992782593e-01
-1.171935945749282837e-01
5.242975801229476929e-02
-7.016135007143020630e-02
-1.133357644081115723e+00
3.726807981729507446e-02
-2.335168421268463135e-02
6.172247976064682007e-02
9.276407957077026367e-02
4.077570140361785889e-01
-4.726482033729553223e-01
9.443294405937194824e-01
-4.971393942832946777e-01
-1.597638279199600220e-01
-3.440177813172340393e-02
-1.617563664913177490e-01
7.557870149612426758e-01
-1.030920743942260742e+00
5.991467237472534180e-01
4.717149958014488220e-02
1.774000078439712524e-01
5.382591485977172852e-01
-1.956339031457901001e-01
3.917643800377845764e-02
-1.659609228372573853e-01
-4.904256761074066162e-01
-9.919602423906326294e-02
-5.352272987365722656e-01
-3.876346945762634277e-01
-4.931005239486694336e-01
-3.464217782020568848e-01
-1.363216787576675415e-01
1.974690407514572144e-01
-1.536947637796401978e-01
9.044054746627807617e-01
-1.129791259765625000e+00
-3.479223251342773438e-01
4.711559116840362549e-01
2.202169597148895264e-01
3.611676096916198730e-01
1.128366470336914062e+00
-4.057586565613746643e-02
5.124015808105468750e-01
4.831360876560211182e-01
-9.298607110977172852e-01
-1.388859599828720093e-01
-2.066517025232315063e-01
-6.994524002075195312e-01
-1.169472098350524902e+00
-9.219225049018859863e-01
-7.620149254798889160e-01
-1.512747257947921753e-01
-9.648729562759399414e-01
-3.614533543586730957e-01
-8.669879436492919922e-01
-4.352747797966003418e-01
-1.202857196331024170e-01
-1.958450078964233398e-01
6.151301264762878418e-01
1.089488565921783447e-01
3.207576274871826172e-01
-2.456544665619730949e-03
-4.506546258926391602e-01
-1.974624991416931152e-01
4.922288954257965088e-01
7.419496029615402222e-02
4.396179020404815674e-01
-2.343510836362838745e-02
1.418721526861190796e-01
3.720830678939819336e-01
-7.850749790668487549e-02
-1.495457738637924194e-01
2.503987252712249756e-01
-2.074794769287109375e-01
4.387127980589866638e-02
1.483688056468963623e-01
-3.757242858409881592e-01
-2.589849531650543213e-01
-2.797970771789550781e-01
-5.557854175567626953e-01
7.966618239879608154e-02
-3.105848096311092377e-02
-4.686177968978881836e-01
-1.222124770283699036e-01
2.212583124637603760e-01
3.821550905704498291e-01
7.747650742530822754e-01
-1.842247247695922852e-01
6.862239241600036621e-01
5.904014110565185547e-01
1.284552663564682007e-01
4.265930652618408203e-01
-9.186860918998718262e-01
-6.127427220344543457e-01
-2.066903114318847656e-01
2.718595862388610840e-01
-8.492127060890197754e-02
-1.085412874817848206e-01
-2.768788933753967285e-01
-2.143923491239547729e-01
-5.104675889015197754e-01
1.460955440998077393e-01
-4.383038282394409180e-01
7.383620738983154297e-02
5.891282856464385986e-02
-1.613612622022628784e-01
1.063018217682838440e-01
-5.818346738815307617e-01
4.633792936801910400e-01
6.422325968742370605e-02
4.299022853374481201e-01
8.474228531122207642e-02
-8.406991139054298401e-03
-6.292759180068969727e-01
6.672572493553161621e-01
-4.860280454158782959e-01
6.253628134727478027e-01
-9.661105871200561523e-01
3.558861836791038513e-02
-1.036879539489746094e+00
-1.718578189611434937e-01
9.192112088203430176e-02
-5.605300068855285645e-01
5.087205171585083008e-01
-7.266783714294433594e-01
-1.157323084771633148e-02
-4.543237388134002686e-01
4.026225209236145020e-01
1.086788028478622437e-01
1.998078823089599609e-01
6.787321567535400391e-01
-1.333218961954116821e-01
3.256190717220306396e-01
8.484051376581192017e-02
4.329800605773925781e-01
-9.793823957443237305e-02
-2.154187858104705811e-01
-5.484455823898315430e-01
-3.003641068935394287e-01
-3.442420661449432373e-01
2.222388535737991333e-01
1.327932029962539673e-01
-3.164757192134857178e-01
1.029007434844970703e-01
1.890637576580047607e-01
9.186338633298873901e-03
2.683455944061279297e-01
-5.371649861335754395e-01
2.615242004394531250e-01
-2.462591081857681274e-01
2.292981445789337158e-01
9.581542760133743286e-02
-2.991383075714111328e-01
5.389638617634773254e-02
-3.664522767066955566e-01
-3.545775115489959717e-01
2.590893022716045380e-02
-7.498201727867126465e-02
-7.259317487478256226e-02
8.236647844314575195e-01
-5.214412808418273926e-01
1.820052415132522583e-01
5.263888835906982422e-01
-1.489587500691413879e-02
3.256457448005676270e-01
-3.349508941173553467e-01
1.326076984405517578e-01
-1.140310540795326233e-01
2.935138344764709473e-01
6.831825971603393555e-01
-8.414825201034545898e-01
6.912952065467834473e-01
-3.358691930770874023e-01
4.511256515979766846e-01
-1.913101822137832642e-01
8.957150578498840332e-02
7.133755683898925781e-01
-1.413457036018371582e+00
-4.741522073745727539e-01
-7.496089935302734375e-01
-1.184106022119522095e-01
2.030684612691402435e-02
1.718975231051445007e-02
2.192118018865585327e-01
1.222410723567008972e-01
1.569794714450836182e-01
1.211541146039962769e-01
2.757289707660675049e-01
6.950106024742126465e-01
1.481526196002960205e-01
4.245498180389404297e-01
1.549700051546096802e-01
-3.897287249565124512e-01
-4.836199581623077393e-01
-5.748521089553833008e-01
-3.370881974697113037e-01
-5.064677596092224121e-01
6.922551989555358887e-02
-8.062865585088729858e-02
1.990245580673217773e-01
-5.938078835606575012e-02
4.890256226062774658e-01
-1.619606018066406250e-01
-1.918808184564113617e-02
-1.406198620796203613e+00
2.053581476211547852e-01
-8.336653113365173340e-01
-6.896906495094299316e-01
-5.560783147811889648e-01
7.969067245721817017e-02
1.857361495494842529e-01
2.550556957721710205e-01
7.869742512702941895e-01
-9.324038773775100708e-02
8.327512741088867188e-01
-3.034595549106597900e-01
1.823771446943283081e-01
-3.123978376388549805e-01
-1.166420951485633850e-01
-1.061245873570442200e-01
2.039619237184524536e-01
-3.235661685466766357e-01
-1.420363038778305054e-01
-9.039710760116577148e-01
3.269661664962768555e-01
-1.248082160949707031e+00
-1.570883840322494507e-01
-1.110702082514762878e-01
-1.351224631071090698e-01
3.969261348247528076e-01
-2.846401631832122803e-01
1.194081455469131470e-01
2.020299285650253296e-01
2.491730004549026489e-01
1.108101904392242432e-01
4.434622526168823242e-01
-3.622303009033203125e-01
-1.105398312211036682e-01
3.749643862247467041e-01
3.364874720573425293e-01
-1.119520664215087891e+00
7.639259099960327148e-01
-4.352702200412750244e-01
1.069116473197937012e+00
1.184943392872810364e-01
-2.404141426086425781e-01
7.027180194854736328e-01
-1.147674202919006348e+00
-1.365933269262313843e-01
-4.325453042984008789e-01
-5.530336499214172363e-01
-4.533478021621704102e-01
-8.945492655038833618e-02
-8.491998314857482910e-01
7.681321352720260620e-02
-4.473702311515808105e-01
1.460233628749847412e-01
1.289222091436386108e-01
-8.180020004510879517e-02
4.169061779975891113e-01
4.799398407340049744e-02
7.424248009920120239e-02
-3.006836473941802979e-01
2.227521687746047974e-01
-5.819988846778869629e-01
-3.495926558971405029e-01
-8.922288566827774048e-02
5.086520221084356308e-03
7.371736764907836914e-01
4.899956583976745605e-01
5.591084957122802734e-01
3.393799066543579102e-01
4.046894982457160950e-02
-2.368590608239173889e-02
1.657905615866184235e-02
-2.526379525661468506e-01
-4.562235176563262939e-01
-1.768950670957565308e-01
-1.782322078943252563e-01
-2.100705951452255249e-01
-4.114425182342529297e-01
9.384847246110439301e-03
2.376585751771926880e-01
3.519846498966217041e-01
1.800342649221420288e-02
3.592945039272308350e-01
4.542483985424041748e-01
2.297484427690505981e-01
3.674262762069702148e-01
-1.080804392695426941e-01
4.560488462448120117e-01
-1.074285954236984253e-01
1.784812510013580322e-01
-1.459226131439208984e+00
-7.359943985939025879e-01
-1.251266717910766602e+00
-4.935995340347290039e-01
-5.152624845504760742e-01
-2.447307556867599487e-01
7.056952267885208130e-02
-6.867365539073944092e-02
1.353448629379272461e-01
6.829594969749450684e-01
-8.309443295001983643e-02
-6.697926670312881470e-02
-1.366419941186904907e-01
4.744165241718292236e-01
4.114126265048980713e-01
5.228461027145385742e-01
-1.651380211114883423e-01
3.259294629096984863e-01
-1.056051999330520630e-02
-1.635128706693649292e-01
