1.222829461097717285e+00
-1.387942284345626831e-01
7.483013272285461426e-01
3.900431990623474121e-01
2.321271896362304688e-01
-1.992374807596206665e-01
-2.502914071083068848e-01
-1.049515485763549805e+00
3.632686659693717957e-02
7.581629604101181030e-02
1.266723219305276871e-02
-1.264352798461914062e-01
5.651453733444213867e-01
-2.100005894899368286e-01
1.285176426172256470e-01
-7.219759225845336914e-01
-5.275602340698242188e-01
-8.567332029342651367e-01
-2.867155075073242188e-01
7.491034865379333496e-01
7.564542293548583984e-01
1.392803490161895752e-01
5.690540075302124023e-01
3.513911366462707520e-01
2.028364986181259155e-01
-9.771980643272399902e-01
-4.119969606399536133e-01
-2.124123334884643555e+00
2.744463384151458740e-01
-1.784451454877853394e-01
5.005001649260520935e-02
-1.785735487937927246e-01
2.711304724216461182e-01
-1.286545097827911377e-01
6.231957077980041504e-01
-1.084466338157653809e+00
-8.360271453857421875e-01
-1.210629940032958984e+00
-1.553836613893508911e-01
-1.012743115425109863e-01
6.155411005020141602e-01
5.209240317344665527e-01
5.438386201858520508e-01
1.079726964235305786e-01
-3.723778948187828064e-02
-4.633147120475769043e-01
-7.950989007949829102e-01
-3.633910417556762695e-01
3.116286098957061768e-01
1.746702045202255249e-01
3.716839551925659180e-01
8.190799951553344727e-01
4.780171811580657959e-01
1.081894710659980774e-01
2.369165793061256409e-02
-9.757918119430541992e-01
-1.053349375724792480e+00
-2.862932384014129639e-01
2.932754755020141602e-01
-5.487005785107612610e-02
3.673678934574127197e-01
5.676628947257995605e-01
2.143595814704895020e-01
6.192991882562637329e-02
-4.837228059768676758e-01
-9.577265381813049316e-01
5.204441957175731659e-03
-1.047892495989799500e-01
1.733656674623489380e-01
4.946162179112434387e-02
2.822944819927215576e-01
3.802568838000297546e-02
3.225366398692131042e-02
-3.682466447353363037e-01
-4.694518744945526123e-01
-3.283028900623321533e-01
-4.384681582450866699e-01
-1.348772346973419189e-01
-3.020414113998413086e-01
1.750936061143875122e-01
1.732658296823501587e-01
-2.263322472572326660e-01
-3.536926954984664917e-02
-1.426810324192047119e-01
1.537718623876571655e-01
-5.553824361413717270e-03
-7.709359051659703255e-04
-4.522877186536788940e-02
-8.241942524909973145e-02
-3.782566785812377930e-01
-9.416431188583374023e-01
-3.959513902664184570e-01
-1.969246119260787964e-01
1.810080558061599731e-01
1.673733443021774292e-01
4.793293178081512451e-01
7.474767416715621948e-02
2.955027520656585693e-01
-6.958022713661193848e-01
3.428404331207275391e-01
4.266569763422012329e-02
-4.463938996195793152e-02
4.296379387378692627e-01
5.674709677696228027e-01
5.567175745964050293e-01
6.593576669692993164e-01
-6.475574970245361328e-01
-1.710865497589111328e+00
-6.850723624229431152e-01
2.825105786323547363e-01
2.482976168394088745e-01
5.659910440444946289e-01
2.850012183189392090e-01
5.301812887191772461e-01
5.664930939674377441e-01
5.158285796642303467e-02
-1.131859328597784042e-02
-1.993663668632507324e+00
3.075471818447113037e-01
-4.567859321832656860e-02
1.078760847449302673e-01
-6.570157408714294434e-02
5.877962112426757812e-01
9.175853133201599121e-01
2.131761312484741211e-01
-5.386044383049011230e-01
-4.503931999206542969e-01
-1.110962629318237305e+00
3.397079557180404663e-02
2.668223530054092407e-02
1.428585052490234375e-01
-2.429118007421493530e-01
1.223560050129890442e-01
-2.980742044746875763e-02
1.845639497041702271e-01
-1.038668513298034668e+00
-5.354226231575012207e-01
-4.053140580654144287e-01
-3.682168126106262207e-01
-3.242931663990020752e-01
-5.857786536216735840e-01
2.656811773777008057e-01
4.875420331954956055e-01
4.130586385726928711e-01
3.721105754375457764e-01
1.781901419162750244e-01
1.783292889595031738e-01
2.274347394704818726e-01
1.037497911602258682e-02
-2.401231080293655396e-01
4.976503551006317139e-02
-4.162788987159729004e-01
-4.684705659747123718e-02
-2.998528480529785156e-01
3.622969686985015869e-01
-3.685801923274993896e-01
-4.415264129638671875e-01
-9.031049609184265137e-01
-3.069748878479003906e-01
-7.278063148260116577e-02
1.284249424934387207e-01
1.956808567047119141e-01
3.230512142181396484e-01
7.613806724548339844e-01
4.587719440460205078e-01
1.595832258462905884e-01
-1.260900139808654785e+00
-1.203082323074340820e+00
-1.885873265564441681e-02
4.804240465164184570e-01
3.989319205284118652e-01
6.379265785217285156e-01
2.464764565229415894e-01
4.213666021823883057e-01
-3.573685884475708008e-02
6.016494631767272949e-01
-2.176037073135375977e+00
-1.630605578422546387e+00
-1.040075421333312988e+00
-1.379140280187129974e-02
-2.659377455711364746e-01
1.375101357698440552e-01
8.082079291343688965e-01
8.037901520729064941e-01
-7.036581635475158691e-02
-1.982568651437759399e-01
-9.726645946502685547e-01
-3.212628960609436035e-01
3.489601016044616699e-01
5.746506452560424805e-01
4.957342445850372314e-01
5.373466610908508301e-01
4.576982259750366211e-01
-1.582486629486083984e-01
-2.481686323881149292e-01
-5.681324601173400879e-01
-8.974624872207641602e-01
-1.240333542227745056e-01
4.341441988945007324e-01
-2.478475123643875122e-01
-6.044121459126472473e-02
2.259042710065841675e-01
1.918648928403854370e-02
-1.373793631792068481e-01
-1.682034879922866821e-01
-8.040191531181335449e-01
2.470752447843551636e-01
7.136827707290649414e-01
-7.482298463582992554e-02
1.639328449964523315e-01
-7.272320240736007690e-02
2.356461882591247559e-01
-1.804731041193008423e-01
-3.454990983009338379e-01
-6.453799605369567871e-01
-7.844852805137634277e-01
-3.749583363533020020e-01
5.269558168947696686e-03
2.158242315053939819e-01
3.198631703853607178e-01
1.260825246572494507e-01
2.421204894781112671e-01
-4.496101737022399902e-01
-2.110427767038345337e-01
-3.769923150539398193e-01
-1.161776483058929443e-01
1.955834776163101196e-01
1.289741545915603638e-01
-7.476413249969482422e-02
1.423974335193634033e-01
-7.228751666843891144e-03
-2.850637733936309814e-01
-1.653025113046169281e-02
7.772193104028701782e-02
2.913041114807128906e-01
-1.077798157930374146e-01
-4.340696334838867188e-01
2.602236531674861908e-02
-1.182802468538284302e-01
1.068656295537948608e-01
2.673237621784210205e-01
-1.583722233772277832e-01
1.182233095169067383e-01
-4.600749909877777100e-01
-5.594640970230102539e-03
1.207555159926414490e-01
-7.071650624275207520e-01
-9.180401563644409180e-01
-3.018199205398559570e-01
-3.478731513023376465e-01
-2.463795430958271027e-02
9.196259826421737671e-02
-7.828035950660705566e-02
2.127613872289657593e-02
-2.873345315456390381e-01
-1.365587949752807617e+00
-6.423572301864624023e-01
-6.446966528892517090e-01
-2.944785356521606445e-01
1.174688115715980530e-01
-3.465855717658996582e-01
-6.412975788116455078e-01
1.510934159159660339e-02
2.441762834787368774e-01
3.816553056240081787e-01
-5.988926291465759277e-01
-1.165177971124649048e-01
-3.444066047668457031e-01
2.260362505912780762e-01
5.685606598854064941e-01
9.032055139541625977e-01
5.364358425140380859e-01
4.174376130104064941e-01
-8.362800478935241699e-01
-1.329074382781982422e+00
-4.842636287212371826e-01
2.125550210475921631e-01
3.071486353874206543e-01
5.674594640731811523e-01
8.982732892036437988e-01
1.122047305107116699e+00
2.692647464573383331e-02
-3.786213994026184082e-01
-9.305559396743774414e-01
-1.805933192372322083e-02
2.825432457029819489e-02
3.123154491186141968e-02
-2.746935188770294189e-01
2.960802912712097168e-01
-2.183564603328704834e-01
-6.418533325195312500e-01
-4.596016108989715576e-01
-1.556692570447921753e-01
-8.794778585433959961e-01
3.675248846411705017e-02
2.138131558895111084e-01
-5.683935061097145081e-02
-2.608698606491088867e-01
-3.106105327606201172e-01
-8.901982754468917847e-02
4.985356628894805908e-01
4.787623286247253418e-01
-4.896163940429687500e-01
1.954824328422546387e-01
-6.465570628643035889e-02
2.857885062694549561e-01
-7.447263002395629883e-01
-6.275244951248168945e-01
-1.419883519411087036e-01
3.736677169799804688e-01
4.857126157730817795e-03
3.544225990772247314e-01
2.900731563568115234e-01
6.680216193199157715e-01
-7.608927786350250244e-03
-1.844654381275177002e-01
-1.264451622962951660e+00
3.657459616661071777e-01
3.441623449325561523e-01
-7.154386043548583984e-01
2.148143202066421509e-01
1.616480797529220581e-01
2.447030507028102875e-02
4.909489452838897705e-01
-1.919134855270385742e+00
-5.143073797225952148e-01
-1.049193263053894043e+00
3.670774996280670166e-01
4.316373467445373535e-01
2.552432417869567871e-01
8.298293352127075195e-01
4.154764115810394287e-02
5.426301360130310059e-01
-1.463977456092834473e+00
-1.171761870384216309e+00
-9.971457123756408691e-01
2.875423803925514221e-02
4.912915825843811035e-01
1.278493762016296387e+00
1.147045850753784180e+00
6.881328225135803223e-01
3.607437610626220703e-01
-3.050831891596317291e-02
-5.080737471580505371e-01
-2.007933855056762695e+00
-5.001618862152099609e-01
5.016566440463066101e-02
2.563605308532714844e-01
5.779955983161926270e-01
2.126022055745124817e-02
1.093193441629409790e-01
5.867939591407775879e-01
5.003846883773803711e-01
-2.452677488327026367e-01
-1.213940143585205078e+00
-5.682857036590576172e-01
1.311362236738204956e-01
6.621146798133850098e-01
5.480906367301940918e-01
4.930713474750518799e-01
4.681636393070220947e-01
3.884724155068397522e-02
3.735434114933013916e-01
-1.126240134239196777e+00
-1.488342523574829102e+00
-3.055011928081512451e-01
-6.690561771392822266e-02
2.904224395751953125e-01
1.023861408233642578e+00
-1.612395793199539185e-02
-1.554405391216278076e-01
-4.232986569404602051e-01
-1.342410087585449219e+00
-8.401165008544921875e-01
3.954487293958663940e-02
4.319605827331542969e-01
7.398490309715270996e-01
4.098627865314483643e-01
1.007604360580444336e+00
6.262246966361999512e-01
5.967563986778259277e-01
-6.645963191986083984e-01
-5.028879046440124512e-01
-7.342841029167175293e-01
6.732349097728729248e-02
4.895378053188323975e-01
6.991760730743408203e-01
3.529307544231414795e-01
6.065300107002258301e-01
4.341488182544708252e-01
-2.998412586748600006e-02
-1.261078476905822754e+00
-4.897842407226562500e-01
-7.173410654067993164e-01
1.887177228927612305e-01
-1.758431792259216309e-01
8.874370902776718140e-02
2.792643606662750244e-01
1.251422315835952759e-01
-7.264131307601928711e-01
1.157576739788055420e-01
-4.269534349441528320e-01
-1.877468675374984741e-01
-6.696842908859252930e-01
1.273140311241149902e-01
-1.529770195484161377e-01
-4.522584080696105957e-01
-5.663323998451232910e-01
-7.755313515663146973e-01
-2.682047784328460693e-01
2.290159314870834351e-01
-5.435384511947631836e-01
3.778406977653503418e-02
2.533969283103942871e-01
7.422984838485717773e-01
-6.266807764768600464e-02
-4.414503872394561768e-01
-7.788111567497253418e-01
-5.109364986419677734e-01
3.991590738296508789e-01
1.896921992301940918e-01
1.411985754966735840e-01
6.221744418144226074e-01
5.451984405517578125e-01
6.999559998512268066e-01
-6.617242693901062012e-01
-1.118947267532348633e+00
-1.416125416755676270e+00
6.003438681364059448e-02
2.628925442695617676e-01
1.834722161293029785e-01
7.542357444763183594e-01
3.330468237400054932e-01
2.017049044370651245e-01
2.465175688266754150e-01
-7.553499341011047363e-01
-1.079662084579467773e+00
-7.662217020988464355e-01
1.820948347449302673e-02
3.225040435791015625e-01
4.321584403514862061e-01
6.162964701652526855e-01
8.446606397628784180e-01
6.800540089607238770e-01
-1.778222620487213135e-01
2.802442014217376709e-01
-2.132190465927124023e+00
-1.495166569948196411e-01
-3.794134855270385742e-01
1.411024630069732666e-01
-1.117415875196456909e-01
3.338904678821563721e-01
7.082424312829971313e-02
5.594025831669569016e-03
-1.425583213567733765e-01
-8.907496929168701172e-01
-2.689605057239532471e-01
2.878867089748382568e-01
1.628466844558715820e-01
8.476253747940063477e-01
5.078455805778503418e-01
2.409176379442214966e-01
-4.965429604053497314e-01
-1.753481924533843994e-01
-9.194592237472534180e-01
-6.009819507598876953e-01
2.238166034221649170e-01
4.446192681789398193e-01
5.279412269592285156e-01
-5.642133951187133789e-01
-1.610720306634902954e-01
-5.293809771537780762e-01
-4.397808909416198730e-01
3.028096258640289307e-01
2.072318792343139648e-01
-3.800801634788513184e-01
-3.907713592052459717e-01
7.867680490016937256e-02
3.052650094032287598e-01
2.930788993835449219e-01
-1.437302470207214355e+00
6.198940277099609375e-01
-9.372194856405258179e-02
5.110273361206054688e-01
-5.348702892661094666e-03
2.050214409828186035e-01
5.080134868621826172e-01
-2.469362020492553711e-01
3.525914251804351807e-02
-2.247766971588134766e+00
-9.695066511631011963e-02
1.240225657820701599e-01
6.799611449241638184e-01
4.767957031726837158e-01
4.741200804710388184e-01
-3.354988098144531250e-01
-6.401091814041137695e-01
3.644973635673522949e-01
8.358877897262573242e-02
-5.252850055694580078e-01
-4.104353785514831543e-01
-5.054451227188110352e-01
-7.031793594360351562e-01
1.565345376729965210e-01
1.370004285126924515e-02
-4.373877868056297302e-02
7.257568240165710449e-01
1.007986426353454590e+00
6.058859229087829590e-01
-9.533399343490600586e-01
-1.829936653375625610e-01
-3.398100137710571289e-01
-9.290514141321182251e-02
