4.391471445560455322e-01
-4.372015595436096191e-01
3.558602631092071533e-01
1.566326618194580078e-01
1.040808409452438354e-01
6.117361783981323242e-01
4.927485585212707520e-01
1.742153614759445190e-01
2.403381764888763428e-01
-2.309047728776931763e-01
1.955857425928115845e-01
-4.816132485866546631e-01
-2.707884907722473145e-01
-4.836751222610473633e-01
-1.037975400686264038e-01
2.544409781694412231e-02
-5.806800127029418945e-01
-1.362834721803665161e-01
-1.096471548080444336e+00
-2.651307284832000732e-01
-1.689185202121734619e-01
-5.259659290313720703e-01
1.710853166878223419e-02
3.147557973861694336e-01
1.950684338808059692e-01
-1.691454276442527771e-02
5.493932962417602539e-01
1.003008723258972168e+00
3.196215033531188965e-01
-4.230497777462005615e-01
-3.977417945861816406e-01
-1.314205765724182129e+00
-3.136104643344879150e-01
-1.296571016311645508e+00
-6.269108504056930542e-02
-6.620759367942810059e-01
6.395313143730163574e-01
7.697722911834716797e-01
5.824296474456787109e-01
-3.103720843791961670e-01
7.752148807048797607e-02
-1.063181012868881226e-01
1.076172292232513428e-01
4.898182451725006104e-01
-8.431806415319442749e-02
-6.866529583930969238e-01
-6.510860919952392578e-01
-7.711764425039291382e-02
1.070666387677192688e-01
-4.201543927192687988e-01
-2.143725454807281494e-01
-3.191665410995483398e-01
-1.162504434585571289e+00
-1.030322387814521790e-01
3.435183465480804443e-01
8.510382175445556641e-01
-1.966433674097061157e-01
-1.692600697278976440e-01
6.500607132911682129e-01
-4.326102435588836670e-01
4.475694298744201660e-01
5.022664070129394531e-01
-3.595533967018127441e-02
-4.198905825614929199e-02
-1.985008567571640015e-01
4.922829102724790573e-03
-2.629492580890655518e-01
-4.412479996681213379e-01
-6.262797862291336060e-02
-1.307618767023086548e-01
-1.486389338970184326e-01
2.404103279113769531e-01
5.204767584800720215e-01
2.758534550666809082e-01
-6.136682033538818359e-01
-4.265318214893341064e-01
-7.228388786315917969e-01
-8.066539168357849121e-01
-4.331182837486267090e-01
-1.302774071693420410e+00
-3.371165692806243896e-01
-2.770393192768096924e-01
1.087985754013061523e+00
8.479341864585876465e-01
9.253083467483520508e-01
-2.901898622512817383e-01
-2.784927189350128174e-01
2.024202942848205566e-01
-5.956476554274559021e-02
-1.948817968368530273e-01
-5.476962924003601074e-01
-3.844435811042785645e-01
-5.248279571533203125e-01
-1.443801224231719971e-01
-9.283891320228576660e-01
8.275795727968215942e-02
-7.486186027526855469e-01
2.786234617233276367e-01
4.770936369895935059e-01
7.311241626739501953e-01
7.288609743118286133e-01
-1.824963390827178955e-01
4.681692644953727722e-02
-8.965791761875152588e-02
4.780738651752471924e-01
1.047233700752258301e+00
1.449938863515853882e-01
-3.010040819644927979e-01
-4.123302102088928223e-01
-5.620012283325195312e-01
-1.267334818840026855e-01
-2.102377638220787048e-02
-8.985063433647155762e-01
-9.896703362464904785e-01
-3.057935535907745361e-01
6.744034290313720703e-01
1.611234098672866821e-01
-6.089200973510742188e-01
-4.355034232139587402e-01
1.625470444560050964e-02
1.975501477718353271e-01
5.660311505198478699e-02
2.730676531791687012e-01
7.794120907783508301e-01
-1.563111543655395508e-01
-4.479237496852874756e-01
-4.200436472892761230e-01
1.670096963644027710e-01
2.715663015842437744e-01
-9.847086668014526367e-02
-2.437234520912170410e-01
-5.837951898574829102e-01
1.100508123636245728e-01
-1.492590606212615967e-01
-4.763379991054534912e-01
-1.079802036285400391e+00
-2.006503492593765259e-01
-7.758952379226684570e-01
-9.151238948106765747e-03
2.713705413043498993e-02
-3.564516007900238037e-01
1.672483533620834351e-01
4.206963777542114258e-01
5.846192240715026855e-01
8.186433911323547363e-01
4.182772040367126465e-01
4.247727990150451660e-01
2.925983965396881104e-01
-4.671632777899503708e-03
-2.985079288482666016e-01
-6.893648505210876465e-01
-6.487784385681152344e-01
-3.942699730396270752e-01
-8.074330091476440430e-01
9.323409944772720337e-02
-3.393803238868713379e-01
5.329375863075256348e-01
2.317221313714981079e-01
-9.369933605194091797e-02
4.774298667907714844e-01
3.408097624778747559e-01
1.047569885849952698e-01
-4.416334033012390137e-01
-1.667753458023071289e+00
-1.058357715606689453e+00
4.098732173442840576e-01
6.156731247901916504e-01
-6.912513375282287598e-01
-5.116820931434631348e-01
-7.146421670913696289e-01
5.290158987045288086e-01
4.301317036151885986e-01
-7.917255163192749023e-01
-2.175383567810058594e-01
8.859232664108276367e-01
1.096966743469238281e+00
9.909642338752746582e-01
2.752493917942047119e-01
-2.094945758581161499e-01
-5.913835763931274414e-01
-3.010573089122772217e-01
-9.994294047355651855e-01
6.638693213462829590e-01
1.755409315228462219e-02
2.740231454372406006e-01
1.740724891424179077e-01
3.385880887508392334e-01
6.737358123064041138e-02
-1.644640564918518066e-01
-1.742010474205017090e+00
-2.284006029367446899e-01
1.029216870665550232e-01
-6.169272661209106445e-01
-8.174304962158203125e-01
-4.044011235237121582e-01
-4.763353988528251648e-02
6.674454361200332642e-02
1.126053109765052795e-01
1.278348326683044434e+00
1.215639829635620117e+00
6.636811494827270508e-01
-3.723248541355133057e-01
-2.837305665016174316e-01
-4.407942295074462891e-01
-1.151231408119201660e+00
-4.842444136738777161e-02
2.553521692752838135e-01
-7.261081933975219727e-01
-5.756893157958984375e-01
-1.215063571929931641e+00
-1.049317717552185059e+00
-5.140324234962463379e-01
1.142601013183593750e+00
1.111400485038757324e+00
1.130809068679809570e+00
-1.973457634449005127e-01
-1.923086866736412048e-02
-8.123132586479187012e-01
-2.940803170204162598e-01
2.652460932731628418e-01
2.966210544109344482e-01
-9.995659440755844116e-02
-6.260976791381835938e-01
2.290330678224563599e-01
1.589185893535614014e-01
-7.344572991132736206e-02
5.239680409431457520e-01
2.479391843080520630e-01
-1.832441687583923340e-01
1.357111334800720215e-01
-1.050969362258911133e-01
3.949994742870330811e-01
-8.627211675047874451e-03
-4.435381293296813965e-01
-3.939525485038757324e-01
-6.699088811874389648e-01
-5.544111728668212891e-01
6.957350671291351318e-02
-4.369353353977203369e-01
3.835443556308746338e-01
-2.231762707233428955e-01
-3.461739746853709221e-03
3.433550596237182617e-01
-8.960803151130676270e-01
-7.869763970375061035e-01
-2.084918767213821411e-01
-6.232376024127006531e-02
-5.691708922386169434e-01
-4.447439610958099365e-01
-7.445623278617858887e-01
-4.577986598014831543e-01
7.535146176815032959e-02
-3.396156132221221924e-01
3.424617648124694824e-01
8.201677352190017700e-03
2.683163434267044067e-02
3.641805648803710938e-01
8.000985383987426758e-01
4.368827044963836670e-01
4.852012544870376587e-02
3.080082535743713379e-01
-2.501078248023986816e-01
-4.716851115226745605e-01
-4.943843781948089600e-01
-4.707223474979400635e-01
-1.884433329105377197e-01
-3.297698199748992920e-01
-2.012274712324142456e-01
7.827673107385635376e-02
-8.377097249031066895e-01
2.060892432928085327e-01
-7.146001458168029785e-01
3.551056683063507080e-01
3.491852283477783203e-01
3.900021910667419434e-01
-5.668633580207824707e-01
-4.078194200992584229e-01
-3.583237230777740479e-01
4.097153842449188232e-01
-3.860627114772796631e-01
-2.159393429756164551e-01
2.576913535594940186e-01
1.346326351165771484e+00
-1.787738651037216187e-01
1.803697049617767334e-01
3.215236067771911621e-01
6.946097612380981445e-01
-8.570841550827026367e-01
-5.586053133010864258e-01
-8.473026752471923828e-01
-9.510874748229980469e-01
-9.694353938102722168e-01
-2.938718497753143311e-01
-8.701553344726562500e-01
-2.217091619968414307e-02
1.780945062637329102e-01
5.402644276618957520e-01
-5.218090415000915527e-01
8.191259503364562988e-01
-1.145885586738586426e-01
3.314462304115295410e-01
5.082868933677673340e-01
-7.671598792076110840e-01
2.023980719968676567e-03
8.110077381134033203e-01
5.884198546409606934e-01
5.104450583457946777e-01
-6.310841441154479980e-01
-4.679738581180572510e-01
-1.947234630584716797e+00
-9.398691654205322266e-01
-8.730002045631408691e-01
-4.024489596486091614e-02
-2.452080696821212769e-01
-3.132277131080627441e-01
1.267386794090270996e+00
9.158644080162048340e-01
-5.569922327995300293e-01
3.867813944816589355e-02
-7.268649339675903320e-01
2.000821679830551147e-01
1.965800374746322632e-01
-7.322816848754882812e-01
1.198984310030937195e-01
-1.802194267511367798e-01
-3.654255531728267670e-03
-5.670554041862487793e-01
-3.292331397533416748e-01
-4.026976227760314941e-01
-1.107750892639160156e+00
-9.056326746940612793e-02
-5.096923112869262695e-01
1.835382431745529175e-01
-3.037277236580848694e-02
3.376674354076385498e-01
3.603945970535278320e-01
1.994105130434036255e-01
-2.787200808525085449e-01
7.586454153060913086e-01
8.220822811126708984e-01
4.325688481330871582e-01
-1.133793115615844727e+00
-1.516843080520629883e+00
-1.164679050445556641e+00
-4.859471321105957031e-01
3.919344842433929443e-01
1.275565177202224731e-01
-1.640826612710952759e-01
2.665197849273681641e-01
8.445177078247070312e-01
4.878860339522361755e-02
-3.478822112083435059e-02
3.731862008571624756e-01
-3.768367767333984375e-01
-9.724075794219970703e-01
-1.200469374656677246e+00
-5.910666659474372864e-02
4.195460677146911621e-01
9.811732172966003418e-01
4.377781152725219727e-01
3.491652607917785645e-01
-4.402384534478187561e-02
2.570518255233764648e-01
-2.998055517673492432e-01
-1.232775226235389709e-01
7.234127074480056763e-02
6.604264676570892334e-02
-9.864015132188796997e-02
1.607004553079605103e-02
-6.767524480819702148e-01
-6.125556826591491699e-01
-4.731610417366027832e-01
-5.395453572273254395e-01
-2.547298669815063477e-01
-1.908377856016159058e-01
-3.492745161056518555e-01
-1.700471043586730957e-01
5.436112880706787109e-01
4.798901975154876709e-01
-3.277943134307861328e-01
4.160067141056060791e-01
-2.371932193636894226e-02
7.796559929847717285e-01
1.009000241756439209e-01
-2.103195935487747192e-01
5.699997395277023315e-02
1.033590883016586304e-01
-7.370659112930297852e-01
-6.205749511718750000e-02
2.536725401878356934e-01
1.318109035491943359e-01
-3.028204739093780518e-01
-4.052434563636779785e-01
-3.406600654125213623e-01
2.982756197452545166e-01
-1.012116447091102600e-01
1.982668936252593994e-01
5.760993957519531250e-01
9.320063591003417969e-01
-2.491895407438278198e-01
3.359034657478332520e-01
-4.888645410537719727e-01
-4.805365502834320068e-01
-1.187622070312500000e+00
-3.190567195415496826e-01
-6.978938579559326172e-01
-5.942788347601890564e-02
-6.785674691200256348e-01
-5.464494228363037109e-01
-5.253410339355468750e-01
2.807413339614868164e-01
-2.718624174594879150e-01
1.466453820466995239e-01
-5.173919796943664551e-01
-5.934993624687194824e-01
-4.292181134223937988e-01
-1.031584024429321289e+00
-1.113922834396362305e+00
-5.284038782119750977e-01
3.802396655082702637e-01
1.389129757881164551e+00
1.178478956222534180e+00
1.172034502029418945e+00
-2.393153756856918335e-01
6.134421229362487793e-01
-4.132951796054840088e-02
5.856965184211730957e-01
-1.317800164222717285e+00
-1.912006288766860962e-01
-4.218689352273941040e-02
-7.440034151077270508e-01
2.534621655941009521e-01
-1.643272191286087036e-01
-5.445286631584167480e-01
2.992259562015533447e-01
5.381189659237861633e-02
-1.533194780349731445e-01
2.085347771644592285e-01
-1.637148708105087280e-01
-3.311319947242736816e-01
-1.260281056165695190e-01
-4.125149548053741455e-01
3.588563501834869385e-01
-3.253140747547149658e-01
-9.751718044281005859e-01
-7.540647983551025391e-01
-3.070867657661437988e-01
-1.271753162145614624e-01
-3.991333246231079102e-01
-3.368161320686340332e-01
-2.406036406755447388e-01
5.732052326202392578e-01
1.110947489738464355e+00
1.223650217056274414e+00
3.841264918446540833e-02
-2.095342874526977539e-01
9.054207801818847656e-02
4.649691283702850342e-02
-3.796319663524627686e-01
-1.188349872827529907e-01
-9.819982051849365234e-01
-6.427444219589233398e-01
-6.908319592475891113e-01
-8.328247815370559692e-02
-8.205341547727584839e-02
1.322226226329803467e-01
-8.731110394001007080e-02
-2.284601926803588867e-01
-1.495631933212280273e-01
-2.876623272895812988e-01
2.864060997962951660e-01
1.152778565883636475e-01
5.021111965179443359e-01
6.578099727630615234e-01
3.093281984329223633e-01
2.443873584270477295e-01
-3.514952063560485840e-01
-7.185012847185134888e-02
2.572579681873321533e-02
-2.240693718194961548e-01
2.310241907835006714e-01
-1.604101657867431641e-01
-1.431429266929626465e+00
5.324931070208549500e-02
-2.036750018596649170e-01
-6.761189699172973633e-01
-8.938197791576385498e-02
-2.330808639526367188e+00
-1.205815911293029785e+00
-3.667955398559570312e-01
4.305433034896850586e-01
4.105129837989807129e-01
-3.784395456314086914e-01
-1.100326180458068848e-01
6.975547075271606445e-01
7.488095164299011230e-01
1.976474672555923462e-01
6.430796980857849121e-01
6.469541192054748535e-01
-7.864716649055480957e-01
5.005975365638732910e-01
6.003165245056152344e-01
-5.484508275985717773e-01
-1.463736444711685181e-01
-6.198962926864624023e-01
-4.246474802494049072e-01
-6.458336710929870605e-01
-5.838167071342468262e-01
-2.832123637199401855e-01
3.711683675646781921e-02
2.152390629053115845e-01
2.494912892580032349e-01
5.299350619316101074e-01
