-9.714582562446594238e-01
2.888950109481811523e-01
4.634866118431091309e-02
-4.472281932830810547e-01
1.629099398851394653e-01
6.526620388031005859e-01
3.057606816291809082e-01
-8.167569339275360107e-02
6.009163856506347656e-01
-8.289270102977752686e-02
2.054247260093688965e-01
-3.504456020891666412e-03
-4.643563553690910339e-02
2.480996847152709961e-01
-1.924180686473846436e-01
2.775499522686004639e-01
1.124177649617195129e-01
-8.863374590873718262e-02
5.831102132797241211e-01
1.267401695251464844e+00
7.973725795745849609e-01
7.309896349906921387e-01
5.918833017349243164e-01
2.412448078393936157e-01
-2.189094871282577515e-01
-3.780295252799987793e-01
-1.186172485351562500e+00
-3.739595115184783936e-01
-1.445494174957275391e+00
-1.820290535688400269e-01
1.468138545751571655e-01
-6.262264400720596313e-02
1.995227038860321045e-01
4.443505406379699707e-01
-1.207566633820533752e-01
1.009204626083374023e+00
4.024032652378082275e-01
3.140569627285003662e-01
6.193800568580627441e-01
4.166311919689178467e-01
1.007484719157218933e-01
3.454433754086494446e-02
-6.048304438591003418e-01
2.588762044906616211e-01
-5.946357250213623047e-01
-6.236829161643981934e-01
5.974628329277038574e-01
3.074669837951660156e-01
4.088682234287261963e-01
7.107250690460205078e-01
1.956318318843841553e-01
2.663890719413757324e-01
1.026267856359481812e-01
-5.762729421257972717e-02
2.870115935802459717e-01
4.832490384578704834e-01
-1.695736944675445557e-01
2.328749895095825195e-01
5.672884732484817505e-02
-3.140046000480651855e-01
-2.528073787689208984e-01
-5.204863548278808594e-01
-6.971579194068908691e-01
-2.890262603759765625e-01
-1.760089844465255737e-01
-5.042462348937988281e-01
2.968409359455108643e-01
3.032875657081604004e-01
3.320062756538391113e-01
9.637549519538879395e-01
4.755633696913719177e-02
5.953222513198852539e-01
1.967560872435569763e-02
-5.734118223190307617e-01
3.067923188209533691e-01
-4.160299897193908691e-01
-2.783230245113372803e-01
5.099024772644042969e-01
4.194949194788932800e-02
-5.744236111640930176e-01
2.791674733161926270e-01
1.566108912229537964e-01
9.178591966629028320e-01
1.536925554275512695e+00
-1.201903596520423889e-01
1.014282941818237305e+00
2.250989526510238647e-02
-9.862249493598937988e-01
-6.573922187089920044e-02
-3.732773661613464355e-01
-9.319915622472763062e-02
1.214272454380989075e-01
8.092263340950012207e-02
5.845474600791931152e-01
9.947162270545959473e-01
-5.528895184397697449e-02
-1.863243281841278076e-01
1.719343960285186768e-01
-5.185639262199401855e-01
-4.482496380805969238e-01
-1.670361012220382690e-01
6.198862791061401367e-01
1.450571268796920776e-01
4.449062347412109375e-01
1.958474963903427124e-01
4.932851791381835938e-01
-4.927136600017547607e-01
-3.870954215526580811e-01
1.041639782488346100e-02
-3.358806967735290527e-01
-6.922537833452224731e-02
-6.741408258676528931e-02
-2.845120728015899658e-01
1.894223839044570923e-01
-3.822185695171356201e-01
-8.202980756759643555e-01
1.262754201889038086e-01
5.657118558883666992e-01
-1.461838483810424805e-01
2.979534864425659180e-01
1.918501406908035278e-01
5.192769765853881836e-01
1.125690713524818420e-01
1.622080616652965546e-02
3.464335501194000244e-01
6.120973825454711914e-01
-3.675586879253387451e-01
5.627313256263732910e-01
-8.467732369899749756e-02
1.255809813737869263e-01
6.467989087104797363e-01
-8.807732909917831421e-02
3.794546425342559814e-01
3.548107147216796875e-01
-4.907237291336059570e-01
3.888196498155593872e-02
6.647007074207067490e-03
1.324878633022308350e-01
-1.352945119142532349e-01
5.138175487518310547e-01
3.820048272609710693e-01
-2.466310858726501465e-01
-2.573296613991260529e-02
-3.579948842525482178e-01
-4.281464219093322754e-01
5.870738625526428223e-01
-2.057586610317230225e-01
-4.135669171810150146e-01
2.562016621232032776e-02
3.572894632816314697e-01
3.619273751974105835e-02
5.337370634078979492e-01
5.525537133216857910e-01
4.745205044746398926e-01
-8.749609440565109253e-02
-1.318175941705703735e-01
-1.871146857738494873e-01
-2.775721251964569092e-02
-2.971915602684020996e-01
-3.175419867038726807e-01
-3.943915069103240967e-01
5.478868484497070312e-01
1.398168653249740601e-01
5.743583440780639648e-01
5.199313759803771973e-01
5.200826004147529602e-02
8.540095090866088867e-01
4.179179072380065918e-01
-3.041952289640903473e-02
-2.620803117752075195e-01
-1.884450316429138184e-01
-3.711805045604705811e-01
-7.623817920684814453e-01
-3.171497583389282227e-01
-9.295248240232467651e-02
-4.157786071300506592e-01
-5.045953989028930664e-01
-3.380051255226135254e-01
2.071252167224884033e-01
2.522070705890655518e-01
1.059424757957458496e+00
4.400487244129180908e-01
3.723879158496856689e-01
7.301182746887207031e-01
8.381065726280212402e-01
-1.699866056442260742e-01
-3.160328567028045654e-01
-2.172969877719879150e-01
-2.383992373943328857e-01
-1.093803644180297852e+00
2.744171954691410065e-02
1.926012635231018066e-01
-5.817744508385658264e-02
6.111644506454467773e-01
2.979722321033477783e-01
-1.763327047228813171e-02
2.349549978971481323e-01
1.811182498931884766e-01
-4.818645417690277100e-01
4.337379336357116699e-01
-4.854486584663391113e-01
-3.693165779113769531e-01
1.045572161674499512e+00
4.285459220409393311e-02
1.523127436637878418e+00
1.053567647933959961e+00
-1.678874790668487549e-01
-9.837940335273742676e-03
-2.803698182106018066e-01
-8.394365310668945312e-01
7.261463403701782227e-01
6.601629853248596191e-01
7.130303382873535156e-01
5.189543366432189941e-01
4.319426715373992920e-01
3.722123205661773682e-01
-1.208751350641250610e-01
-1.941116005182266235e-01
9.587422013282775879e-02
-7.963734865188598633e-01
-5.654288530349731445e-01
-1.483454406261444092e-01
4.645611345767974854e-01
-2.066214829683303833e-01
1.527216434478759766e-01
-6.577586382627487183e-02
-5.911659598350524902e-01
-3.149977326393127441e-01
2.865747511386871338e-01
-2.228037714958190918e-01
2.147522717714309692e-01
-6.855523586273193359e-01
5.169759988784790039e-01
4.059911072254180908e-01
3.926364481449127197e-01
6.991767287254333496e-01
8.590732216835021973e-01
5.949004888534545898e-01
1.160834282636642456e-01
8.563089370727539062e-02
-5.208965390920639038e-02
2.735818326473236084e-01
-5.228101611137390137e-01
4.466010034084320068e-01
1.651580259203910828e-02
-3.844581842422485352e-01
-1.773836910724639893e-01
2.664684057235717773e-01
-5.969190597534179688e-01
2.734406888484954834e-01
2.288103476166725159e-02
-1.117489300668239594e-02
8.514165282249450684e-01
8.072033524513244629e-01
1.100547790527343750e+00
4.445379972457885742e-01
5.972969532012939453e-01
1.318568289279937744e-01
-1.730302423238754272e-01
7.900785654783248901e-02
2.299997657537460327e-01
-7.472767233848571777e-01
-1.238434612751007080e-01
-1.676786690950393677e-01
-3.963599503040313721e-01
2.374734729528427124e-01
-8.170824497938156128e-02
-4.661225378513336182e-01
3.503709733486175537e-01
-1.667952537536621094e-01
3.457960486412048340e-01
1.031133294105529785e+00
9.231741726398468018e-02
6.007384061813354492e-01
6.130161285400390625e-01
1.036580204963684082e-01
-6.028935909271240234e-01
-6.742161512374877930e-01
-6.542903184890747070e-01
4.962598681449890137e-01
5.076176300644874573e-02
-2.983167022466659546e-02
3.444928526878356934e-01
3.679881244897842407e-02
-1.239645257592201233e-01
2.547110319137573242e-01
-3.787684738636016846e-01
-2.544957399368286133e-01
-2.111396938562393188e-01
-5.758237466216087341e-02
-3.092302195727825165e-02
-1.687999218702316284e-01
4.750491380691528320e-01
1.128606081008911133e+00
-2.161966860294342041e-01
4.058284163475036621e-01
2.087592184543609619e-01
6.204323098063468933e-02
5.760349333286285400e-02
-4.770389199256896973e-01
9.602219611406326294e-02
-2.565669119358062744e-01
-2.362512052059173584e-01
1.661401987075805664e-01
3.164672851562500000e-01
1.215015202760696411e-01
7.831333875656127930e-01
2.395189851522445679e-01
5.021713674068450928e-02
2.285715490579605103e-01
-2.347815185785293579e-01
-7.431250810623168945e-02
7.563357353210449219e-01
1.177215576171875000e-01
9.440275281667709351e-02
2.356375455856323242e-01
2.045798487961292267e-02
-2.571928687393665314e-02
-9.574674814939498901e-02
7.591463923454284668e-01
-3.349896371364593506e-01
-1.881197988986968994e-01
-1.633641123771667480e-01
1.266146302223205566e-01
-6.468836683779954910e-03
9.596369862556457520e-01
2.799964547157287598e-01
7.559872269630432129e-01
8.177771419286727905e-02
1.845479905605316162e-01
3.761955201625823975e-01
5.907228216528892517e-02
-4.714708626270294189e-01
-8.659562468528747559e-02
-8.339861035346984863e-01
-4.811447858810424805e-01
3.921425640583038330e-01
1.679676026105880737e-01
6.997777819633483887e-01
3.563709259033203125e-01
1.427947282791137695e-01
5.450381040573120117e-01
4.997970163822174072e-01
1.116836890578269958e-01
1.466132421046495438e-02
-1.053850054740905762e-01
7.001762837171554565e-02
-2.098908871412277222e-01
-1.211776852607727051e+00
1.142453849315643311e-01
7.184368968009948730e-01
-5.756882205605506897e-02
-7.000797986984252930e-01
1.346535205841064453e+00
1.925982385873794556e-01
1.221496909856796265e-01
-8.267426490783691406e-01
8.414867520332336426e-01
4.466576576232910156e-01
-1.092224866151809692e-01
1.799909919500350952e-01
4.556444585323333740e-01
4.723902642726898193e-01
3.500233590602874756e-01
8.187440037727355957e-01
-5.004519224166870117e-01
5.418332666158676147e-02
3.630636036396026611e-01
3.164748251438140869e-01
-4.118064343929290771e-01
-3.414695560932159424e-01
-3.557887673377990723e-01
-1.032081723213195801e+00
-7.411847114562988281e-01
-3.285955190658569336e-01
-1.022129729390144348e-01
3.540256060659885406e-03
7.898019552230834961e-01
6.197716593742370605e-01
1.897661983966827393e-01
-4.662371426820755005e-02
-2.068520039319992065e-01
5.152068100869655609e-03
-5.400642156600952148e-01
-4.617518782615661621e-01
3.654975593090057373e-01
4.275420606136322021e-01
-1.788074709475040436e-02
5.201172828674316406e-01
9.476656094193458557e-03
-4.818615615367889404e-01
-5.063622072339057922e-02
3.456614613533020020e-01
3.814283609390258789e-01
-5.608057975769042969e-01
5.737577676773071289e-01
7.850269787013530731e-03
-1.249447390437126160e-01
-3.146477043628692627e-01
3.476298749446868896e-01
-4.654767215251922607e-01
1.465800702571868896e-01
4.382274746894836426e-01
4.349850714206695557e-01
-4.198823869228363037e-02
6.910458207130432129e-01
3.889106810092926025e-01
8.739581704139709473e-02
4.130562841892242432e-01
-1.730703376233577728e-02
3.070304095745086670e-01
3.231690227985382080e-01
2.184571623802185059e-01
4.185696840286254883e-01
1.611710041761398315e-01
3.660677969455718994e-01
2.031822204589843750e-01
1.423179805278778076e-01
2.094540745019912720e-01
3.898938596248626709e-01
-5.732445791363716125e-02
-3.716513887047767639e-02
3.166835606098175049e-01
-3.814784884452819824e-01
-1.653154194355010986e-01
8.761523291468620300e-03
-1.506120711565017700e-01
4.053706228733062744e-01
-1.269506216049194336e-01
2.878769338130950928e-01
-2.937891483306884766e-01
-7.565423101186752319e-02
1.223054647445678711e+00
3.043959736824035645e-01
6.257350742816925049e-02
4.849612116813659668e-01
-5.820993781089782715e-01
2.424860000610351562e-01
1.055858731269836426e+00
-5.489887297153472900e-02
-7.637473940849304199e-01
-4.195959866046905518e-01
-5.064611434936523438e-01
6.299675703048706055e-01
-1.347160637378692627e-01
-2.380702942609786987e-01
3.450317084789276123e-01
7.959157228469848633e-02
5.493889451026916504e-01
4.020766317844390869e-01
8.263129740953445435e-02
4.538689553737640381e-01
2.488032281398773193e-01
-7.744861841201782227e-01
-5.056190118193626404e-02
-9.369523078203201294e-02
-1.677225828170776367e-01
3.179686516523361206e-02
-3.483872115612030029e-01
-4.797642827033996582e-01
-3.177214860916137695e-01
-4.802934229373931885e-01
-2.663195133209228516e-01
9.355812072753906250e-01
1.160715445876121521e-01
-2.516599372029304504e-02
3.827703595161437988e-01
7.631187438964843750e-01
1.200567364692687988e+00
1.491506218910217285e+00
3.862781822681427002e-01
8.742897510528564453e-01
-2.154730558395385742e-01
-2.937598824501037598e-01
-7.135819792747497559e-01
-3.168118894100189209e-01
-7.346463203430175781e-01
-4.266302585601806641e-01
-9.857621192932128906e-01
-5.776950716972351074e-01
4.863524734973907471e-01
-8.535332977771759033e-02
7.636271417140960693e-02
8.872141838073730469e-01
4.326412975788116455e-01
5.859531760215759277e-01
9.161230325698852539e-01
2.156487107276916504e-01
2.982603311538696289e-01
3.209761381149291992e-01
-4.250973463058471680e-01
1.574881821870803833e-01
3.252954781055450439e-01
5.305243134498596191e-01
5.768756866455078125e-01
-1.050428897142410278e-01
-4.224156737327575684e-01
1.645968407392501831e-01
6.070395186543464661e-02
1.578370481729507446e-01
1.533598005771636963e-01
-2.462158799171447754e-01
-2.191320806741714478e-01
-5.916222333908081055e-01
3.774049505591392517e-02
-2.524335086345672607e-01
2.368569523096084595e-01
-4.505899846553802490e-01
8.315979503095149994e-03
3.302249610424041748e-01
-1.039630249142646790e-01
3.008375763893127441e-01
5.450623109936714172e-02
