3.699839115142822266e-01
-7.640227079391479492e-01
-1.048067808151245117e+00
-3.750081062316894531e-01
-8.147578686475753784e-02
-4.849089980125427246e-01
-1.082688927650451660e+00
3.155078589916229248e-01
-1.706967204809188843e-01
-1.085357964038848877e-01
5.051713585853576660e-01
4.155186116695404053e-01
4.071013927459716797e-01
3.518420755863189697e-01
2.907134294509887695e-01
-2.475760430097579956e-01
5.051689743995666504e-01
2.346167266368865967e-01
6.768858432769775391e-01
-5.284255743026733398e-01
-9.747423976659774780e-02
-1.953813135623931885e-01
7.405912280082702637e-01
-1.237534061074256897e-01
6.948533058166503906e-01
2.013572454452514648e-01
4.193882048130035400e-01
-2.018781602382659912e-01
6.259598731994628906e-01
1.330645233392715454e-01
2.584012039005756378e-02
-7.554262876510620117e-02
8.723334074020385742e-01
-5.511423945426940918e-01
8.988887667655944824e-01
-6.161716580390930176e-01
-1.015274748206138611e-01
6.728001832962036133e-01
-7.036844491958618164e-01
5.726746320724487305e-01
-7.575787901878356934e-01
-7.044712305068969727e-01
6.652901172637939453e-01
-7.862829566001892090e-01
-5.642461776733398438e-01
3.052319884300231934e-01
-4.427762031555175781e-01
2.353804707527160645e-01
2.259226292371749878e-01
4.325356334447860718e-02
4.040444791316986084e-01
-2.222061008214950562e-01
4.056292474269866943e-01
1.068255305290222168e+00
6.129869222640991211e-01
1.753604784607887268e-02
1.951505541801452637e+00
-3.283884525299072266e-01
-1.679903566837310791e-01
-2.838766872882843018e-01
-3.441794216632843018e-01
-4.066959917545318604e-01
2.265046350657939911e-02
-7.014128565788269043e-01
-2.042454928159713745e-01
1.711955070495605469e-01
2.885232269763946533e-01
3.996494710445404053e-01
6.063358783721923828e-01
-4.258323311805725098e-01
9.424140453338623047e-01
-7.251108884811401367e-01
-4.363059401512145996e-01
6.404770612716674805e-01
-5.811330080032348633e-01
-1.417648978531360626e-02
3.332495689392089844e-01
-4.434634447097778320e-01
-2.242918312549591064e-01
3.302357494831085205e-01
1.911345124244689941e-02
4.096821546554565430e-01
4.102871417999267578e-01
-2.087910920381546021e-01
1.183129906654357910e+00
-2.702760994434356689e-01
8.308574557304382324e-01
-3.170120418071746826e-01
3.741064667701721191e-02
-4.454885050654411316e-02
3.648147583007812500e-01
-7.612259685993194580e-02
-3.097625076770782471e-01
4.295018613338470459e-01
-4.198931157588958740e-01
-1.680005043745040894e-01
1.998862147331237793e+00
-2.799600660800933838e-01
-1.300042867660522461e+00
-2.312344312667846680e-02
2.332130521535873413e-01
2.750194966793060303e-01
7.679745554924011230e-02
1.381942749023437500e+00
-3.119601309299468994e-01
-2.235338538885116577e-01
3.724281787872314453e-01
6.717056632041931152e-01
4.987655878067016602e-01
3.146790564060211182e-01
-1.465687602758407593e-01
-4.375362098217010498e-01
-1.381844878196716309e-01
-1.118047237396240234e+00
-2.952899932861328125e-01
-4.916507005691528320e-01
-4.997795820236206055e-01
-5.381191372871398926e-01
-1.649497598409652710e-01
-7.012214064598083496e-01
2.735160887241363525e-01
2.141301780939102173e-01
1.341819018125534058e-01
3.079283833503723145e-01
6.108843088150024414e-01
1.811790168285369873e-01
8.651975989341735840e-01
-1.060429587960243225e-02
5.198394060134887695e-01
4.780072271823883057e-01
3.291313946247100830e-01
5.664594173431396484e-01
3.820080459117889404e-01
-1.103088974952697754e+00
7.000277042388916016e-01
1.611165404319763184e+00
-1.892708837985992432e-01
1.416119486093521118e-01
1.263010621070861816e+00
-4.566020369529724121e-01
-3.051788508892059326e-01
-8.633058518171310425e-02
-6.259383559226989746e-01
-5.688617229461669922e-01
4.049808382987976074e-01
-1.074092149734497070e+00
-1.062460303306579590e+00
-1.437271386384963989e-01
3.229288756847381592e-01
3.400568366050720215e-01
1.281334877014160156e+00
2.873565442860126495e-02
6.499308943748474121e-01
-7.548295855522155762e-01
-3.710725903511047363e-02
3.092292249202728271e-01
-1.681050211191177368e-01
-1.365613341331481934e-01
-7.909771054983139038e-02
2.430716753005981445e-01
7.846579551696777344e-01
1.476072818040847778e-01
5.533009171485900879e-01
-3.531834483146667480e-02
-6.742785573005676270e-01
3.590292036533355713e-01
-4.983608722686767578e-01
-1.384387910366058350e-01
2.138976156711578369e-01
-4.779106378555297852e-01
-1.352513283491134644e-01
-1.418704688549041748e-01
1.307007968425750732e-01
1.860116422176361084e-01
-1.627202779054641724e-01
2.287005782127380371e-01
-8.297466039657592773e-01
6.180064678192138672e-01
1.823441535234451294e-01
8.267059326171875000e-01
5.251490473747253418e-01
8.980382084846496582e-01
1.675498962402343750e+00
2.568157017230987549e-01
-9.610841870307922363e-01
-3.952755331993103027e-01
-6.020267307758331299e-02
-7.746730446815490723e-01
-5.897675156593322754e-01
-3.483818173408508301e-01
-4.440905749797821045e-01
1.354222595691680908e-01
1.578731179237365723e+00
6.710159778594970703e-01
-9.921689331531524658e-02
2.422494441270828247e-01
-4.833660423755645752e-01
-6.454313993453979492e-01
-8.437572978436946869e-03
1.698170006275177002e-01
-1.207429915666580200e-01
4.022565484046936035e-01
4.165140688419342041e-01
4.996366202831268311e-01
7.653865814208984375e-01
-9.999557137489318848e-01
-9.985128045082092285e-02
-2.810484468936920166e-01
6.897511482238769531e-01
1.064875245094299316e+00
2.429087758064270020e-01
7.379628419876098633e-01
-5.538145899772644043e-01
-1.473895311355590820e-01
1.647860407829284668e-01
-4.030426740646362305e-01
2.026502937078475952e-01
2.596400976181030273e-01
-5.358661413192749023e-01
2.494529634714126587e-01
-1.939500421285629272e-01
1.844460070133209229e-01
-4.244008958339691162e-01
4.145765304565429688e-02
1.580213010311126709e-01
2.553802430629730225e-01
-2.705935239791870117e-01
1.039197742938995361e-01
-3.823356628417968750e-01
-7.790244370698928833e-02
-2.725385129451751709e-01
1.505405306816101074e+00
3.349362909793853760e-01
4.852662384510040283e-01
5.723553895950317383e-01
6.217149496078491211e-01
-1.038766130805015564e-01
-6.484758853912353516e-01
2.341526150703430176e-01
-4.222501814365386963e-01
-5.773584246635437012e-01
-3.777845501899719238e-01
1.160879582166671753e-01
4.934170246124267578e-01
2.340464591979980469e-01
-2.706308662891387939e-01
4.995434582233428955e-01
7.890312671661376953e-01
6.472356915473937988e-01
1.488822817802429199e+00
4.169168472290039062e-01
9.661392569541931152e-01
1.340764880180358887e+00
3.265002965927124023e-01
-6.114534735679626465e-01
-7.079695463180541992e-01
-1.278330683708190918e+00
-7.505053877830505371e-01
-9.761602282524108887e-01
-1.081286549568176270e+00
-8.205925822257995605e-01
-4.427639394998550415e-02
4.983805119991302490e-01
1.954388618469238281e-01
6.094056963920593262e-01
-1.173519715666770935e-01
1.201403856277465820e+00
7.827849388122558594e-01
2.306554913520812988e-01
4.175225198268890381e-01
1.004410862922668457e+00
-4.343369305133819580e-01
8.232269883155822754e-01
-5.528454184532165527e-01
8.241339772939682007e-02
-1.841000318527221680e-01
-1.277605742216110229e-01
-4.209051430225372314e-01
5.173624753952026367e-01
-9.181784391403198242e-01
1.191450133919715881e-01
3.267206251621246338e-01
-2.193403244018554688e-01
-1.538962721824645996e-01
7.839725613594055176e-01
-5.344340801239013672e-01
3.210135698318481445e-01
-5.682306289672851562e-01
-3.977515995502471924e-01
1.871972680091857910e-01
3.016590774059295654e-01
4.412046074867248535e-01
7.290945053100585938e-01
-4.113877117633819580e-01
6.318757534027099609e-01
-6.187815070152282715e-01
2.815025448799133301e-01
2.341114282608032227e-01
-4.965577721595764160e-01
-3.262830153107643127e-02
-5.060182809829711914e-01
6.594926714897155762e-01
-1.953415386378765106e-02
6.181300282478332520e-01
4.211210012435913086e-01
7.793589234352111816e-01
-4.795123040676116943e-01
8.717679418623447418e-03
-2.736182510852813721e-01
1.296199858188629150e-01
1.691444993019104004e+00
7.633128762245178223e-01
-2.343716174364089966e-01
1.710564494132995605e-01
-3.461307659745216370e-02
-4.906971454620361328e-01
1.700311005115509033e-01
8.952823281288146973e-02
8.751456737518310547e-01
-7.850382328033447266e-01
-5.377418994903564453e-01
-7.660920266062021255e-03
-3.327637314796447754e-01
2.695156037807464600e-01
3.398946523666381836e-01
3.127599060535430908e-01
9.963994026184082031e-01
-6.121819019317626953e-01
-3.209452331066131592e-02
1.090759932994842529e-01
6.019125878810882568e-02
-7.440903782844543457e-01
-2.889214158058166504e-01
-3.989764750003814697e-01
3.016852736473083496e-01
5.896207094192504883e-01
3.606579005718231201e-01
1.687171339988708496e+00
1.979833245277404785e-01
1.741049811244010925e-02
2.692860364913940430e-01
2.216572165489196777e-01
1.310507506132125854e-01
8.366660475730895996e-01
2.210478857159614563e-02
5.323526263236999512e-01
2.384507060050964355e-01
-5.718064308166503906e-01
-7.659082114696502686e-02
-2.245935983955860138e-02
-1.186135649681091309e+00
-6.048901081085205078e-01
3.685530722141265869e-01
-1.828398704528808594e-01
-1.841411739587783813e-01
-3.279283642768859863e-01
1.167814373970031738e+00
-4.548542574048042297e-02
7.254315018653869629e-01
5.723050236701965332e-01
-5.592767000198364258e-01
-1.094553396105766296e-01
-1.094229221343994141e+00
-1.304770112037658691e+00
-3.241322934627532959e-01
1.133429333567619324e-01
4.722877144813537598e-01
-5.115160942077636719e-01
-1.294810418039560318e-02
4.887309670448303223e-01
3.236356675624847412e-01
5.120043158531188965e-01
5.241998434066772461e-01
8.151552677154541016e-01
3.830808028578758240e-02
7.343266606330871582e-01
4.282995313405990601e-02
-6.048251986503601074e-01
-2.831739485263824463e-01
-5.051182508468627930e-01
4.009282588958740234e-01
1.481596082448959351e-01
-8.852923512458801270e-01
-3.429940044879913330e-01
-5.070358142256736755e-02
-5.142093449831008911e-02
-1.954591833055019379e-02
2.281247377395629883e-01
5.910478532314300537e-02
-8.130772709846496582e-01
4.892686903476715088e-01
3.918052315711975098e-01
1.348484754562377930e-01
-4.429527819156646729e-01
8.134925365447998047e-01
-1.605112478137016296e-02
2.355675399303436279e-01
-3.821742832660675049e-01
2.664522826671600342e-01
-2.356457859277725220e-01
5.216044783592224121e-01
9.190149605274200439e-02
5.903565883636474609e-01
1.627155244350433350e-01
-1.028496623039245605e-01
-3.274279832839965820e-01
4.987597465515136719e-01
-3.841708898544311523e-01
-6.966688632965087891e-01
2.302422672510147095e-01
6.379592418670654297e-01
5.127373933792114258e-01
5.772950053215026855e-01
-4.185992181301116943e-01
-6.084468960762023926e-02
1.665296256542205811e-01
4.595986902713775635e-01
3.801546990871429443e-01
5.220001339912414551e-01
-2.503867149353027344e-01
2.569254338741302490e-01
-4.193025231361389160e-01
-5.845354124903678894e-02
-2.409322261810302734e-01
2.407888174057006836e-01
1.666239090263843536e-02
-2.325188554823398590e-02
1.630641333758831024e-02
-8.974451422691345215e-01
-2.101836204528808594e-01
-8.457641303539276123e-02
2.578213512897491455e-01
1.501310467720031738e-01
-2.415027022361755371e-01
3.738932907581329346e-01
-7.978565990924835205e-02
8.886408805847167969e-01
6.500306725502014160e-01
4.139656722545623779e-01
-7.828359007835388184e-01
1.388442516326904297e-01
8.034572750329971313e-02
2.033284455537796021e-01
-3.688173294067382812e-01
1.109679043292999268e-02
3.964294791221618652e-01
4.386100545525550842e-02
6.079944968223571777e-01
-1.593030840158462524e-01
1.515612304210662842e-01
4.518259167671203613e-01
-8.333638906478881836e-01
2.722682356834411621e-01
1.894857436418533325e-01
2.246603369712829590e-02
2.872422933578491211e-01
-2.631571888923645020e-01
-1.469839513301849365e-01
-9.615864753723144531e-01
-3.300053179264068604e-01
-2.873799204826354980e-01
6.285227537155151367e-01
8.567754626274108887e-01
-5.164412260055541992e-01
-4.350344538688659668e-01
1.745006144046783447e-01
8.920493125915527344e-01
4.356943070888519287e-01
2.909047007560729980e-01
-6.297005414962768555e-01
5.077635645866394043e-01
-3.548883199691772461e-01
5.189080238342285156e-01
-8.428866863250732422e-01
5.979961529374122620e-02
-2.470178604125976562e-01
8.256301283836364746e-01
-5.284844040870666504e-01
3.531477451324462891e-01
-1.226728036999702454e-01
-3.110237717628479004e-01
7.774616479873657227e-01
1.072113990783691406e+00
3.909801319241523743e-02
1.381678700447082520e+00
1.181286722421646118e-01
-1.075309291481971741e-01
3.188471198081970215e-01
-1.105738759040832520e+00
-7.479959130287170410e-01
9.482247754931449890e-03
6.002129912376403809e-01
3.933500647544860840e-01
-4.243886470794677734e-01
-6.433395147323608398e-01
2.276172637939453125e-01
4.671237170696258545e-01
1.476461172103881836e+00
2.195906788110733032e-01
2.296251989901065826e-02
-2.950264811515808105e-01
-7.236073166131973267e-02
-4.767696261405944824e-01
9.616132825613021851e-02
5.040533542633056641e-01
-1.956938803195953369e-01
-5.447509288787841797e-01
1.876318454742431641e-01
2.581284046173095703e-01
-5.416986346244812012e-02
-2.288893461227416992e-01
-5.672139525413513184e-01
-2.743537425994873047e-01
