-1.715161681175231934e+00
2.579199150204658508e-02
-1.198290228843688965e+00
-6.741672158241271973e-01
-7.356008291244506836e-01
-2.126848846673965454e-01
4.124145209789276123e-02
-4.414295405149459839e-02
5.406696200370788574e-01
1.945876330137252808e-01
5.824463367462158203e-01
4.694743156433105469e-01
4.639593362808227539e-01
4.102990031242370605e-01
6.048522591590881348e-01
1.570090502500534058e-01
5.304428935050964355e-01
3.820409476757049561e-01
-3.517448604106903076e-01
-5.040851235389709473e-01
1.928255427628755569e-03
-7.697626203298568726e-02
8.999704718589782715e-01
1.132838964462280273e+00
-3.693693876266479492e-01
-1.144591927528381348e+00
-1.548998057842254639e-01
-8.094351887702941895e-01
-4.750101864337921143e-01
-5.995195508003234863e-01
5.309917330741882324e-01
4.631665050983428955e-01
1.616755843162536621e+00
-2.116630673408508301e-01
5.636025667190551758e-01
4.570208191871643066e-01
1.100045800209045410e+00
8.313629031181335449e-01
6.155126690864562988e-01
-6.848044395446777344e-01
-1.706351935863494873e-01
1.288286149501800537e-01
5.504414439201354980e-01
1.737502366304397583e-01
-1.782601773738861084e-01
3.548120856285095215e-01
-2.354625165462493896e-01
2.052728086709976196e-02
1.846695095300674438e-01
-2.132564634084701538e-01
-7.971466332674026489e-02
4.149568378925323486e-01
1.832727193832397461e-01
-3.130866289138793945e-01
-1.347386986017227173e-01
5.443469882011413574e-01
2.229342937469482422e+00
-1.443891644477844238e+00
-4.389967918395996094e-01
-8.229931592941284180e-01
-7.774801850318908691e-01
-1.013923645019531250e+00
6.038950085639953613e-01
-1.235377341508865356e-01
5.340537428855895996e-01
-3.620645403861999512e-01
7.600848078727722168e-01
2.760495543479919434e-01
4.914591908454895020e-01
9.307864904403686523e-01
9.738501310348510742e-01
-1.136316955089569092e-01
1.026089787483215332e-01
8.031726479530334473e-01
6.946443915367126465e-01
7.905766367912292480e-01
4.053620994091033936e-01
2.491730265319347382e-02
-4.143384099006652832e-01
-2.482652664184570312e-01
-3.093321919441223145e-01
1.310906261205673218e-01
4.438754022121429443e-01
4.236392080783843994e-01
3.862670660018920898e-01
-3.450248390436172485e-02
6.068417429924011230e-01
-1.160404086112976074e-01
1.810552775859832764e-01
1.425591111183166504e-01
7.869433164596557617e-01
-2.901499569416046143e-01
6.520933508872985840e-01
-1.266665935516357422e+00
-5.695753097534179688e-01
-1.208044171333312988e+00
-3.416459262371063232e-01
-6.307369470596313477e-01
-3.083992898464202881e-01
4.145119488239288330e-01
5.290055871009826660e-01
2.773447632789611816e-01
-9.984926134347915649e-02
1.905628800392150879e+00
7.600095123052597046e-02
7.059584856033325195e-01
6.618237495422363281e-01
3.260081708431243896e-01
7.350167036056518555e-01
-6.207248568534851074e-02
-1.944916397333145142e-01
-2.089345082640647888e-02
1.258329302072525024e-01
2.440417855978012085e-01
-1.733893305063247681e-01
-8.708193898200988770e-02
3.082168847322463989e-02
-1.132029414176940918e+00
-1.055773124098777771e-01
-7.775006443262100220e-02
-4.426622688770294189e-01
6.675061583518981934e-02
-2.920160591602325439e-01
4.118332266807556152e-01
4.073636829853057861e-01
4.306679368019104004e-01
1.817479729652404785e-01
4.709420502185821533e-01
1.692479699850082397e-01
5.635026693344116211e-01
8.270874619483947754e-01
-4.694391191005706787e-01
4.131446778774261475e-01
-3.994781076908111572e-01
9.980657696723937988e-01
1.611765921115875244e-01
8.136571049690246582e-01
5.052440762519836426e-01
-1.751783937215805054e-01
5.867432951927185059e-01
-4.641062617301940918e-01
-1.001014858484268188e-01
-9.373541176319122314e-02
-5.306246280670166016e-01
6.348312497138977051e-01
-3.261474072933197021e-01
4.679695665836334229e-01
-1.152372360229492188e+00
-5.949233770370483398e-01
-1.988158524036407471e-01
-4.799121320247650146e-01
-1.184177398681640625e-01
9.305303692817687988e-01
-5.354672670364379883e-01
3.694532811641693115e-01
-1.062243431806564331e-01
4.555797874927520752e-01
4.661711454391479492e-01
6.596772670745849609e-01
2.080555260181427002e-01
9.488672614097595215e-01
6.429866552352905273e-01
1.732724159955978394e-01
3.308450877666473389e-01
-1.025442034006118774e-01
-1.167007684707641602e-01
4.891238808631896973e-01
6.975040435791015625e-01
-1.427193880081176758e-01
-3.761737346649169922e-01
-2.246818691492080688e-01
-1.620774388313293457e+00
-1.815052777528762817e-01
-6.650102734565734863e-01
-4.312962889671325684e-01
4.485028386116027832e-01
5.357993841171264648e-01
1.186375737190246582e+00
4.421056210994720459e-01
7.897596359252929688e-01
5.861148834228515625e-01
-4.151108488440513611e-02
7.858067005872726440e-02
1.310400571674108505e-02
7.898870110511779785e-01
-4.211028218269348145e-01
4.753959178924560547e-01
-3.425962030887603760e-01
3.080694377422332764e-01
-1.411917060613632202e-01
-7.750531286001205444e-02
8.812076598405838013e-02
1.329899132251739502e-01
3.101045489311218262e-01
-1.070304870605468750e+00
-2.376090884208679199e-01
-1.172559484839439392e-01
-3.914499282836914062e-01
1.625804752111434937e-01
4.993717670440673828e-01
-1.310278177261352539e-01
8.531787395477294922e-01
-8.450688421726226807e-02
6.662389039993286133e-01
5.605561733245849609e-01
-3.267677724361419678e-01
-9.202761948108673096e-02
9.832399897277355194e-03
6.032618284225463867e-01
4.750547707080841064e-01
3.490674793720245361e-01
5.345103144645690918e-01
-1.650191396474838257e-01
-2.008266448974609375e-01
-4.518277049064636230e-01
-1.613141894340515137e-01
-7.628848403692245483e-02
9.419825673103332520e-01
1.114202812314033508e-01
1.131557345390319824e+00
7.121778130531311035e-01
3.065265715122222900e-01
3.007076382637023926e-01
5.479159951210021973e-01
1.326189041137695312e-01
4.137585461139678955e-01
-5.755030512809753418e-01
-1.079871535301208496e+00
1.956451497972011566e-02
-1.136024117469787598e+00
-8.144491314888000488e-01
-4.121689796447753906e-01
2.792616486549377441e-01
7.853288948535919189e-02
3.311858326196670532e-02
4.557815194129943848e-01
1.514440625905990601e-01
-8.158535510301589966e-02
8.892893195152282715e-01
-2.450301051139831543e-01
6.678313016891479492e-01
1.488846167922019958e-02
7.950512766838073730e-01
1.063199639320373535e+00
5.009044408798217773e-01
1.917589902877807617e-01
7.302640676498413086e-01
3.134448826313018799e-01
7.140039205551147461e-01
4.892512261867523193e-01
-1.970833092927932739e-01
3.036515712738037109e-01
-5.305835977196693420e-02
4.308167099952697754e-01
-4.939207807183265686e-02
-4.455822706222534180e-02
7.712589576840400696e-03
2.005303949117660522e-01
-4.980509281158447266e-01
1.413591802120208740e-01
-2.958496566861867905e-03
3.881305158138275146e-01
-7.750748842954635620e-02
3.236317336559295654e-01
-1.517770171165466309e+00
2.918761968612670898e-02
-5.202855467796325684e-01
-1.008536577224731445e+00
-2.462029159069061279e-01
5.072705149650573730e-01
8.975465893745422363e-01
5.756512880325317383e-01
7.994536161422729492e-01
-2.233135700225830078e-01
4.876291155815124512e-01
5.613222718238830566e-01
5.379408001899719238e-01
7.291878461837768555e-01
3.824653923511505127e-01
-2.161022275686264038e-01
7.700067162513732910e-01
-4.550925791263580322e-01
7.056936025619506836e-01
-3.444587886333465576e-01
3.572310805320739746e-01
2.110883444547653198e-01
5.607743859291076660e-01
-6.899247169494628906e-01
5.034559220075607300e-02
-2.439305931329727173e-01
-1.287873029708862305e+00
2.459669411182403564e-01
-4.318616390228271484e-01
-3.778668344020843506e-01
-2.835957705974578857e-01
4.333016276359558105e-01
5.354939699172973633e-01
-5.657994747161865234e-02
4.444791078567504883e-01
5.786564350128173828e-01
3.335863053798675537e-01
1.634395837783813477e+00
4.813899397850036621e-01
1.948441565036773682e-01
-5.039805173873901367e-01
1.724834293127059937e-01
-2.986507304012775421e-02
7.292960584163665771e-02
3.615329563617706299e-01
2.541622519493103027e-01
-6.946372985839843750e-01
2.166133839637041092e-03
4.764440655708312988e-01
-1.417265180498361588e-02
5.510010719299316406e-01
2.890751957893371582e-01
6.576212644577026367e-01
2.936536073684692383e-01
4.135228991508483887e-01
2.291516959667205811e-01
-5.110483765602111816e-01
7.372525930404663086e-01
-9.732081294059753418e-01
-1.033814430236816406e+00
-4.967457652091979980e-01
5.010768175125122070e-01
-3.339088261127471924e-01
-1.175299137830734253e-01
8.821000456809997559e-01
2.720265090465545654e-01
1.057550311088562012e+00
2.149832993745803833e-01
2.007614523172378540e-01
-7.840959727764129639e-02
-3.274863958358764648e-01
6.598680615425109863e-01
2.415490150451660156e-01
5.782493352890014648e-01
2.362353056669235229e-01
6.155407428741455078e-01
-1.917479932308197021e-01
-3.612206578254699707e-01
-1.771752238273620605e-01
2.793350219726562500e-01
3.170244097709655762e-01
9.221833348274230957e-01
4.335128068923950195e-01
2.247236520051956177e-01
-6.789503693580627441e-01
2.810169756412506104e-01
-2.050420045852661133e-01
2.522062510251998901e-02
-7.657836675643920898e-01
-1.236200094223022461e+00
-7.952173054218292236e-02
-7.560574412345886230e-01
-5.406678318977355957e-01
2.653951048851013184e-01
-5.887236446142196655e-02
1.491029858589172363e-01
6.257277131080627441e-01
3.259039819240570068e-01
7.816849350929260254e-01
3.373184204101562500e-01
5.843750834465026855e-01
4.143069088459014893e-01
3.309202492237091064e-01
-3.670497536659240723e-01
3.232651352882385254e-01
5.147732496261596680e-01
2.090934514999389648e-01
6.006746888160705566e-01
-8.629579097032546997e-02
4.040978252887725830e-01
-1.361824631690979004e+00
-6.151723265647888184e-01
-3.070160448551177979e-01
-7.798293232917785645e-01
-1.093767806887626648e-01
-4.676023125648498535e-01
2.221023589372634888e-01
-2.231202870607376099e-01
-4.146523028612136841e-02
3.099273890256881714e-02
-2.865707501769065857e-02
3.198340237140655518e-01
4.088745713233947754e-01
8.343231678009033203e-02
4.117339253425598145e-01
-2.601437270641326904e-01
3.111217319965362549e-01
2.624487578868865967e-01
7.742950916290283203e-01
-2.866239845752716064e-01
7.719393372535705566e-01
-1.937332004308700562e-01
3.933747410774230957e-01
-4.916619658470153809e-01
8.692634105682373047e-01
-5.100882649421691895e-01
3.751898407936096191e-01
1.379597485065460205e-01
8.034423589706420898e-01
2.321326434612274170e-01
-2.798161208629608154e-01
-1.299979686737060547e-01
3.550003170967102051e-01
1.384782791137695312e-01
1.135480254888534546e-01
1.487384438514709473e-01
5.939168930053710938e-01
8.233806490898132324e-02
-8.246310949325561523e-01
-3.289280533790588379e-01
-5.464310571551322937e-02
-3.638558387756347656e-01
1.283652037382125854e-01
1.738753765821456909e-01
3.144001066684722900e-01
5.070311427116394043e-01
6.749989390373229980e-01
1.774098128080368042e-01
7.218797206878662109e-01
-4.213809967041015625e-01
5.042803287506103516e-01
2.950190939009189606e-02
3.988217711448669434e-01
-7.088779211044311523e-01
-2.684324979782104492e-01
1.561664491891860962e-01
3.885035216808319092e-01
1.251803338527679443e-01
6.799625754356384277e-01
-3.006330132484436035e-01
4.469959437847137451e-01
7.267016172409057617e-02
3.722226321697235107e-01
5.758608877658843994e-02
4.951387345790863037e-01
-2.599137127399444580e-01
3.821334242820739746e-01
-2.805798053741455078e-01
1.505199074745178223e-01
4.488611221313476562e-02
8.610079437494277954e-02
-1.316620349884033203e+00
1.424221694469451904e-01
-1.043950021266937256e-01
-1.623599417507648468e-02
-3.812335431575775146e-02
3.921978473663330078e-01
3.484900295734405518e-01
7.253518104553222656e-01
4.585023224353790283e-01
-1.546157896518707275e-01
3.828924894332885742e-01
3.227683901786804199e-01
3.285120725631713867e-01
-1.195530891418457031e+00
9.203385710716247559e-01
9.479913860559463501e-02
1.997586786746978760e-01
5.011223554611206055e-01
-8.892580121755599976e-02
5.088564753532409668e-01
-1.583269953727722168e+00
-5.966248456388711929e-03
-4.899488091468811035e-01
-1.377045065164566040e-01
-2.040902823209762573e-01
-3.560891747474670410e-01
4.259936809539794922e-01
-4.383416175842285156e-01
4.908252954483032227e-01
4.642170965671539307e-01
9.572160243988037109e-01
3.436356484889984131e-01
2.054654806852340698e-01
1.027528569102287292e-01
5.090062022209167480e-01
6.471578478813171387e-01
1.020369231700897217e-01
-5.723412036895751953e-01
6.460842490196228027e-02
5.142245888710021973e-01
4.830189049243927002e-01
7.052828073501586914e-01
2.462845593690872192e-01
5.138463973999023438e-01
-2.804984450340270996e-01
3.528969585895538330e-01
6.301497817039489746e-01
4.609950184822082520e-01
-1.752346940338611603e-02
3.843247294425964355e-01
-1.651475310325622559e+00
8.753923326730728149e-02
-1.420907139778137207e+00
-4.640077799558639526e-02
-8.646152019500732422e-01
-6.347130239009857178e-02
5.480273962020874023e-01
-3.535098731517791748e-01
6.238833665847778320e-01
1.164919734001159668e-01
4.345052316784858704e-02
3.346401453018188477e-02
3.239641785621643066e-01
1.270803928375244141e+00
5.563197657465934753e-02
-1.914480142295360565e-02
1.919732242822647095e-02
-1.459295302629470825e-01
