1.490060240030288696e-01
2.211968749761581421e-01
2.813501954078674316e-01
7.514547109603881836e-01
9.518172144889831543e-01
7.066260576248168945e-01
5.184789299964904785e-01
-1.715518981218338013e-01
-1.875455379486083984e-01
-3.492918983101844788e-02
-9.131253510713577271e-02
-5.312235951423645020e-01
-2.790547013282775879e-01
-3.738858103752136230e-01
-2.815750539302825928e-01
-7.098810076713562012e-01
-1.216461434960365295e-01
-7.530558109283447266e-02
-3.885970264673233032e-02
-8.428754210472106934e-01
6.045473814010620117e-01
6.273384205996990204e-03
2.282188981771469116e-01
-7.807458192110061646e-02
-4.111139178276062012e-01
-1.327115297317504883e-01
4.477640688419342041e-01
-1.744974404573440552e-01
6.922166943550109863e-01
1.833964586257934570e-01
1.849859766662120819e-02
4.925563931465148926e-01
-3.050691485404968262e-01
-4.379241168498992920e-01
1.012757897377014160e+00
-2.279913902282714844e+00
-6.629374027252197266e-01
3.883687555789947510e-01
-5.666660666465759277e-01
2.673429250717163086e-01
-1.822848677635192871e+00
3.775079920887947083e-02
8.387117981910705566e-01
-5.356025099754333496e-01
-1.840787053108215332e+00
5.795869976282119751e-02
7.686715722084045410e-01
8.863852620124816895e-01
-1.286591142416000366e-01
1.357775092124938965e+00
5.709206461906433105e-01
1.424367904663085938e+00
-6.248672008514404297e-01
-2.673955559730529785e-01
2.133938968181610107e-01
5.433945059776306152e-01
-1.793354392051696777e+00
-1.706543415784835815e-01
-1.329432129859924316e-01
3.615844845771789551e-01
3.980855047702789307e-01
1.117214784026145935e-01
-1.178211793303489685e-01
7.703204751014709473e-01
-4.364672601222991943e-01
-1.595539599657058716e-02
-6.365436315536499023e-02
4.697006344795227051e-01
-4.450369179248809814e-01
-1.250610202550888062e-01
1.809234023094177246e-01
2.936905324459075928e-01
3.003535605967044830e-02
6.033232808113098145e-02
-1.128874942660331726e-01
9.867148846387863159e-02
-3.423243761062622070e-01
-2.468112260103225708e-01
-9.439225792884826660e-01
4.489758908748626709e-01
-7.749374508857727051e-01
-6.453562527894973755e-02
-1.001088619232177734e+00
3.984836339950561523e-01
1.465143114328384399e-01
5.476152300834655762e-01
2.217537462711334229e-01
-6.669855117797851562e-02
8.718019723892211914e-02
-1.176985055208206177e-01
1.668933313339948654e-03
-2.619652032852172852e+00
-3.237331807613372803e-01
3.017462976276874542e-02
5.355491638183593750e-01
-1.764404028654098511e-01
7.478385418653488159e-02
3.792291879653930664e-01
9.651938080787658691e-01
7.898340225219726562e-01
-7.504607737064361572e-02
-3.891750574111938477e-01
5.901796221733093262e-01
2.661507427692413330e-01
2.876578271389007568e-01
4.647791981697082520e-01
-4.085862636566162109e-02
3.022332787513732910e-01
-2.606366276741027832e-01
-1.192944645881652832e+00
-2.534529007971286774e-02
2.524927854537963867e-01
1.523312628269195557e-01
-6.411684751510620117e-01
-5.509923100471496582e-01
2.084814906120300293e-01
3.006350696086883545e-01
-4.692208766937255859e-01
1.877134293317794800e-01
1.956622898578643799e-01
6.082517281174659729e-02
-2.200227528810501099e-01
-8.720141053199768066e-01
3.958024084568023682e-01
-6.463854312896728516e-01
-4.260012805461883545e-01
-9.757940173149108887e-01
7.530694007873535156e-01
8.795558810234069824e-01
4.748245775699615479e-01
-1.556135565042495728e-01
2.215959429740905762e-01
2.941817939281463623e-01
4.659571051597595215e-01
-6.057430431246757507e-02
-5.063549876213073730e-01
1.186056956648826599e-01
-8.086473941802978516e-01
4.075622260570526123e-01
-9.807956963777542114e-02
-2.949942052364349365e-01
2.013030797243118286e-01
4.038279652595520020e-01
6.730450782924890518e-03
3.291549682617187500e-01
1.357854902744293213e-01
-7.958552241325378418e-01
-9.161357879638671875e-01
-6.528480648994445801e-01
-9.240165352821350098e-01
4.002333581447601318e-01
9.503656029701232910e-01
-1.083315253257751465e+00
8.756415247917175293e-01
2.943015694618225098e-01
3.640969395637512207e-01
-2.155491411685943604e-01
-3.917820453643798828e-01
1.231836006045341492e-01
9.185179471969604492e-01
-1.996570676565170288e-01
-3.263174295425415039e-01
1.894150823354721069e-01
-1.941320896148681641e-01
7.947282791137695312e-01
-1.362531065940856934e+00
1.705640256404876709e-01
-3.960143327713012695e-01
-1.000219061970710754e-01
-1.297385334968566895e+00
4.992340803146362305e-01
5.935664474964141846e-02
1.013077259063720703e+00
-1.353224217891693115e-01
7.121362090110778809e-01
2.605311870574951172e-01
3.628512322902679443e-01
-5.156287550926208496e-01
-3.658354282379150391e-01
-5.518085137009620667e-02
-7.779695987701416016e-01
2.657670080661773682e-01
-1.058272272348403931e-01
6.494836211204528809e-01
4.172855615615844727e-02
5.251817703247070312e-01
-1.666820943355560303e-01
6.422474980354309082e-02
1.277055442333221436e-01
4.895640313625335693e-01
-4.753087759017944336e-01
-1.439277082681655884e-01
-1.837314665317535400e-01
2.793002724647521973e-01
-1.050252746790647507e-02
-4.671094715595245361e-01
-9.755753278732299805e-01
1.120785474777221680e-01
2.435398250818252563e-01
-1.511406451463699341e-01
-6.149177551269531250e-01
7.613878846168518066e-01
-1.473746746778488159e-01
4.165780842304229736e-01
-1.160560250282287598e+00
-5.884361863136291504e-01
7.727754116058349609e-01
1.202305078506469727e+00
-1.620216965675354004e+00
-1.718530952930450439e-01
5.116213560104370117e-01
2.722084522247314453e-01
4.185802638530731201e-01
1.872499287128448486e-01
1.293767929077148438e+00
3.209076821804046631e-01
5.430825799703598022e-02
-7.304099202156066895e-01
-2.327232360839843750e-01
6.540270447731018066e-01
-1.653658628463745117e+00
-4.318680763244628906e-01
-1.367635428905487061e-01
-7.264568805694580078e-01
-1.571691036224365234e-01
-3.092856705188751221e-01
-7.249675691127777100e-02
1.630329042673110962e-01
3.149298429489135742e-01
5.718204006552696228e-02
2.817462682723999023e-01
3.020919263362884521e-01
-1.873463578522205353e-02
-1.051686882972717285e+00
5.006981492042541504e-01
6.116121411323547363e-01
-2.031352221965789795e-01
4.493538662791252136e-02
-1.627430319786071777e-01
1.705580800771713257e-01
3.742890059947967529e-01
-2.474378049373626709e-01
-3.424859642982482910e-01
-1.054643392562866211e-01
2.299782037734985352e-01
1.314972490072250366e-01
-1.222117692232131958e-01
-4.408470988273620605e-01
-1.358097512274980545e-02
-9.267328381538391113e-01
-9.678845405578613281e-01
3.786520063877105713e-01
-1.185709357261657715e+00
-1.094000637531280518e-01
-1.093900203704833984e-01
1.971649676561355591e-01
2.693412899971008301e-01
4.310545325279235840e-01
2.604490816593170166e-01
2.659158706665039062e-01
3.359179198741912842e-01
-1.348344832658767700e-01
5.346791446208953857e-02
-1.109304666519165039e+00
2.530792057514190674e-01
-6.742122769355773926e-02
-2.727559208869934082e-01
-8.031678795814514160e-01
-7.445930242538452148e-01
1.391610503196716309e-01
1.524671167135238647e-01
8.359395265579223633e-01
2.490203976631164551e-01
7.291121780872344971e-02
9.006393551826477051e-01
4.784584343433380127e-01
4.310697782784700394e-03
-9.978707134723663330e-02
-1.040279790759086609e-01
-1.565978527069091797e-01
-5.640475153923034668e-01
-5.556239485740661621e-01
-9.416947960853576660e-01
-2.394911944866180420e-01
3.003499209880828857e-01
9.473590254783630371e-01
-1.300041675567626953e-01
1.083559751510620117e+00
-9.238032251596450806e-02
-5.327434092760086060e-02
-3.728742003440856934e-01
-1.527165174484252930e-01
-1.415303945541381836e-01
-2.516437470912933350e-01
-1.924435943365097046e-01
-6.436642259359359741e-02
-4.027255773544311523e-01
8.128050714731216431e-02
-2.749604880809783936e-01
-2.746766507625579834e-01
-3.947436809539794922e-01
8.671007156372070312e-01
-5.841199755668640137e-01
-8.564011752605438232e-02
-4.936895146965980530e-02
2.507897615432739258e-01
-5.604556202888488770e-02
-5.205869078636169434e-01
3.696422278881072998e-01
-2.792586982250213623e-01
-4.263431578874588013e-02
-1.381194740533828735e-01
-3.232415914535522461e-01
-1.138390600681304932e-01
1.001834794878959656e-01
-5.519735813140869141e-01
2.522418200969696045e-01
8.900333046913146973e-01
4.816536903381347656e-01
-5.161045789718627930e-01
3.598695993423461914e-01
-2.515719532966613770e-01
2.325419336557388306e-01
-1.599865078926086426e+00
1.229063719511032104e-01
3.142188489437103271e-02
-6.901364773511886597e-02
1.420875191688537598e-01
5.562179163098335266e-02
4.656449258327484131e-01
4.376304894685745239e-02
2.249722555279731750e-02
6.838567554950714111e-02
3.138062953948974609e-01
-1.777048804797232151e-03
4.637014567852020264e-01
-1.607339262962341309e+00
3.790521621704101562e-01
3.364659249782562256e-01
4.237817525863647461e-01
-5.708377361297607422e-01
-2.297545522451400757e-01
4.515567421913146973e-01
-6.483203768730163574e-01
3.714195787906646729e-01
-1.367657065391540527e+00
-7.840354442596435547e-01
3.357231020927429199e-01
8.665511608123779297e-01
6.923066973686218262e-01
-1.267488241195678711e+00
1.115886330604553223e+00
5.939092040061950684e-01
5.508016347885131836e-01
-1.085259199142456055e+00
9.325411319732666016e-01
-5.772153139114379883e-01
3.051907122135162354e-01
-8.550945520401000977e-01
-4.319470524787902832e-01
1.985696852207183838e-01
6.374825835227966309e-01
5.510277748107910156e-01
-3.068718016147613525e-01
-1.053712889552116394e-01
6.481229662895202637e-01
-3.056948482990264893e-01
6.175181865692138672e-01
3.244195878505706787e-01
4.542904794216156006e-01
3.334892094135284424e-01
-4.737026989459991455e-01
-6.751617044210433960e-02
-1.333182573318481445e+00
3.080002367496490479e-01
-6.512098312377929688e-01
-9.330744147300720215e-01
6.674353480339050293e-01
-8.813041448593139648e-01
4.191036224365234375e-01
5.298028886318206787e-02
4.585874378681182861e-01
5.769752860069274902e-01
5.262495279312133789e-01
-3.982629179954528809e-01
6.612906455993652344e-01
3.701853454113006592e-01
6.156362891197204590e-01
-2.076407372951507568e-01
-1.410884857177734375e-01
2.248318046331405640e-01
2.137196511030197144e-01
-6.497138738632202148e-01
-3.624869585037231445e-01
1.388839334249496460e-01
-8.721670508384704590e-02
4.936783909797668457e-01
-3.568593561649322510e-01
9.315581992268562317e-03
-3.539040386676788330e-01
1.667500138282775879e-01
-1.820805668830871582e-01
-4.912030398845672607e-01
-4.221498668193817139e-01
1.747828871011734009e-01
-2.796847224235534668e-01
-9.364775419235229492e-01
-2.897483408451080322e-01
2.864123582839965820e-01
-1.267911791801452637e+00
-5.958873033523559570e-01
-5.580409243702888489e-02
-2.215459197759628296e-02
-2.737539708614349365e-01
-1.912892907857894897e-01
3.381872475147247314e-01
4.401801228523254395e-01
-8.232082426548004150e-02
2.447255700826644897e-01
1.869164705276489258e-01
-3.308423161506652832e-01
2.519962191581726074e-01
-1.426035404205322266e+00
1.303558945655822754e+00
3.603583574295043945e-01
3.966449201107025146e-01
3.122273087501525879e-01
-4.882026612758636475e-01
5.410156399011611938e-02
9.578245133161544800e-02
-5.020173788070678711e-01
-9.144592285156250000e-01
-1.056992039084434509e-01
-4.285239800810813904e-02
-5.185288786888122559e-01
4.300110638141632080e-01
-2.260309271514415741e-02
7.388252019882202148e-01
-1.485915541648864746e+00
-8.913073688745498657e-02
-9.987887740135192871e-02
-2.913556098937988281e-01
-2.151458524167537689e-02
-9.014496207237243652e-01
1.130521893501281738e+00
4.018790721893310547e-01
-2.169972062110900879e-01
3.409693241119384766e-01
-1.332167834043502808e-01
-6.481246650218963623e-02
-1.053882837295532227e+00
-1.834993809461593628e-02
2.248642593622207642e-01
2.141178846359252930e-01
-3.742812275886535645e-01
-1.028236150741577148e-01
7.751482129096984863e-01
-1.489967703819274902e-01
5.221535563468933105e-01
6.343021392822265625e-01
4.416115581989288330e-01
-8.838857710361480713e-02
-5.377873182296752930e-01
-8.731771111488342285e-01
5.553978681564331055e-01
5.537433028221130371e-01
2.841003835201263428e-01
1.179530546069145203e-01
3.300897479057312012e-01
1.861730404198169708e-02
-1.871326006948947906e-02
-8.200991749763488770e-01
-7.977917790412902832e-02
1.892014592885971069e-02
-2.894375920295715332e-01
-1.278791427612304688e+00
5.963875725865364075e-02
-1.241406332701444626e-02
4.257419407367706299e-01
-7.132537662982940674e-02
1.157454773783683777e-01
-2.397769242525100708e-01
-8.570382371544837952e-03
-8.536415696144104004e-01
-5.133560299873352051e-01
3.845179677009582520e-01
1.457494497299194336e-01
-1.462400108575820923e-01
-4.113287031650543213e-01
3.757841885089874268e-02
6.742519736289978027e-01
-8.482787013053894043e-02
-1.938928812742233276e-01
-4.623538553714752197e-01
6.967990398406982422e-01
1.433479934930801392e-01
-2.990149259567260742e-01
-1.559087187051773071e-01
-1.421140730381011963e-01
-1.154141575098037720e-01
-5.673956498503684998e-02
1.579370498657226562e-01
8.347785472869873047e-02
9.307228922843933105e-01
-9.714827537536621094e-01
9.297531098127365112e-02
7.423353791236877441e-01
9.779942631721496582e-01
-7.354673743247985840e-01
-2.264250665903091431e-01
1.077233105897903442e-01
-3.845293819904327393e-01
2.870548963546752930e-01
