3.563149273395538330e-01
-2.404421567916870117e+00
8.550691008567810059e-01
1.363069266080856323e-01
5.986059904098510742e-01
-1.258266568183898926e-01
-9.435715675354003906e-01
-1.185550212860107422e+00
1.776012778282165527e-01
9.090639948844909668e-01
1.285377144813537598e+00
1.033472537994384766e+00
3.687463104724884033e-01
-4.136209487915039062e-01
-3.366206884384155273e-01
5.847725272178649902e-01
2.383593618869781494e-01
-8.249706625938415527e-01
-3.983689546585083008e-01
-4.053113460540771484e-01
5.215763449668884277e-01
7.526174783706665039e-01
-6.155700236558914185e-02
-1.287125796079635620e-01
-3.138774931430816650e-01
-8.004404902458190918e-01
-6.706866025924682617e-01
-7.814385890960693359e-01
-1.399687290191650391e+00
3.473093211650848389e-01
1.242877125740051270e+00
2.582974433898925781e-01
5.934792757034301758e-01
-2.217562198638916016e+00
-8.319534063339233398e-01
3.753069639205932617e-01
-7.588872909545898438e-01
4.790020287036895752e-01
-1.142132639884948730e+00
-6.047922968864440918e-01
8.695565909147262573e-02
6.552978754043579102e-01
-1.434431910514831543e+00
2.503190338611602783e-01
-4.422060549259185791e-01
7.629432678222656250e-01
1.171080589294433594e+00
6.034654378890991211e-01
-1.429092735052108765e-01
1.668055951595306396e-01
-4.771267771720886230e-01
-1.233439296483993530e-01
-4.341675341129302979e-01
-7.402609586715698242e-01
-1.136988997459411621e+00
7.942721247673034668e-01
-1.413128733634948730e+00
3.490391969680786133e+00
-1.840844750404357910e+00
6.844688653945922852e-01
-4.273153543472290039e-01
9.571880102157592773e-01
1.260594367980957031e+00
4.771440923213958740e-01
1.650158911943435669e-01
-1.040946960449218750e+00
1.054927930235862732e-01
1.466701179742813110e-01
-1.237676024436950684e+00
-1.084474772214889526e-01
8.106456696987152100e-02
5.512213706970214844e-01
-7.912338376045227051e-01
-4.152912199497222900e-01
-5.441013574600219727e-01
-5.545392632484436035e-01
-1.288097053766250610e-01
-1.517329812049865723e+00
-3.486715853214263916e-01
-7.777184247970581055e-01
-3.554810285568237305e-01
-4.913586378097534180e-01
1.048851907253265381e-01
-2.171353548765182495e-01
1.687481760978698730e+00
1.261306554079055786e-01
-1.086436271667480469e+00
-7.254613637924194336e-01
-5.769538283348083496e-01
6.480420231819152832e-01
-2.164296358823776245e-01
-4.206630587577819824e-01
-5.050583481788635254e-01
5.605498701333999634e-02
1.553082585334777832e+00
-3.771599009633064270e-02
1.248925805091857910e+00
7.295182347297668457e-02
-1.045668199658393860e-01
8.041449785232543945e-01
6.441447138786315918e-01
-9.071028232574462891e-01
4.501169621944427490e-01
1.706590801477432251e-01
-1.026299953460693359e+00
-4.855434596538543701e-01
2.425316274166107178e-01
-8.262640237808227539e-01
5.099536776542663574e-01
2.988623678684234619e-01
-1.438666880130767822e-01
-7.801670432090759277e-01
1.397065222263336182e-01
1.408618688583374023e-01
2.582821547985076904e-01
-1.164380192756652832e+00
3.681302666664123535e-01
1.092154741287231445e+00
-6.889389157295227051e-01
-3.033562004566192627e-01
-1.910454034805297852e-01
-1.184960961341857910e+00
-1.055366158485412598e+00
3.625208437442779541e-01
-3.602842092514038086e-01
9.008604288101196289e-01
2.202793806791305542e-01
1.610095977783203125e+00
2.714279592037200928e-01
7.597534060478210449e-01
-1.061452388763427734e+00
2.404341101646423340e-01
-7.830761671066284180e-01
1.708739250898361206e-01
-5.661687850952148438e-01
1.836352348327636719e-01
-4.974776506423950195e-01
-2.087365090847015381e-01
-9.608600139617919922e-01
-3.931160271167755127e-01
-7.820873260498046875e-01
-1.440609455108642578e+00
8.867325633764266968e-02
2.625152468681335449e-01
1.334134817123413086e+00
4.268507957458496094e-01
-9.599587321281433105e-01
-6.024808287620544434e-01
-2.445570528507232666e-01
5.004410743713378906e-01
1.974347531795501709e-01
3.765832185745239258e-01
5.604225397109985352e-01
-7.191823124885559082e-01
-4.372833073139190674e-01
6.458354592323303223e-01
-5.017945766448974609e-01
2.363118380308151245e-01
-6.120041385293006897e-02
1.210236907005310059e+00
2.186939418315887451e-01
1.232403278350830078e+00
8.142263889312744141e-01
7.517416030168533325e-02
-4.699239507317543030e-02
4.716675579547882080e-01
-2.030861139297485352e+00
3.225727677345275879e-01
-2.089962244033813477e+00
-3.236691355705261230e-01
-7.309522032737731934e-01
-6.786497235298156738e-01
4.914574921131134033e-01
-4.544492661952972412e-01
-1.011782735586166382e-01
-1.800478249788284302e-01
6.952351331710815430e-01
-7.720195651054382324e-01
5.209884643554687500e-01
-9.210581779479980469e-01
2.162609100341796875e+00
8.022161126136779785e-01
5.056039690971374512e-01
9.324072301387786865e-02
9.214641153812408447e-02
-5.144177749752998352e-02
-7.256678305566310883e-03
-1.598323732614517212e-01
-1.068993687629699707e+00
4.296847581863403320e-01
-1.173764944076538086e+00
-5.729478001594543457e-01
2.499995287507772446e-03
1.052333321422338486e-02
-9.261209517717361450e-03
-3.352926969528198242e-01
-3.821783065795898438e-01
6.499615907669067383e-01
4.439195990562438965e-01
6.923485994338989258e-01
-5.336989760398864746e-01
2.716572880744934082e-01
-1.360688265413045883e-02
1.030088216066360474e-01
-5.380885004997253418e-01
3.627613484859466553e-01
1.034919977188110352e+00
4.382238388061523438e-01
3.485265076160430908e-01
-7.605981826782226562e-01
5.239746570587158203e-01
-5.538952350616455078e-01
-2.761392116546630859e+00
-1.136396884918212891e+00
9.910956025123596191e-03
6.478780508041381836e-01
3.174081146717071533e-01
-3.886460065841674805e-01
-3.250566124916076660e-01
-1.803255200386047363e+00
1.008647978305816650e-01
4.137567877769470215e-01
8.670958876609802246e-01
-2.909659147262573242e-01
-2.595921158790588379e-01
-1.788039952516555786e-01
-2.997209727764129639e-01
4.094654917716979980e-01
6.864807009696960449e-01
-9.948455691337585449e-01
-1.770323216915130615e-01
1.451864689588546753e-01
5.580145120620727539e-01
-1.043954372406005859e+00
-4.246699810028076172e-01
2.104441404342651367e+00
1.061414837837219238e+00
4.942430555820465088e-02
2.100964486598968506e-01
-6.933261752128601074e-01
8.192116618156433105e-01
-1.428448408842086792e-01
-2.870122194290161133e-01
-5.476047396659851074e-01
-1.211643576622009277e+00
-5.520167946815490723e-01
-7.137443423271179199e-01
5.924329161643981934e-01
-2.753724813461303711e+00
-1.236189454793930054e-01
-1.513296008110046387e+00
-1.940313875675201416e-01
5.131832137703895569e-02
3.546876013278961182e-01
-4.670516252517700195e-01
1.457872748374938965e+00
1.545624285936355591e-01
5.286821722984313965e-01
-2.619782984256744385e-01
7.469298318028450012e-03
-5.079903602600097656e-01
-7.688891291618347168e-01
-1.835096240043640137e+00
8.892893791198730469e-02
-1.177389740943908691e+00
7.171636819839477539e-01
-5.580435991287231445e-01
1.598891988396644592e-02
4.805216789245605469e-01
7.956148982048034668e-01
-1.455847024917602539e-01
4.088175594806671143e-01
-3.455139100551605225e-01
2.045921802520751953e+00
-2.720130681991577148e-01
1.309101700782775879e+00
-6.853492259979248047e-01
-4.491052925586700439e-01
-3.185892820358276367e+00
-1.021057486534118652e+00
-1.072042346000671387e+00
4.672057926654815674e-01
-1.226255893707275391e+00
9.311120510101318359e-01
-7.002878785133361816e-01
1.202271223068237305e+00
-6.889938712120056152e-01
1.256608963012695312e+00
3.798256441950798035e-02
4.216663837432861328e-01
4.247365295886993408e-01
-6.703556180000305176e-01
-4.693584740161895752e-01
-9.107654094696044922e-01
5.375791713595390320e-02
1.139632582664489746e+00
-3.551147878170013428e-01
-5.798129439353942871e-01
-6.017427444458007812e-01
-7.688722759485244751e-02
-8.980169892311096191e-01
-3.428296148777008057e-01
9.037715792655944824e-01
-1.110637664794921875e+00
2.002070546150207520e-01
-4.315356314182281494e-01
1.379379987716674805e+00
-2.999964952468872070e-01
-4.208297431468963623e-01
-9.814848899841308594e-01
-2.468076199293136597e-01
-9.432532787322998047e-01
7.240567803382873535e-01
-2.386840283870697021e-01
7.751796841621398926e-01
-4.729783535003662109e-01
4.781435802578926086e-02
6.297587752342224121e-01
2.015380114316940308e-01
-2.453181892633438110e-01
-8.095461130142211914e-01
1.685860037803649902e+00
-8.712746500968933105e-01
1.823846250772476196e-01
-1.110547900199890137e+00
9.653648734092712402e-01
-1.875708103179931641e-01
-5.291088223457336426e-01
3.302658796310424805e-01
-7.574578523635864258e-01
-1.663305640220642090e+00
-4.040066599845886230e-01
2.239850908517837524e-01
1.386192202568054199e+00
6.105719208717346191e-01
-3.663402795791625977e-01
-3.962140083312988281e-01
-1.157225012779235840e+00
-5.469549894332885742e-01
-1.376109361648559570e+00
1.666011363267898560e-01
4.213179275393486023e-02
-4.690689146518707275e-01
-5.554782748222351074e-01
-4.852197170257568359e-01
1.838884949684143066e-01
1.636319756507873535e+00
3.368784487247467041e-01
1.868247389793395996e+00
-3.204296827316284180e-01
-7.376255095005035400e-02
6.025713309645652771e-02
-4.989949166774749756e-01
1.031025767326354980e+00
-1.043090701103210449e+00
-4.823646545410156250e-01
-8.436499834060668945e-01
4.390308558940887451e-01
-6.836068630218505859e-01
3.917928412556648254e-02
3.757473230361938477e-01
-7.732617855072021484e-02
-2.369329631328582764e-01
5.111415386199951172e-01
4.765895381569862366e-02
-1.118665099143981934e+00
1.820215135812759399e-01
-1.419946551322937012e+00
9.349936842918395996e-01
-3.555708825588226318e-01
3.652937710285186768e-01
-6.615283489227294922e-01
-6.053932309150695801e-01
1.469738781452178955e-01
2.626430273056030273e+00
2.154811024665832520e-01
-3.186187148094177246e-02
9.036774747073650360e-03
1.743489652872085571e-01
-2.732586562633514404e-01
-1.054366350173950195e+00
-6.120663285255432129e-01
2.605712413787841797e-01
4.340474903583526611e-01
3.264923691749572754e-01
-7.996317148208618164e-01
9.022724628448486328e-01
2.415444403886795044e-01
-3.015308380126953125e-01
-7.441877722740173340e-01
5.177499651908874512e-01
2.054372310638427734e+00
1.089710354804992676e+00
-1.987796425819396973e-01
-9.352880716323852539e-01
-9.776498079299926758e-01
-7.888336777687072754e-01
-1.120132684707641602e+00
-8.252054452896118164e-02
-1.236117005348205566e+00
-9.698974490165710449e-01
4.565289914608001709e-01
3.380598425865173340e-01
1.722145378589630127e-01
-5.397837162017822266e-01
7.120749354362487793e-01
5.755345821380615234e-01
-5.710505843162536621e-01
4.319480657577514648e-01
-2.592177875339984894e-02
-3.935175538063049316e-01
-1.057662010192871094e+00
-1.319642066955566406e+00
8.811238408088684082e-01
5.739457607269287109e-01
8.327888250350952148e-01
-5.611313581466674805e-01
-2.860957682132720947e-01
-1.047975540161132812e+00
-3.719732761383056641e-01
-6.410776972770690918e-01
-4.546669423580169678e-01
4.374886453151702881e-01
6.821027398109436035e-01
8.195573687553405762e-01
9.907266497611999512e-02
-3.565797209739685059e-01
-1.392553806304931641e+00
1.522947400808334351e-01
1.274905562400817871e+00
-5.080646872520446777e-01
6.989179849624633789e-01
-3.195684254169464111e-01
-6.689249873161315918e-01
7.655014991760253906e-01
-2.586317062377929688e-01
-6.637573242187500000e-01
-6.963256001472473145e-01
2.111168622970581055e+00
-3.978950381278991699e-01
-2.193017154932022095e-01
-2.322855293750762939e-01
-7.508777976036071777e-01
-1.296345591545104980e-01
-1.019745707511901855e+00
-8.263021707534790039e-01
-6.190300732851028442e-02
3.233711123466491699e-01
5.265439152717590332e-01
4.535659253597259521e-01
-6.375437974929809570e-01
-3.481599390506744385e-01
1.172843575477600098e+00
-1.830848604440689087e-01
-2.223182916641235352e-01
-2.334649562835693359e+00
-4.515148699283599854e-01
-1.607518643140792847e-01
-8.299219608306884766e-01
9.753829836845397949e-01
4.869411885738372803e-01
-3.343290686607360840e-01
-1.399139314889907837e-01
-5.728452205657958984e-01
7.830812931060791016e-01
4.229456186294555664e-01
9.117040634155273438e-01
-5.630413889884948730e-01
1.644812375307083130e-01
-3.882762193679809570e-01
-2.327979058027267456e-01
-8.566779494285583496e-01
5.953492969274520874e-02
-6.918414682149887085e-02
1.908695250749588013e-01
-4.372882544994354248e-01
-1.282642483711242676e+00
-3.880854547023773193e-01
2.890222370624542236e-01
1.961839318275451660e+00
-1.029113009572029114e-01
-2.892454862594604492e-01
-2.022879362106323242e+00
-4.176782369613647461e-01
6.180015802383422852e-01
6.088309884071350098e-01
6.966509670019149780e-02
4.430105686187744141e-01
-1.621807962656021118e-01
5.483886003494262695e-01
-6.675525307655334473e-01
3.653398156166076660e-01
-2.193195670843124390e-01
-6.510428339242935181e-02
-4.557019844651222229e-02
4.954861104488372803e-01
-2.002274394035339355e-01
-2.328819185495376587e-01
-4.418593347072601318e-01
-4.315341114997863770e-01
-4.349890649318695068e-01
-1.298874616622924805e-01
-6.749961972236633301e-01
-8.482460379600524902e-01
8.515328913927078247e-02
-4.462600350379943848e-01
1.445129364728927612e-01
-3.699646294116973877e-01
1.001101613044738770e+00
-3.653769195079803467e-01
8.656769990921020508e-01
7.334368675947189331e-02
3.783923387527465820e-01
