-3.111678361892700195e-01
-2.123738676309585571e-01
1.623143255710601807e-01
-1.874794811010360718e-01
-7.072246819734573364e-02
1.471653431653976440e-01
-6.306967139244079590e-02
5.494447946548461914e-01
-5.022669434547424316e-01
-5.252826809883117676e-01
-2.562972605228424072e-01
-1.783404052257537842e-01
3.599385172128677368e-02
3.204051852226257324e-01
6.062191128730773926e-01
3.755184710025787354e-01
-1.285521686077117920e-01
1.297367513179779053e-01
7.699321024119853973e-03
1.427120715379714966e-01
4.154323339462280273e-01
-2.098925858736038208e-01
1.985108703374862671e-01
4.249992966651916504e-01
2.277219593524932861e-01
1.116257905960083008e-01
2.007451355457305908e-01
-6.321157217025756836e-01
-5.775871872901916504e-02
3.714676797389984131e-01
4.430018365383148193e-01
-8.689160943031311035e-01
-1.459523737430572510e-01
2.152253687381744385e-01
-1.090347543358802795e-01
-1.279790997505187988e-01
4.326086342334747314e-01
1.554218027740716934e-02
4.207287728786468506e-01
4.084300622344017029e-02
-5.692414473742246628e-03
5.222015976905822754e-01
-4.259823262691497803e-01
-3.880483508110046387e-01
1.481857299804687500e-01
-1.127912849187850952e-01
1.273834332823753357e-02
4.414597749710083008e-01
5.078432559967041016e-01
1.483940184116363525e-01
-1.845062226057052612e-01
-5.237630009651184082e-01
2.020530551671981812e-01
4.436268806457519531e-01
1.814967840909957886e-01
3.300935328006744385e-01
-6.482582688331604004e-01
4.799476861953735352e-01
-1.145171821117401123e-01
1.490413695573806763e-01
-1.252641156315803528e-02
-2.039479091763496399e-02
-2.367768287658691406e-01
-2.355943918228149414e-01
-9.288375079631805420e-02
7.870499044656753540e-02
6.807737052440643311e-02
4.453703016042709351e-02
-1.673456653952598572e-02
-9.277242422103881836e-02
2.951884269714355469e-01
2.585154473781585693e-01
1.170209944248199463e-01
-4.201763868331909180e-01
-1.307832002639770508e-01
3.726899027824401855e-01
7.638190984725952148e-01
1.752365566790103912e-02
-3.022757768630981445e-01
-1.032800525426864624e-01
-4.293269515037536621e-01
1.025596708059310913e-01
-3.707306459546089172e-02
1.146014966070652008e-02
4.500725865364074707e-01
3.880114853382110596e-01
1.487365961074829102e-01
3.954252600669860840e-01
-7.553172111511230469e-02
1.683564782142639160e-01
7.191067934036254883e-02
3.502344191074371338e-01
2.325140237808227539e-01
-2.551826089620590210e-02
3.565530776977539062e-01
-3.350116312503814697e-01
-4.409390091896057129e-01
-1.540327817201614380e-01
1.181947737932205200e-01
-2.197926044464111328e-01
-3.110620081424713135e-01
1.775525808334350586e-01
2.872535586357116699e-01
-2.155771255493164062e-01
8.905483782291412354e-02
3.307971060276031494e-01
7.074149847030639648e-01
-8.308840990066528320e-01
-6.372231245040893555e-01
-5.953102111816406250e-01
-2.736054658889770508e-01
-4.177963128313422203e-04
6.266473531723022461e-01
1.246370077133178711e+00
4.838446527719497681e-02
7.570545375347137451e-02
7.353033125400543213e-02
2.092180401086807251e-01
4.884563982486724854e-01
-1.643431037664413452e-01
-2.753370702266693115e-01
1.810430781915783882e-03
1.855145096778869629e-01
7.410518825054168701e-02
1.190293207764625549e-01
2.622375488281250000e-01
3.155789077281951904e-01
-2.831101715564727783e-01
1.127867028117179871e-03
-2.946681976318359375e-01
-3.561285138130187988e-01
5.584985017776489258e-01
3.554356992244720459e-01
8.506725728511810303e-02
-2.508082985877990723e-01
-1.765648871660232544e-01
1.716614067554473877e-01
5.534664988517761230e-01
2.719370126724243164e-01
-2.683881521224975586e-01
-3.995172679424285889e-01
5.394186079502105713e-02
4.630466923117637634e-02
-4.358842968940734863e-01
-4.016288518905639648e-01
2.450029253959655762e-01
5.866578221321105957e-01
-1.235427483916282654e-01
5.389707684516906738e-01
8.728164434432983398e-01
-1.156898260116577148e+00
-3.692207336425781250e-01
-5.783513188362121582e-02
4.999406933784484863e-01
5.256893113255500793e-02
-6.037727743387222290e-02
4.358191192150115967e-01
3.857926726341247559e-01
3.707662224769592285e-03
4.125007390975952148e-01
1.556838210672140121e-02
-5.224187970161437988e-01
6.456486582756042480e-01
-4.923101067543029785e-01
-5.789318084716796875e-01
-6.122655421495437622e-02
-5.255243778228759766e-01
3.541097342967987061e-01
5.600296258926391602e-01
5.549233406782150269e-02
3.056843066588044167e-03
6.264466792345046997e-03
6.305521726608276367e-02
-4.044555500149726868e-02
1.413520872592926025e-01
8.427172154188156128e-02
-2.325864322483539581e-02
-3.045969307422637939e-01
8.651317656040191650e-02
3.890134692192077637e-01
-1.556602213531732559e-02
4.197456836700439453e-01
1.785918325185775757e-01
-9.966790676116943359e-02
1.188925281167030334e-01
-1.456771194934844971e-01
5.891980230808258057e-02
5.517973899841308594e-01
-1.234187364578247070e+00
-4.912665188312530518e-01
-2.881115972995758057e-01
-7.763302326202392578e-02
-1.406267434358596802e-01
4.679472148418426514e-01
2.866426110267639160e-01
2.482493966817855835e-01
4.971535205841064453e-01
6.176794767379760742e-01
2.330761402845382690e-01
3.788381442427635193e-02
3.205328583717346191e-01
-4.532860517501831055e-01
-4.185990989208221436e-02
-1.133970171213150024e-01
-1.261071264743804932e-01
8.564765006303787231e-02
-4.383380115032196045e-01
-2.287631928920745850e-01
6.671297550201416016e-02
9.113004803657531738e-02
9.395611286163330078e-02
-9.668716788291931152e-02
1.437162160873413086e-01
2.652278840541839600e-01
-1.075736507773399353e-01
-1.321383565664291382e-01
-6.833241321146488190e-03
2.151889503002166748e-01
6.598299741744995117e-01
-6.860110759735107422e-01
6.323849409818649292e-02
4.768598452210426331e-02
-1.004200726747512817e-01
2.817423343658447266e-01
6.188576817512512207e-01
4.471803307533264160e-01
5.753289461135864258e-01
-6.592554450035095215e-01
-2.663878723978996277e-02
-5.557432770729064941e-02
6.564897298812866211e-02
2.249074429273605347e-01
1.245592907071113586e-01
1.466453075408935547e-01
5.529232323169708252e-02
1.551538407802581787e-01
1.650657355785369873e-01
-2.549826800823211670e-01
-8.923202753067016602e-01
-3.930963575839996338e-01
-2.755337394773960114e-03
-8.840069919824600220e-02
1.184514909982681274e-02
2.414029687643051147e-01
4.668320119380950928e-01
1.029023751616477966e-01
5.636954307556152344e-01
3.392907083034515381e-01
1.076531261205673218e-01
-8.873146176338195801e-01
4.388278126716613770e-01
-2.240731716156005859e-01
2.075131684541702271e-01
2.461636066436767578e-01
1.913197487592697144e-01
4.142957329750061035e-01
5.860389471054077148e-01
8.544378876686096191e-01
1.416260898113250732e-01
-5.919000878930091858e-02
2.178543359041213989e-01
7.876869291067123413e-03
7.109025865793228149e-02
7.449192553758621216e-02
-1.097792834043502808e-01
-1.710185855627059937e-01
-2.987918630242347717e-02
-9.997027367353439331e-02
1.057151984423398972e-02
-6.702435761690139771e-02
1.026830077171325684e-01
3.483760058879852295e-01
3.505116403102874756e-01
2.866854965686798096e-01
-2.415744066238403320e-01
-1.047210335731506348e+00
-3.548545390367507935e-02
-2.275900840759277344e-01
-2.599075436592102051e-02
-1.624543666839599609e-01
-3.792073130607604980e-01
9.678953327238559723e-03
-7.174376398324966431e-02
1.432061474770307541e-02
5.562806725502014160e-01
-4.313879832625389099e-02
3.836746513843536377e-01
1.003530845046043396e-01
1.031423583626747131e-01
2.633701264858245850e-02
4.697681367397308350e-01
4.228520691394805908e-01
2.939128279685974121e-01
3.797037005424499512e-01
4.024952650070190430e-01
-1.681873351335525513e-01
-4.105806648731231689e-01
1.104949489235877991e-01
-4.379935860633850098e-01
-3.851515054702758789e-01
1.281191259622573853e-01
-1.975928694009780884e-01
-1.714839041233062744e-01
4.949330687522888184e-01
3.284648656845092773e-01
1.688285171985626221e-01
1.784029006958007812e-01
2.624050378799438477e-01
-3.813522756099700928e-01
-4.982681944966316223e-02
-2.696878612041473389e-01
-5.692292749881744385e-02
-1.357945054769515991e-01
4.266092777252197266e-01
1.921767294406890869e-01
-2.185676395893096924e-01
-8.716695010662078857e-04
-1.251914054155349731e-01
3.171676695346832275e-01
8.492685556411743164e-01
2.861618101596832275e-01
-2.551010549068450928e-01
3.767744898796081543e-01
-2.779967784881591797e-01
5.809579789638519287e-02
2.912076413631439209e-01
1.844564080238342285e-01
2.707345783710479736e-01
6.424266099929809570e-02
-5.758505463600158691e-01
-1.612701416015625000e-01
-3.264384865760803223e-01
1.650944054126739502e-01
-5.680561661720275879e-01
1.768554374575614929e-02
1.206926628947257996e-02
4.109892249107360840e-01
4.857475459575653076e-01
2.766184806823730469e-01
6.953159719705581665e-02
-4.266428947448730469e-02
1.818030923604965210e-01
-7.234384119510650635e-02
2.419461607933044434e-01
3.981677293777465820e-01
1.193705201148986816e-01
3.569575548171997070e-01
3.605202734470367432e-01
-8.548122048377990723e-01
-3.495071232318878174e-01
-1.371358335018157959e-02
-6.193854212760925293e-01
-1.430964469909667969e-01
-4.506791830062866211e-01
2.282245755195617676e-01
-5.227440223097801208e-02
5.457029119133949280e-02
4.509656131267547607e-01
2.308806180953979492e-01
-1.373024880886077881e-01
-3.017612695693969727e-01
6.727359890937805176e-01
2.533525526523590088e-01
-5.300647020339965820e-01
3.258557915687561035e-01
1.374024003744125366e-01
-4.506407678127288818e-01
6.123666167259216309e-01
-3.070742189884185791e-01
3.162038624286651611e-01
1.826860606670379639e-01
2.099490761756896973e-01
4.620353579521179199e-01
2.950488328933715820e-01
-5.297051668167114258e-01
-5.291463732719421387e-01
-2.383143156766891479e-01
-2.144876569509506226e-01
2.637166082859039307e-01
5.961677432060241699e-01
3.588527441024780273e-01
-3.690439462661743164e-02
-4.194322042167186737e-03
-4.834259748458862305e-01
-3.019081354141235352e-01
-2.565473318099975586e-01
-7.081020623445510864e-02
3.962715864181518555e-01
5.916211605072021484e-01
-8.576247692108154297e-01
-4.914477467536926270e-01
9.111431241035461426e-02
2.276654094457626343e-01
3.149805963039398193e-01
1.826534569263458252e-01
1.153717515990138054e-03
4.200354814529418945e-01
3.476725816726684570e-01
4.249381124973297119e-01
1.317073702812194824e-01
3.325875997543334961e-01
-2.779477834701538086e-01
-2.027296274900436401e-01
-1.792321205139160156e-01
2.161421626806259155e-01
-5.066565275192260742e-01
1.086557470262050629e-02
2.236838936805725098e-01
1.145126074552536011e-01
3.734642565250396729e-01
5.526297688484191895e-01
2.313545942306518555e-01
1.119762063026428223e-01
3.508241176605224609e-01
-3.089481592178344727e-01
-6.882940530776977539e-01
-1.926040947437286377e-01
1.680678576231002808e-01
2.452915906906127930e-01
6.000261753797531128e-03
5.146071910858154297e-01
1.225272417068481445e+00
5.756529420614242554e-02
-5.766422301530838013e-02
-1.909333616495132446e-01
-3.540505170822143555e-01
1.021385639905929565e-01
4.075377583503723145e-01
9.984287619590759277e-01
-8.961158394813537598e-01
-2.494697421789169312e-01
-4.315371811389923096e-01
3.123677968978881836e-01
5.340301394462585449e-01
7.207994461059570312e-01
4.896495044231414795e-01
-4.919192492961883545e-01
-7.371262311935424805e-01
-4.416362345218658447e-01
-1.144341900944709778e-01
-6.029548496007919312e-02
4.825107455253601074e-01
4.133543074131011963e-01
1.343374401330947876e-01
5.667021870613098145e-01
1.954726427793502808e-01
1.803558319807052612e-01
9.733761101961135864e-02
5.443247407674789429e-02
7.506695389747619629e-02
-3.526028692722320557e-01
-7.731653749942779541e-04
-1.347249895334243774e-01
1.159912720322608948e-01
1.291780769824981689e-01
-4.129731655120849609e-01
2.340902574360370636e-02
1.216797009110450745e-01
3.876604139804840088e-02
-2.813913226127624512e-01
1.088685914874076843e-01
4.529371261596679688e-01
2.735656499862670898e-01
2.216644287109375000e-01
1.744781732559204102e-01
7.901994138956069946e-02
-2.196609973907470703e-01
4.017628133296966553e-01
-3.803355395793914795e-01
1.006401553750038147e-01
3.490496873855590820e-01
2.462014406919479370e-01
3.045179545879364014e-01
-2.126762866973876953e-01
-1.107598066329956055e+00
-6.607710383832454681e-03
2.227509766817092896e-01
1.145467758178710938e-01
-1.842976510524749756e-01
1.929790228605270386e-01
2.322596162557601929e-01
6.091116666793823242e-01
-1.033544465899467468e-01
8.120980113744735718e-02
2.820025086402893066e-01
-2.496692538261413574e-01
4.589614570140838623e-01
5.950379371643066406e-01
-9.015791416168212891e-01
-6.849234700202941895e-01
-4.010108411312103271e-01
-1.900290697813034058e-02
5.842971205711364746e-01
4.575807154178619385e-01
3.636472225189208984e-01
-2.091517001390457153e-01
7.339435629546642303e-03
1.851504594087600708e-01
1.259606238454580307e-02
2.385843545198440552e-01
3.615608811378479004e-01
-3.724480979144573212e-03
2.298299968242645264e-01
-1.919854581356048584e-01
-2.834757566452026367e-01
1.279632449150085449e-01
-3.434153497219085693e-01
-2.864175140857696533e-01
-1.952797174453735352e-01
3.190781176090240479e-01
4.892330169677734375e-01
-1.313629560172557831e-02
1.041941419243812561e-01
