1.547967195510864258e-01
-2.234312444925308228e-01
1.230475753545761108e-01
-2.621638178825378418e-01
-1.215703710913658142e-01
3.489182889461517334e-02
-3.002483844757080078e-01
-6.893848776817321777e-01
2.650523483753204346e-01
5.253200531005859375e-01
2.839347422122955322e-01
-1.301212906837463379e-01
-8.037946373224258423e-02
-2.627284228801727295e-01
-2.392390817403793335e-01
-5.692651271820068359e-01
-4.136218130588531494e-01
-5.479157567024230957e-01
-3.977381289005279541e-01
-5.679556727409362793e-01
-1.806338429450988770e-01
-1.763323843479156494e-01
-1.696333885192871094e-01
3.248483836650848389e-01
3.597548007965087891e-01
4.934928715229034424e-01
5.454515218734741211e-01
8.272029161453247070e-01
6.831746697425842285e-01
8.413563966751098633e-01
-4.552059173583984375e-01
8.277650922536849976e-02
-7.416281700134277344e-01
-7.580836415290832520e-01
6.743991374969482422e-01
-2.154764413833618164e+00
-1.176541149616241455e-01
-2.476831972599029541e-01
3.988232910633087158e-01
5.532518625259399414e-01
5.141302347183227539e-01
-3.111506998538970947e-01
-6.018200516700744629e-01
-3.698633015155792236e-01
-5.724143385887145996e-01
-6.402479410171508789e-01
-1.503781914710998535e+00
-1.734329760074615479e-01
4.443530142307281494e-01
1.555540561676025391e-01
7.022407650947570801e-02
4.798139035701751709e-01
-4.702273607254028320e-01
4.127999246120452881e-01
2.385766059160232544e-01
-3.041468858718872070e-01
-4.955457448959350586e-01
-5.151389837265014648e-01
3.166128993034362793e-01
1.980566382408142090e-01
3.076604902744293213e-01
6.051004528999328613e-01
6.195102632045745850e-02
1.954908221960067749e-01
-2.146557122468948364e-01
-2.535002529621124268e-01
8.286711573600769043e-01
7.263538241386413574e-02
1.282107979059219360e-01
-3.586682304739952087e-02
-1.142752841114997864e-01
9.413190931081771851e-02
-3.635901510715484619e-01
-1.486799120903015137e-01
6.229525059461593628e-02
-7.405742406845092773e-01
-6.359294652938842773e-01
-2.967894375324249268e-01
-5.479000210762023926e-01
2.832917869091033936e-01
3.150528967380523682e-01
4.038618877530097961e-02
3.081124722957611084e-01
-5.124819278717041016e-01
2.283692806959152222e-01
-4.788149893283843994e-01
-2.846649149432778358e-03
-3.621420860290527344e-01
7.194041460752487183e-02
-6.545111536979675293e-01
-3.824756741523742676e-01
-5.966771841049194336e-01
-2.221541404724121094e-01
-2.011048495769500732e-01
2.679475545883178711e-01
4.067242145538330078e-01
1.095015108585357666e-01
1.096051260828971863e-01
2.084470987319946289e-01
5.375660657882690430e-01
-4.255236685276031494e-01
6.397367715835571289e-01
-6.064557433128356934e-01
1.410203218460083008e+00
1.410320997238159180e-01
3.571377992630004883e-01
-6.834952235221862793e-01
-1.383437663316726685e-01
-3.631646633148193359e-01
-2.675377950072288513e-02
-8.003211021423339844e-02
1.967294663190841675e-01
1.677421182394027710e-01
1.123188883066177368e-01
3.283063471317291260e-01
-9.995464235544204712e-03
-1.823074817657470703e-01
1.804392971098423004e-02
3.200158476829528809e-02
1.921406388282775879e-01
-2.893836200237274170e-01
-9.845986217260360718e-02
-6.876003146171569824e-01
8.719546347856521606e-02
-4.946356415748596191e-01
2.487205862998962402e-01
2.482500523328781128e-01
-7.102067470550537109e-01
-2.853627502918243408e-01
-4.815788865089416504e-01
-5.967788100242614746e-01
-4.356116354465484619e-01
9.128275513648986816e-02
-5.980369821190834045e-02
1.722666025161743164e-01
1.148573681712150574e-02
2.406556904315948486e-01
-3.924883008003234863e-01
3.100855946540832520e-01
2.027027122676372528e-02
6.388594508171081543e-01
-8.481521904468536377e-02
5.161296129226684570e-01
3.624242842197418213e-01
2.714043259620666504e-01
4.813375771045684814e-01
-4.742949306964874268e-01
1.392342299222946167e-01
-5.222275853157043457e-01
-4.163923859596252441e-01
2.545108795166015625e-01
-2.483700960874557495e-01
-1.985048204660415649e-01
-6.558445096015930176e-01
1.901661902666091919e-01
-6.170282363891601562e-01
-1.864999085664749146e-01
-1.534875929355621338e-01
3.129689097404479980e-01
-8.622024208307266235e-03
1.030917406082153320e+00
3.679233137518167496e-03
3.068681955337524414e-01
-5.456127971410751343e-02
-5.482824444770812988e-01
-4.118831455707550049e-01
-1.374367773532867432e-01
1.415076255798339844e-01
-2.809046506881713867e-01
-1.885375007987022400e-02
-1.149949207901954651e-01
-2.648178935050964355e-01
1.994384452700614929e-02
7.101566791534423828e-01
4.289331138134002686e-01
1.007455825805664062e+00
-1.593528985977172852e-01
-1.125648394227027893e-01
-3.613986670970916748e-01
-3.886941671371459961e-01
-2.618034780025482178e-01
1.418698579072952271e-01
-1.745747774839401245e-01
5.441076755523681641e-01
-7.906526327133178711e-01
3.182336091995239258e-01
-2.414018511772155762e-01
1.589627116918563843e-01
2.062104940414428711e-01
8.093921095132827759e-02
4.558972120285034180e-01
4.558556377887725830e-01
-3.554522395133972168e-01
-1.013464108109474182e-01
-2.837910652160644531e-01
-9.923354536294937134e-02
-5.795654654502868652e-01
-4.297955334186553955e-01
-2.156273573637008667e-01
-1.584411114454269409e-01
6.852682828903198242e-01
-2.166726253926753998e-02
-2.397902309894561768e-02
-5.457747578620910645e-01
-1.515738070011138916e-01
3.704519271850585938e-01
-3.647830784320831299e-01
1.755496487021446228e-02
5.828673765063285828e-02
3.261413276195526123e-01
-1.006155535578727722e-01
9.366722702980041504e-01
-1.140477061271667480e+00
1.664048433303833008e-01
-4.337062686681747437e-02
5.901744961738586426e-01
-4.880407825112342834e-03
-1.181988716125488281e-01
8.648602366447448730e-01
7.741989195346832275e-02
3.808859586715698242e-01
-2.214154154062271118e-01
-5.324094295501708984e-01
-4.559438824653625488e-01
-5.877184867858886719e-01
-4.879585504531860352e-01
-1.059521436691284180e-01
-1.101941585540771484e+00
9.817520529031753540e-02
4.397595673799514771e-02
4.671485722064971924e-01
8.244696259498596191e-02
4.093598425388336182e-01
-3.333621844649314880e-02
5.614717602729797363e-01
-1.302410125732421875e+00
1.690129339694976807e-01
3.658279180526733398e-01
-5.573160648345947266e-01
6.255576014518737793e-01
1.038343787193298340e+00
-4.457648694515228271e-01
6.396314501762390137e-01
-4.045271873474121094e-01
-3.866793215274810791e-01
-1.082328520715236664e-02
-5.170525312423706055e-01
-1.470004081726074219e+00
-1.326522946357727051e+00
-2.894945144653320312e-01
-4.850723445415496826e-01
-2.394409626722335815e-01
-1.535972714424133301e+00
-1.044314742088317871e+00
-1.508961796760559082e+00
1.251980543136596680e+00
4.376007616519927979e-01
4.722305238246917725e-01
3.784207999706268311e-01
-2.269589900970458984e-01
-1.816583424806594849e-02
-9.742488265037536621e-01
-4.873216748237609863e-01
2.767350077629089355e-01
-1.048776730895042419e-01
-1.622296273708343506e-01
-3.237500786781311035e-02
-2.699171006679534912e-02
5.257248878479003906e-01
4.472004175186157227e-01
1.084129139780998230e-02
5.788093209266662598e-01
3.416374325752258301e-01
-3.328481912612915039e-01
1.577106267213821411e-01
-3.473918437957763672e-01
-1.199862360954284668e+00
-1.276716709136962891e+00
-1.071421980857849121e+00
-6.092335581779479980e-01
2.690783739089965820e-01
5.395058915019035339e-02
-8.020914793014526367e-01
1.124463602900505066e-01
1.126402497291564941e+00
7.572318911552429199e-01
3.865570425987243652e-01
4.006010591983795166e-01
1.292778491973876953e+00
-8.551972918212413788e-03
-1.801874488592147827e-01
-4.310335814952850342e-01
-1.061740398406982422e+00
-2.136894613504409790e-01
2.865076959133148193e-01
-1.827227324247360229e-01
-6.223237514495849609e-01
-6.039433479309082031e-01
-3.761839568614959717e-01
-8.762634992599487305e-01
-5.502746105194091797e-01
-5.469681620597839355e-01
-5.428526997566223145e-01
1.458537340164184570e+00
5.987013503909111023e-02
4.539383649826049805e-01
4.550134763121604919e-02
2.436126321554183960e-01
5.356841683387756348e-01
1.040511876344680786e-01
2.437394708395004272e-01
-9.147976525127887726e-03
-1.401313245296478271e-01
7.955968379974365234e-02
2.983022630214691162e-01
-6.244130134582519531e-01
2.860112488269805908e-01
-1.126864790916442871e+00
-5.553402900695800781e-01
-1.637201189994812012e+00
6.232296824455261230e-01
-7.759709954261779785e-01
-4.598997533321380615e-01
3.500149846076965332e-01
-7.373229265213012695e-01
-7.649506628513336182e-02
1.392328459769487381e-02
9.408726096153259277e-01
3.482355177402496338e-01
8.587224483489990234e-01
7.762382030487060547e-01
-1.830401569604873657e-01
8.014506697654724121e-01
-1.186086535453796387e-01
2.506195306777954102e-01
-1.052164912223815918e+00
-5.050057172775268555e-01
-4.824120998382568359e-01
1.578276306390762329e-01
-2.314153462648391724e-01
2.731879949569702148e-01
-9.040495157241821289e-01
-3.662167191505432129e-01
7.392669320106506348e-01
8.965501934289932251e-02
8.872122317552566528e-02
-3.978710472583770752e-01
-4.459894299507141113e-01
-9.837634116411209106e-02
-3.407790958881378174e-01
3.665587007999420166e-01
-4.407483935356140137e-01
5.250417441129684448e-02
-4.282309114933013916e-01
5.796087905764579773e-02
2.786973118782043457e-01
1.278760749846696854e-02
-7.032817602157592773e-02
3.645008206367492676e-01
5.280146002769470215e-01
-3.150137662887573242e-01
7.066140174865722656e-01
-1.108979880809783936e-01
-1.723410338163375854e-01
-1.419293731451034546e-01
-5.158067941665649414e-01
3.505831211805343628e-02
4.200521707534790039e-01
8.358275294303894043e-01
3.412383496761322021e-01
-5.569667220115661621e-01
5.363775789737701416e-02
-6.499520540237426758e-01
2.578778862953186035e-01
-5.760230422019958496e-01
2.350933849811553955e-01
-6.488629579544067383e-01
-1.344525098800659180e+00
-3.411428928375244141e-01
4.110280573368072510e-01
3.135863542556762695e-01
2.845645844936370850e-01
1.006525084376335144e-01
3.034635633230209351e-02
2.234006524085998535e-01
8.717457652091979980e-01
4.771827459335327148e-01
4.803349077701568604e-01
3.168050050735473633e-01
-1.873896718025207520e-01
8.425848931074142456e-02
-5.548652410507202148e-01
-3.815627098083496094e-01
-3.767280280590057373e-01
-1.461674869060516357e-01
-6.106047034263610840e-01
-1.050923317670822144e-01
4.259438440203666687e-02
7.265859842300415039e-02
-2.077387869358062744e-01
1.070317849516868591e-01
-1.476868242025375366e-01
-6.044980883598327637e-01
-8.088271021842956543e-01
-8.364870548248291016e-01
1.412178039550781250e+00
-5.218509435653686523e-01
-1.354279369115829468e-01
-2.249913692474365234e+00
1.238254308700561523e-01
4.725574702024459839e-02
8.565486073493957520e-01
4.418693482875823975e-01
-2.509748339653015137e-01
1.394820660352706909e-01
-1.553106069564819336e+00
2.723053991794586182e-01
-3.165042698383331299e-01
5.938167572021484375e-01
-2.448991537094116211e-01
-3.881037533283233643e-01
-1.634393572807312012e+00
-5.759693980216979980e-01
-4.994277358055114746e-01
4.741529002785682678e-02
-4.187488555908203125e-01
4.019765555858612061e-01
1.615576744079589844e-01
4.549719989299774170e-01
5.084792375564575195e-01
2.952070534229278564e-02
9.790047407150268555e-01
6.367835998535156250e-01
8.319637924432754517e-02
-6.300042569637298584e-02
-2.272885441780090332e-01
-5.344469547271728516e-01
-1.472691744565963745e-01
4.602739959955215454e-02
-1.260884046554565430e+00
2.549661993980407715e-01
8.227818012237548828e-01
-9.454534947872161865e-02
1.128202915191650391e+00
-6.343609690666198730e-01
-1.129116415977478027e-01
2.764760553836822510e-01
-8.100839257240295410e-01
2.721326649188995361e-01
-7.223918437957763672e-01
-4.089716374874114990e-01
3.660371527075767517e-02
-5.483322143554687500e-01
-7.650569081306457520e-01
1.591245830059051514e-01
-8.510818704962730408e-03
5.599826574325561523e-01
2.005857527256011963e-01
8.924338221549987793e-02
-1.124426051974296570e-01
-3.938268125057220459e-01
-1.133352145552635193e-01
-2.207415401935577393e-01
2.274019457399845123e-02
-6.145865917205810547e-01
3.860957026481628418e-01
2.037751376628875732e-01
3.873466849327087402e-01
8.321469426155090332e-01
-3.874980807304382324e-01
4.407164156436920166e-01
-5.704947710037231445e-01
-5.632980540394783020e-02
-1.103000249713659286e-03
-1.197082325816154480e-01
-5.728445053100585938e-01
-6.686146259307861328e-01
-2.136513404548168182e-02
-5.751438140869140625e-01
-4.449724853038787842e-01
-4.701127409934997559e-01
9.002010226249694824e-01
8.280309438705444336e-01
4.559907615184783936e-01
-7.970035821199417114e-02
5.100596547126770020e-01
5.508720129728317261e-02
-1.279524415731430054e-01
2.673286497592926025e-01
-8.848495781421661377e-02
4.523301124572753906e-01
-4.071238338947296143e-01
-4.421035945415496826e-01
-1.152148604393005371e+00
5.295126885175704956e-02
-5.611639618873596191e-01
-4.328360557556152344e-01
-4.982218742370605469e-01
-8.082231879234313965e-02
2.745964825153350830e-01
-1.389883905649185181e-01
7.468801140785217285e-01
2.213203012943267822e-01
-6.265086531639099121e-01
-5.933870077133178711e-01
5.039122328162193298e-02
2.656708657741546631e-01
6.737352609634399414e-01
6.131571903824806213e-02
-1.830013990402221680e-01
3.200711309909820557e-01
-4.426123797893524170e-01
8.364403247833251953e-02
