3.309692814946174622e-02
1.309790134429931641e+00
2.043887227773666382e-01
1.124648928642272949e+00
9.258891940116882324e-01
7.929006814956665039e-01
3.696808815002441406e-01
2.741096913814544678e-02
-4.194149076938629150e-01
4.322357103228569031e-02
-3.883790373802185059e-01
-2.459407299757003784e-01
-6.790009737014770508e-01
6.364009976387023926e-01
-5.841128826141357422e-01
2.109544426202774048e-01
-4.516475200653076172e-01
5.565409064292907715e-01
-4.831382632255554199e-01
-5.975310206413269043e-01
-2.591561339795589447e-02
3.211211860179901123e-01
-3.859578967094421387e-01
2.315084785223007202e-01
-4.894154071807861328e-01
1.959857195615768433e-01
-2.699202597141265869e-01
6.411195993423461914e-01
1.262172013521194458e-01
9.653774499893188477e-01
-3.261874020099639893e-01
1.183346271514892578e+00
-6.253455877304077148e-01
5.806887149810791016e-01
-6.997454762458801270e-01
8.764367699623107910e-01
-1.289783358573913574e+00
8.595699667930603027e-01
-5.947777032852172852e-01
-1.792547851800918579e-01
-1.854056000709533691e+00
-8.957310318946838379e-01
7.314649224281311035e-02
-5.898144841194152832e-01
-9.686680436134338379e-01
-5.232167243957519531e-01
4.281426072120666504e-01
6.581321358680725098e-01
5.216700583696365356e-02
6.530377864837646484e-01
1.070664525032043457e+00
4.179774224758148193e-01
1.124063372611999512e+00
-2.276224613189697266e+00
1.021759033203125000e+00
-7.159672379493713379e-01
-1.184671044349670410e+00
-1.155411958694458008e+00
-4.026821851730346680e-01
-3.399257063865661621e-01
3.650801777839660645e-01
-1.554793268442153931e-01
1.070011779665946960e-01
6.215278506278991699e-01
5.514768362045288086e-01
-2.336001694202423096e-01
4.727644026279449463e-01
7.085438370704650879e-01
2.506692111492156982e-01
-3.263178467750549316e-01
3.654559254646301270e-01
1.983380168676376343e-01
2.351519279181957245e-02
-2.784315943717956543e-01
1.187068074941635132e-01
-3.370733857154846191e-01
-3.622277081012725830e-02
-9.354441165924072266e-01
-7.035182714462280273e-01
-3.724717199802398682e-01
-2.287418544292449951e-01
-7.209150195121765137e-01
-3.373433351516723633e-01
-1.278640925884246826e-01
7.637462019920349121e-02
2.441842108964920044e-01
3.081896007061004639e-01
-4.370745122432708740e-01
1.118410304188728333e-01
3.503071069717407227e-01
-2.807363271713256836e-01
-3.807123899459838867e-01
-2.027372360229492188e+00
3.870415687561035156e-01
5.066464655101299286e-03
-2.698464691638946533e-01
-3.082889318466186523e-01
8.930072933435440063e-02
8.116328120231628418e-01
9.227759838104248047e-01
2.018706351518630981e-01
-2.578167021274566650e-01
3.338567018508911133e-01
6.971519589424133301e-01
7.026484608650207520e-02
1.151407323777675629e-02
6.779500842094421387e-01
-7.803957909345626831e-02
2.743500173091888428e-01
-1.111244559288024902e+00
-1.499880105257034302e-02
-1.913600787520408630e-02
3.248407542705535889e-01
-1.206002607941627502e-01
-5.590146183967590332e-01
4.197519123554229736e-01
2.614629566669464111e-01
4.392807185649871826e-01
-2.640295624732971191e-01
4.327332675457000732e-01
2.629063725471496582e-01
-1.457390040159225464e-01
-8.911859393119812012e-01
-2.889112532138824463e-01
-2.026204764842987061e-01
-6.000413894653320312e-01
-8.730172514915466309e-01
-4.085867404937744141e-01
6.646554470062255859e-01
-1.112804096192121506e-02
1.717631518840789795e-01
-2.090681195259094238e-01
-8.810631930828094482e-02
6.011704206466674805e-01
-1.029204800724983215e-01
6.701175868511199951e-02
-3.572854697704315186e-01
1.676438003778457642e-01
7.451633363962173462e-02
-2.788989432156085968e-02
-2.373345941305160522e-01
3.097963035106658936e-01
7.699872255325317383e-01
3.040099740028381348e-01
5.880296230316162109e-02
9.208724498748779297e-01
-3.968323767185211182e-01
-8.297731876373291016e-01
-1.198186993598937988e+00
-7.668043375015258789e-01
-4.480227828025817871e-02
1.799267828464508057e-01
-3.822907805442810059e-01
-1.580385491251945496e-02
2.444143742322921753e-01
3.396138846874237061e-01
1.043117493391036987e-01
-5.460201501846313477e-01
-4.675065726041793823e-02
6.073035597801208496e-01
1.696891933679580688e-01
-5.704488158226013184e-01
1.108311042189598083e-01
-3.019204735755920410e-01
9.733271598815917969e-01
-5.032316446304321289e-01
-2.911889851093292236e-01
6.580017805099487305e-01
-2.995187044143676758e-01
-2.186052054166793823e-01
-2.014643996953964233e-01
3.331333994865417480e-01
3.195819258689880371e-01
4.486545324325561523e-01
-9.079832583665847778e-02
7.537853717803955078e-01
2.970167100429534912e-01
3.101371824741363525e-01
-6.402623057365417480e-01
-2.080492079257965088e-01
-7.324873805046081543e-01
7.941550016403198242e-02
-3.579224646091461182e-01
1.471755839884281158e-02
6.991046071052551270e-01
1.189020350575447083e-01
5.040910243988037109e-01
-1.098902449011802673e-01
4.402667582035064697e-01
3.406540453433990479e-01
1.987509876489639282e-01
-3.707350790500640869e-01
2.065957933664321899e-01
1.732510924339294434e-01
-5.214108526706695557e-02
-3.612686395645141602e-01
-8.307459354400634766e-01
-1.016874983906745911e-01
-3.251954913139343262e-02
6.905886530876159668e-02
-7.770153880119323730e-01
3.596055805683135986e-01
4.087128639221191406e-01
-3.045572638511657715e-01
-9.833182394504547119e-02
-7.388756275177001953e-01
5.721538662910461426e-01
7.038356661796569824e-01
-4.105136170983314514e-02
-1.696727573871612549e-01
6.960634589195251465e-01
1.067516878247261047e-01
8.056241273880004883e-01
-2.879049777984619141e-01
6.407638192176818848e-01
8.002620339393615723e-01
-1.646999418735504150e-01
-2.151022404432296753e-01
-4.766638576984405518e-01
-1.174651458859443665e-01
-2.294165641069412231e-01
-6.906458735466003418e-01
-2.478003352880477905e-01
-7.081801891326904297e-01
1.277974545955657959e-01
-2.545142769813537598e-01
-5.149155855178833008e-01
4.899660348892211914e-01
3.618762493133544922e-01
-1.321051865816116333e-01
5.896055698394775391e-01
3.506672978401184082e-01
3.014942109584808350e-01
-5.019088983535766602e-01
1.477504670619964600e-01
9.194993376731872559e-01
-5.005302280187606812e-02
-3.638202846050262451e-01
8.376472443342208862e-02
-2.012775838375091553e-01
1.732283085584640503e-01
-2.487161569297313690e-02
-9.203842282295227051e-01
4.420325458049774170e-01
-4.084522724151611328e-01
2.106187641620635986e-01
-5.609459280967712402e-01
6.110790371894836426e-01
-7.144016027450561523e-01
-5.736387893557548523e-02
-1.527483701705932617e+00
-2.784442305564880371e-01
-4.604960680007934570e-01
-7.132921218872070312e-01
2.237733155488967896e-01
-6.334750056266784668e-01
5.602623820304870605e-01
1.985520422458648682e-01
3.745932579040527344e-01
-1.313690692186355591e-01
3.799961209297180176e-01
1.183660179376602173e-01
6.619735062122344971e-02
-4.036626219749450684e-01
-4.593683779239654541e-01
1.472758054733276367e-01
-3.565629422664642334e-01
-9.604349136352539062e-01
-9.851361513137817383e-01
-5.883645638823509216e-02
-9.990730322897434235e-03
3.684346675872802734e-01
-9.565395303070545197e-03
5.445270612835884094e-02
1.154259592294692993e-01
1.469154000282287598e+00
-3.948529362678527832e-01
1.183466672897338867e+00
-1.942085474729537964e-01
1.060301542282104492e+00
-4.005215167999267578e-01
-7.800844311714172363e-01
-1.011034250259399414e+00
-2.927630841732025146e-01
-3.719986379146575928e-01
7.399541139602661133e-01
-8.407110720872879028e-02
2.873759865760803223e-01
2.023055851459503174e-01
1.315224170684814453e-01
-8.233226835727691650e-02
-2.510262131690979004e-01
4.897711575031280518e-01
-2.800421714782714844e-01
-6.127667427062988281e-01
-1.039664447307586670e-01
-8.737543821334838867e-01
-2.249575704336166382e-01
-6.518461108207702637e-01
-1.456279754638671875e-01
-2.460173666477203369e-01
3.169991672039031982e-01
1.438366174697875977e-01
-6.664220690727233887e-01
1.879332214593887329e-01
-1.004314329475164413e-02
6.476105451583862305e-01
-5.992826819419860840e-01
3.816326260566711426e-01
1.783768236637115479e-01
-2.577211260795593262e-01
-4.440750479698181152e-01
-2.472808659076690674e-01
-2.956161797046661377e-01
5.618052482604980469e-01
-2.626141607761383057e-01
3.032378554344177246e-01
7.990856766700744629e-01
9.101741313934326172e-01
2.111832797527313232e-01
-3.974522948265075684e-01
5.108765959739685059e-01
-2.023564428091049194e-01
-1.072581529617309570e+00
-8.206960558891296387e-01
1.493944376707077026e-01
-2.313761562108993530e-01
-4.116312861442565918e-01
-2.465577721595764160e-01
3.289561271667480469e-01
-1.279196608811616898e-02
4.540148749947547913e-02
-4.743284285068511963e-01
7.537585496902465820e-01
-1.431002467870712280e-01
7.432256937026977539e-01
-5.026085376739501953e-01
-2.354892194271087646e-01
4.718532562255859375e-01
-6.686471402645111084e-02
2.274191826581954956e-01
-7.720568180084228516e-01
1.048668980598449707e+00
-3.741751611232757568e-01
2.030975185334682465e-03
-6.663223505020141602e-01
-5.001129508018493652e-01
2.613598406314849854e-01
3.468304127454757690e-02
5.154538154602050781e-01
-6.412948966026306152e-01
2.288721799850463867e-01
8.696492314338684082e-01
2.516299486160278320e-01
-6.183062195777893066e-01
-8.433204144239425659e-02
6.265150010585784912e-02
7.974979467689990997e-03
-3.054645955562591553e-01
-2.076662540435791016e+00
1.827135086059570312e-01
-4.435535371303558350e-01
6.477286815643310547e-01
2.159976810216903687e-01
1.189696118235588074e-01
6.351498365402221680e-01
3.130211532115936279e-01
2.985459864139556885e-01
4.615576565265655518e-01
1.027752757072448730e+00
4.266262352466583252e-01
-1.170505955815315247e-02
-5.889596939086914062e-01
-9.943138360977172852e-01
-6.251015663146972656e-01
-3.789965212345123291e-01
-1.398610711097717285e+00
4.925552606582641602e-01
-7.342401742935180664e-01
-2.373093664646148682e-01
-1.763463765382766724e-01
9.861432015895843506e-02
5.689097642898559570e-01
5.537924170494079590e-01
-1.833086088299751282e-02
3.735674619674682617e-01
1.426489949226379395e+00
3.725862205028533936e-01
1.471572518348693848e+00
-2.770109772682189941e-01
1.236784338951110840e+00
3.420755863189697266e-01
-3.771963715553283691e-01
-1.123410463333129883e+00
-5.756269097328186035e-01
1.269697397947311401e-01
-3.358668386936187744e-01
-4.707072395831346512e-03
-5.872260332107543945e-01
2.512037456035614014e-01
-6.548662781715393066e-01
5.380668044090270996e-01
-5.891357064247131348e-01
3.604297637939453125e-01
-5.076642632484436035e-01
-2.121166326105594635e-02
-8.207824230194091797e-01
-5.159774422645568848e-01
-2.045283764600753784e-01
-7.413002848625183105e-01
-9.072113037109375000e-01
-3.025170266628265381e-01
-3.311142027378082275e-01
-2.015644311904907227e-01
-6.576541066169738770e-01
4.912921488285064697e-01
4.198465347290039062e-01
2.505950629711151123e-01
-1.291821300983428955e-01
3.325580060482025146e-02
-3.021249175071716309e-01
-1.461137980222702026e-01
-1.074367046356201172e+00
4.926488697528839111e-01
4.795908033847808838e-01
2.783049046993255615e-01
5.408306121826171875e-01
9.583244919776916504e-01
1.268113553524017334e-01
7.810227870941162109e-01
2.882673144340515137e-01
-9.167528748512268066e-01
1.086446717381477356e-01
-3.326389193534851074e-02
-1.084102392196655273e+00
5.448681712150573730e-01
-3.139322996139526367e-01
5.376078560948371887e-02
-5.799673199653625488e-01
-9.494674205780029297e-01
-1.850564479827880859e-01
-5.780667662620544434e-01
-8.745182752609252930e-01
-6.956805586814880371e-01
1.020617857575416565e-01
6.915328502655029297e-01
-1.420121639966964722e-01
3.576104342937469482e-02
6.608918905258178711e-01
-2.265556901693344116e-01
1.109921373426914215e-02
-6.421478390693664551e-01
5.804572701454162598e-01
-1.307796984910964966e-01
-1.578757911920547485e-01
-2.180585712194442749e-01
5.700688362121582031e-01
3.779759407043457031e-01
-1.249166950583457947e-01
5.841861367225646973e-01
4.961069822311401367e-01
3.835430443286895752e-01
-1.898128390312194824e-01
-3.101831972599029541e-01
2.523337602615356445e-01
3.248207569122314453e-01
2.198641151189804077e-01
3.338596224784851074e-02
3.273120522499084473e-01
4.714469313621520996e-01
-1.008554577827453613e+00
-3.200108706951141357e-01
-6.857152581214904785e-01
-2.152805626392364502e-01
-2.302985787391662598e-01
-9.082841873168945312e-01
-3.711122274398803711e-01
-3.830724954605102539e-01
-1.899098008871078491e-01
4.725571721792221069e-02
-8.001324534416198730e-02
4.103493392467498779e-01
-3.221352398395538330e-01
1.273289769887924194e-01
-5.874965786933898926e-01
2.795764803886413574e-01
1.145751252770423889e-01
1.490064710378646851e-01
-4.528078436851501465e-01
4.096229970455169678e-01
4.038949906826019287e-01
8.773522377014160156e-01
-9.005002677440643311e-02
-3.851542174816131592e-01
3.284811675548553467e-01
2.569222152233123779e-01
7.208787649869918823e-02
-3.928055465221405029e-01
6.009740382432937622e-02
-4.824828729033470154e-02
-2.438685894012451172e-01
-2.398130297660827637e-01
2.451758831739425659e-01
3.804115206003189087e-02
1.972038447856903076e-01
-8.030254244804382324e-01
5.214051008224487305e-01
4.981406629085540771e-01
3.024888932704925537e-01
-1.355714797973632812e-01
-3.428099751472473145e-01
1.360432207584381104e-01
-3.528826236724853516e-01
