1.613664031028747559e-01
-9.728763252496719360e-02
-1.300474703311920166e-01
1.256664395332336426e-01
-9.803418815135955811e-02
-1.798450648784637451e-01
-2.936180494725704193e-02
4.553071409463882446e-02
-1.786889582872390747e-01
8.109065704047679901e-03
3.100376427173614502e-01
1.178586632013320923e-01
3.335120379924774170e-01
2.029770314693450928e-01
8.071264028549194336e-01
-4.830803275108337402e-01
-5.301440358161926270e-01
-3.984527289867401123e-01
-4.546633064746856689e-01
-1.544000580906867981e-02
9.603860974311828613e-02
1.365802884101867676e-01
2.216833382844924927e-01
3.723486065864562988e-01
5.836711525917053223e-01
-5.135205388069152832e-02
2.133599072694778442e-01
6.738655269145965576e-02
3.277910053730010986e-01
2.562031745910644531e-01
3.954799175262451172e-01
3.965484499931335449e-01
4.095554053783416748e-01
-2.732801735401153564e-01
2.916902005672454834e-01
-9.076505154371261597e-02
2.602091133594512939e-01
1.788702905178070068e-01
6.790537387132644653e-02
-4.368587583303451538e-02
3.375346362590789795e-01
2.535878717899322510e-01
-9.942727684974670410e-01
-7.827640175819396973e-01
-4.225365221500396729e-01
-1.964152604341506958e-01
-1.461051702499389648e-01
1.371752470731735229e-01
3.939863443374633789e-01
7.480233907699584961e-02
8.920575678348541260e-02
3.644196689128875732e-01
1.734563559293746948e-01
2.481584846973419189e-01
1.477281749248504639e-01
3.949761092662811279e-01
3.385177254676818848e-01
4.218110442161560059e-02
-3.433326259255409241e-02
-7.254185527563095093e-02
-2.866309285163879395e-01
-4.407707974314689636e-02
2.760810032486915588e-02
8.623181283473968506e-02
-1.801350563764572144e-01
-1.558609306812286377e-01
5.743198394775390625e-01
3.641043901443481445e-01
-1.092863321304321289e+00
-4.157263338565826416e-01
-1.840344220399856567e-01
-3.355050981044769287e-01
6.522732228040695190e-02
3.877762556076049805e-01
4.124404191970825195e-01
6.345146894454956055e-01
2.066645771265029907e-01
1.884290874004364014e-01
1.167330816388130188e-01
2.357183247804641724e-01
2.043255418539047241e-01
2.282714694738388062e-01
2.374663650989532471e-01
6.824942678213119507e-02
1.022413522005081177e-01
8.122332096099853516e-01
1.234641909599304199e+00
-7.048380970954895020e-01
-9.862367510795593262e-01
3.881326317787170410e-02
1.532981730997562408e-02
7.499250769615173340e-02
2.200914174318313599e-02
2.590503692626953125e-01
-8.496709913015365601e-02
4.786187410354614258e-02
7.735233753919601440e-02
-3.979227244853973389e-01
-3.955308720469474792e-02
2.758825421333312988e-01
3.764597177505493164e-01
-2.438745051622390747e-01
2.569640576839447021e-01
1.108420342206954956e-01
-2.002980709075927734e-01
2.216786742210388184e-01
1.035283133387565613e-02
8.684835582971572876e-02
1.839302927255630493e-01
-1.458760630339384079e-02
9.581411629915237427e-02
-2.011842466890811920e-02
3.105607815086841583e-02
-8.355402201414108276e-02
-1.289034187793731689e-01
8.475530147552490234e-01
-8.926823139190673828e-01
-7.958446741104125977e-01
-3.042615354061126709e-01
-3.858363954350352287e-03
1.904342770576477051e-01
-2.311912551522254944e-02
-3.355154022574424744e-02
3.827911317348480225e-01
5.557674169540405273e-01
4.212679341435432434e-02
5.735112428665161133e-01
1.742466986179351807e-01
2.170162945985794067e-01
2.277988493442535400e-01
-1.121016219258308411e-02
1.981373280286788940e-01
1.253532171249389648e+00
-8.357788920402526855e-01
-6.078225970268249512e-01
-1.660644114017486572e-01
1.648451089859008789e-01
6.196070089936256409e-02
9.690365195274353027e-02
2.523240447044372559e-01
-1.813489496707916260e-01
1.015861853957176208e-01
-9.867477416992187500e-02
-2.171744406223297119e-02
3.028459846973419189e-01
6.385622173547744751e-02
1.196017041802406311e-01
2.302106320858001709e-01
5.605936646461486816e-01
1.144770145416259766e+00
-1.325153827667236328e+00
-3.687761127948760986e-01
-5.010588839650154114e-02
-3.866739571094512939e-01
1.551732271909713745e-01
-1.325916200876235962e-01
6.924621015787124634e-02
7.839977741241455078e-02
1.366334110498428345e-01
2.577627599239349365e-01
2.806261181831359863e-01
8.421884477138519287e-02
-2.047086060047149658e-01
-7.643809169530868530e-02
-1.068250313401222229e-01
1.520839482545852661e-01
3.206734061241149902e-01
2.584493458271026611e-01
-1.318210512399673462e-01
-4.717596247792243958e-02
7.755337748676538467e-03
1.016928702592849731e-01
-1.010705679655075073e-01
-2.438647747039794922e-01
-2.507876157760620117e-01
-1.129808202385902405e-01
1.008958220481872559e-01
3.745685815811157227e-01
2.529364079236984253e-02
3.201493620872497559e-01
7.970762997865676880e-02
-1.100059822201728821e-01
-3.181219995021820068e-01
1.054119989275932312e-01
-2.977734059095382690e-02
3.916839137673377991e-02
4.496398940682411194e-02
-4.830956831574440002e-02
-6.714236736297607422e-02
-1.076832972466945648e-02
-2.312835007905960083e-01
2.387399077415466309e-01
5.632700920104980469e-01
5.708857774734497070e-01
-1.149764299392700195e+00
-2.665501832962036133e-01
-4.587254226207733154e-01
-2.863499820232391357e-01
1.424869894981384277e-01
-1.739555448293685913e-01
6.715241074562072754e-02
5.747900009155273438e-01
3.122670948505401611e-02
1.178371906280517578e+00
3.424676060676574707e-01
-2.586541883647441864e-02
3.051771037280559540e-02
1.852744817733764648e-01
4.545798003673553467e-01
2.879147231578826904e-01
1.635812371969223022e-01
3.249612152576446533e-01
4.567255079746246338e-02
1.661741286516189575e-01
-3.959866613149642944e-02
9.461865574121475220e-02
1.250498741865158081e-01
3.287110477685928345e-03
-1.117704957723617554e-01
4.700798988342285156e-01
-5.404521822929382324e-01
-7.476803064346313477e-01
-4.875099062919616699e-01
-2.379502803087234497e-01
-4.879971593618392944e-02
-2.902243435382843018e-01
-2.335895225405693054e-02
2.769954502582550049e-01
-4.643436521291732788e-02
1.885236054658889771e-01
-7.707545906305313110e-02
1.430085748434066772e-01
3.194326758384704590e-01
7.628162205219268799e-02
6.004878282546997070e-01
1.591719090938568115e-01
-2.134706676006317139e-01
-9.019172936677932739e-02
-3.436491638422012329e-02
-1.343470364809036255e-01
2.208866477012634277e-01
-1.596336252987384796e-03
4.219874441623687744e-01
9.200616180896759033e-02
-1.112234890460968018e-01
7.152111083269119263e-02
6.299551725387573242e-01
1.477268487215042114e-01
5.184545516967773438e-01
-1.037028059363365173e-01
3.883439674973487854e-02
2.634883522987365723e-01
2.460643947124481201e-01
1.690320074558258057e-01
3.728711232542991638e-02
1.484551131725311279e-01
3.112816810607910156e-01
-1.737508177757263184e-01
-6.303323805332183838e-02
4.624429717659950256e-02
1.106876969337463379e+00
-1.024047374725341797e+00
-5.598469376564025879e-01
-4.707607626914978027e-01
-1.255990415811538696e-01
2.870157174766063690e-02
-3.750380128622055054e-02
-1.827256977558135986e-01
8.579120784997940063e-02
2.678072750568389893e-01
2.805645465850830078e-01
1.845720708370208740e-01
2.920863628387451172e-01
-4.306934773921966553e-02
3.130285739898681641e-01
4.580214917659759521e-01
2.654983699321746826e-01
7.372915744781494141e-02
3.298822324723005295e-03
1.806453764438629150e-01
-1.682159118354320526e-02
-1.198977157473564148e-01
2.471434473991394043e-01
-3.209948241710662842e-01
-4.805902950465679169e-03
-1.575986482203006744e-02
2.121679186820983887e-01
-1.259525567293167114e-01
2.157543450593948364e-01
1.727190911769866943e-01
2.536942064762115479e-01
2.494975030422210693e-01
4.579263329505920410e-01
-2.261492013931274414e-01
7.955307960510253906e-01
-1.040737152099609375e+00
-2.359332293272018433e-01
-8.963790535926818848e-01
-1.625413149595260620e-01
-1.628955602645874023e-01
-3.632199950516223907e-04
5.115584135055541992e-01
2.647280991077423096e-01
2.038556635379791260e-01
-3.025026526302099228e-03
2.580770850181579590e-01
1.412804722785949707e-01
4.985311329364776611e-01
2.756806313991546631e-01
1.453201770782470703e-01
-8.002365380525588989e-02
2.958805263042449951e-01
8.400428295135498047e-02
1.952892690896987915e-01
1.551355719566345215e-01
4.637054353952407837e-02
-1.528477109968662262e-02
6.341906785964965820e-01
9.300910234451293945e-01
-1.623916029930114746e-01
1.325609087944030762e-01
-1.503461450338363647e-01
2.658886611461639404e-01
4.968194961547851562e-01
-1.100751876831054688e+00
-1.904505640268325806e-01
-7.938156127929687500e-01
-1.060774400830268860e-01
4.325036332011222839e-02
-3.569927439093589783e-02
3.049839437007904053e-01
-3.558815419673919678e-01
-2.641260996460914612e-02
-7.008805871009826660e-02
5.592337846755981445e-01
6.342505216598510742e-01
2.568818628787994385e-01
-1.443821005523204803e-02
8.385161310434341431e-02
2.134407609701156616e-01
-7.479599118232727051e-02
8.552914857864379883e-02
2.199435532093048096e-01
7.587481290102005005e-02
1.728083565831184387e-02
4.071977138519287109e-01
-1.620167866349220276e-02
4.609442129731178284e-02
9.710247814655303955e-02
1.049313843250274658e-01
-1.587643921375274658e-01
-4.276430308818817139e-01
2.380444556474685669e-01
5.771047621965408325e-02
-8.994495868682861328e-02
-8.443897962570190430e-02
-3.788039833307266235e-02
-4.971847310662269592e-02
-1.663720905780792236e-01
6.784088164567947388e-02
6.977497041225433350e-02
-2.131808400154113770e-01
1.292851269245147705e-01
2.017740905284881592e-01
7.012742757797241211e-01
-8.919472694396972656e-01
-6.415697932243347168e-01
-6.674360036849975586e-01
-4.796635732054710388e-02
7.701827585697174072e-02
3.769541680812835693e-01
1.695723980665206909e-01
1.202917993068695068e-01
7.459247112274169922e-02
2.548858523368835449e-01
1.003366187214851379e-01
1.556265503168106079e-01
3.029665052890777588e-01
1.458255499601364136e-01
4.597601667046546936e-02
2.312539070844650269e-01
-1.526152491569519043e-01
-7.247097324579954147e-03
4.729585349559783936e-02
-3.173647448420524597e-02
-9.141013026237487793e-03
-3.333956934511661530e-03
1.295131742954254150e-01
-1.069685742259025574e-01
8.713127672672271729e-02
-3.631027787923812866e-02
3.165214359760284424e-01
7.963465452194213867e-01
-6.143721342086791992e-01
-4.180226624011993408e-01
-6.915479898452758789e-01
-4.093274176120758057e-01
-3.663209825754165649e-02
3.483989536762237549e-01
-3.206125497817993164e-01
2.846206128597259521e-01
4.479791820049285889e-01
1.005309820175170898e+00
8.983123302459716797e-02
4.358313977718353271e-01
2.520275712013244629e-01
3.409756124019622803e-01
6.466665863990783691e-02
6.993266940116882324e-01
-1.092766642570495605e+00
1.995220929384231567e-01
1.000825762748718262e-01
-1.608013659715652466e-01
-3.005463778972625732e-01
1.950177103281021118e-01
3.246255517005920410e-01
5.074576139450073242e-01
8.616420626640319824e-02
1.512232124805450439e-01
2.390279620885848999e-01
3.386147618293762207e-01
1.263469904661178589e-01
-1.160327568650245667e-01
-2.849596440792083740e-01
1.959054619073867798e-01
1.673141717910766602e-01
5.096517205238342285e-01
-6.009015440940856934e-01
-5.498651880770921707e-03
9.938910603523254395e-02
-8.277741074562072754e-02
2.417670339345932007e-01
6.264570951461791992e-01
-5.177995562553405762e-01
-7.255660891532897949e-01
-2.538318634033203125e-01
-5.103384852409362793e-01
-2.771230041980743408e-02
-2.160084396600723267e-01
1.328856796026229858e-01
4.369545578956604004e-01
2.863067090511322021e-01
4.232754409313201904e-01
-1.045736148953437805e-01
1.586995124816894531e-01
3.007577061653137207e-01
-5.335793644189834595e-02
2.500214278697967529e-01
2.588804960250854492e-01
2.731168866157531738e-01
-1.157309859991073608e-01
2.722308337688446045e-01
3.975188136100769043e-01
5.265871528536081314e-03
1.275170743465423584e-01
1.000050902366638184e-01
2.242433875799179077e-01
-4.085664153099060059e-01
-4.156636893749237061e-01
1.243144720792770386e-01
7.793476581573486328e-01
-9.454220533370971680e-01
-3.127908408641815186e-01
-1.119225174188613892e-01
-4.884458780288696289e-01
-1.098032072186470032e-01
-2.405502200126647949e-01
3.638907670974731445e-01
4.398165345191955566e-01
-2.312416285276412964e-01
6.417251229286193848e-01
2.344807088375091553e-01
-2.891131043434143066e-01
6.358321756124496460e-02
3.729124367237091064e-01
3.504027724266052246e-01
3.537821024656295776e-02
-2.087820768356323242e-01
6.608456838876008987e-03
4.004992544651031494e-01
4.385534226894378662e-01
2.922602593898773193e-01
1.155058741569519043e-01
2.568251788616180420e-01
-6.932031363248825073e-02
2.294938564300537109e-01
2.845794856548309326e-01
3.819825127720832825e-02
1.107906922698020935e-03
-9.457883983850479126e-02
1.813426166772842407e-01
4.156793057918548584e-01
1.190042197704315186e-01
-1.812113076448440552e-01
-1.642750054597854614e-01
2.944539859890937805e-02
6.428965330123901367e-01
-9.290378093719482422e-01
-4.199064373970031738e-01
-8.226000666618347168e-01
-4.156532585620880127e-01
-2.407481372356414795e-01
-2.992927730083465576e-01
4.457913935184478760e-01
4.543365910649299622e-03
-5.862402543425559998e-02
1.311758067458868027e-03
1.305245637893676758e+00
7.572461366653442383e-01
1.307477243244647980e-03
1.283928275108337402e+00
3.932883441448211670e-01
9.239998646080493927e-03
