-2.386820763349533081e-01
6.770010590553283691e-01
-1.222383454442024231e-01
-8.306286334991455078e-01
4.654937982559204102e-01
5.893641114234924316e-01
-1.032689690589904785e+00
-7.510902285575866699e-01
4.756836891174316406e-01
5.472256541252136230e-01
-5.082903504371643066e-01
2.048818580806255341e-02
-4.065242707729339600e-01
3.534876704216003418e-01
-2.952637672424316406e-01
-2.029499411582946777e-01
-6.681833267211914062e-01
-4.180169403553009033e-01
2.170733958482742310e-01
-6.015611886978149414e-01
5.804517120122909546e-02
-6.350074410438537598e-01
1.181789636611938477e-01
2.171079963445663452e-01
3.265728354454040527e-01
-2.663551568984985352e-01
1.763766109943389893e-01
1.280055403709411621e+00
9.832714796066284180e-01
-1.009580343961715698e-01
1.493814468383789062e+00
-7.408720254898071289e-01
-2.563286066055297852e+00
1.427213072776794434e+00
-5.219119787216186523e-01
-3.001631796360015869e-01
-4.495905041694641113e-01
-8.010287284851074219e-01
-3.622299060225486755e-02
1.597701430320739746e+00
6.306422352790832520e-01
-1.147645115852355957e+00
-3.846527934074401855e-01
3.239938616752624512e-01
-8.489695191383361816e-02
-1.237729191780090332e+00
-1.460804581642150879e+00
6.167500615119934082e-01
-1.441966295242309570e-01
1.781821399927139282e-01
1.204697847366333008e+00
-5.302699208259582520e-01
-7.260487675666809082e-01
1.439511895179748535e+00
1.375016719102859497e-01
-1.561421900987625122e-01
-1.171405434608459473e+00
9.812113642692565918e-02
5.515855923295021057e-02
-7.134099602699279785e-01
7.546326518058776855e-01
8.120602965354919434e-01
4.159898161888122559e-01
1.600288450717926025e-01
-1.123326897621154785e+00
2.199681252241134644e-01
6.975358128547668457e-01
1.478775590658187866e-01
1.549667418003082275e-01
-2.739547491073608398e-01
4.984317719936370850e-01
-8.597892522811889648e-02
-5.196890234947204590e-01
6.811427474021911621e-01
-3.938827514648437500e-01
-6.536938548088073730e-01
-2.919111549854278564e-01
-5.431933403015136719e-01
-1.979411393404006958e-01
3.329297602176666260e-01
2.263728529214859009e-01
4.317178130149841309e-01
-7.929624319076538086e-01
2.689340710639953613e-01
-1.258637290447950363e-02
-8.302837014198303223e-01
-5.954565405845642090e-01
5.223962068557739258e-01
-1.288950257003307343e-02
-3.499822318553924561e-01
-4.473397433757781982e-01
-7.506556063890457153e-02
-8.070541024208068848e-01
-7.988256216049194336e-01
1.102727413177490234e+00
2.946927845478057861e-01
-4.477883130311965942e-02
-1.381073445081710815e-01
1.368007421493530273e+00
-6.982173919677734375e-01
6.139827370643615723e-01
-1.835240840911865234e+00
9.605571031570434570e-01
1.456288695335388184e+00
-2.794553339481353760e-01
3.398949205875396729e-01
-5.659747123718261719e-01
-2.327200472354888916e-01
2.205588966608047485e-01
-2.345551699399948120e-01
-7.468507438898086548e-02
7.191147655248641968e-02
9.495221823453903198e-02
9.276192635297775269e-02
4.142973423004150391e-01
-5.484772920608520508e-01
2.892932593822479248e-01
-7.622554302215576172e-01
2.582733929157257080e-01
7.646837234497070312e-01
4.751247763633728027e-01
-1.006217718124389648e+00
1.435430794954299927e-01
-6.363607645034790039e-01
-6.565215587615966797e-01
1.146221637725830078e+00
-7.129888534545898438e-01
-3.065400123596191406e-01
4.097769036889076233e-02
-6.501371264457702637e-01
-9.951192736625671387e-01
2.460823766887187958e-02
2.237849682569503784e-01
6.991427391767501831e-02
-1.744559407234191895e-01
5.713544487953186035e-01
2.204750329256057739e-01
-2.150322943925857544e-01
-6.663741469383239746e-01
3.208293616771697998e-01
-1.455200165510177612e-01
6.156782619655132294e-03
8.368843793869018555e-01
-1.047210209071636200e-02
6.630445718765258789e-01
-2.386014461517333984e-01
1.063758611679077148e+00
4.122532606124877930e-01
-1.367095351219177246e+00
3.138161897659301758e-01
5.925702452659606934e-01
3.058052062988281250e-02
-1.068439960479736328e+00
-1.824191659688949585e-01
6.964852800592780113e-04
-7.634395360946655273e-01
-2.843509614467620850e-01
2.462017238140106201e-01
-8.943211436271667480e-01
7.861349582672119141e-01
3.208274394273757935e-02
-1.548956781625747681e-01
1.186551094055175781e+00
-1.623850166797637939e-01
-5.396659970283508301e-01
-8.619671463966369629e-01
1.135493874549865723e+00
-5.712558627128601074e-01
-1.387012004852294922e-01
4.406252205371856689e-01
-1.571679413318634033e-01
-5.048961043357849121e-01
2.592762410640716553e-01
-5.114074349403381348e-01
1.162174224853515625e+00
6.435853838920593262e-01
1.299918740987777710e-01
2.693029940128326416e-01
-3.931511640548706055e-01
-4.440525174140930176e-01
-5.336944460868835449e-01
-1.579593271017074585e-01
1.195023059844970703e+00
-4.892917275428771973e-01
-1.908025890588760376e-01
1.626702100038528442e-01
-7.331531047821044922e-01
1.301196217536926270e+00
-9.098643064498901367e-01
-4.864612519741058350e-01
1.290153741836547852e+00
5.603251457214355469e-01
-3.603366017341613770e-01
-6.558445096015930176e-01
1.013349890708923340e-01
8.169551938772201538e-02
-2.416660487651824951e-01
-5.227652192115783691e-01
-7.115543484687805176e-01
2.784063220024108887e-01
-9.022622555494308472e-02
1.116184234619140625e+00
-4.983417987823486328e-01
-1.037362575531005859e+00
2.620120942592620850e-01
5.960159376263618469e-02
-3.162152171134948730e-01
8.371816277503967285e-01
-4.735378324985504150e-01
-9.388389587402343750e-01
2.482845306396484375e+00
-6.746629476547241211e-01
-1.455479621887207031e+00
-4.330434501171112061e-01
1.248658180236816406e+00
6.268191337585449219e-01
-1.607368588447570801e+00
9.492335915565490723e-01
5.596668720245361328e-01
5.705652832984924316e-01
1.338289737701416016e+00
-1.667333722114562988e+00
2.990473508834838867e-01
-9.883921742439270020e-01
-1.098502635955810547e+00
3.876427710056304932e-01
-2.987588346004486084e-01
-8.011830449104309082e-01
-5.618860721588134766e-01
6.948690861463546753e-02
4.042451828718185425e-02
-2.173014581203460693e-01
3.833912014961242676e-01
2.014423131942749023e+00
-1.479037165641784668e+00
-7.771597504615783691e-01
1.281834125518798828e+00
-1.166496038436889648e+00
5.940721035003662109e-01
1.120752215385437012e+00
-1.214174747467041016e+00
1.886982679367065430e+00
5.408374667167663574e-01
-2.775255441665649414e+00
1.136569753289222717e-01
6.298488974571228027e-01
-6.237957477569580078e-01
-9.823587536811828613e-01
-1.154654145240783691e+00
-5.379023551940917969e-01
6.620096564292907715e-01
-2.610769271850585938e-01
-4.851735234260559082e-01
-1.547722101211547852e+00
-4.476619362831115723e-01
9.196459054946899414e-01
-3.625725507736206055e-01
8.324398994445800781e-01
-1.744214594364166260e-01
1.101661443710327148e+00
-1.592824459075927734e-01
-1.399141311645507812e+00
-7.070043683052062988e-01
1.054155349731445312e+00
4.671555384993553162e-02
2.466312497854232788e-01
-8.822125792503356934e-01
3.147716820240020752e-01
9.676609635353088379e-01
-8.364178538322448730e-01
-1.606424599885940552e-01
1.075321078300476074e+00
-7.101343870162963867e-01
-8.045922964811325073e-03
5.288859009742736816e-01
-4.473091959953308105e-01
2.530299499630928040e-02
-6.165052056312561035e-01
-1.477359414100646973e+00
3.514381349086761475e-01
1.106191515922546387e+00
-5.603840947151184082e-01
-1.242024540901184082e+00
-1.737474054098129272e-01
1.770929217338562012e+00
5.941835790872573853e-02
-1.209860205650329590e+00
1.000228285789489746e+00
1.084120273590087891e+00
3.055146038532257080e-01
1.186114788055419922e+00
-1.537664890289306641e+00
-1.363090753555297852e+00
-6.163166090846061707e-02
9.746147394180297852e-01
-1.682301312685012817e-01
-4.185158908367156982e-01
-6.085054874420166016e-01
-9.705848991870880127e-02
-3.734823316335678101e-02
-4.091233611106872559e-01
-1.334114313125610352e+00
5.066902637481689453e-01
8.905203938484191895e-01
-8.196036517620086670e-02
2.752437889575958252e-01
-6.565606594085693359e-01
5.669637322425842285e-01
-4.250133037567138672e-01
7.315472960472106934e-01
1.807830929756164551e-01
-2.804014682769775391e-01
-7.692676782608032227e-01
7.207074165344238281e-01
-9.441548585891723633e-01
1.090622067451477051e+00
1.300075929611921310e-02
-6.004038453102111816e-01
-1.438690900802612305e+00
5.208502411842346191e-01
3.378563821315765381e-01
-1.253539204597473145e+00
1.245881438255310059e+00
-5.769773125648498535e-01
-5.302786827087402344e-01
-5.902459025382995605e-01
4.740374982357025146e-01
-4.887953102588653564e-01
6.877521276473999023e-01
1.719200968742370605e+00
-4.383757114410400391e-01
-4.903797209262847900e-01
2.701763510704040527e-01
1.625630021095275879e+00
4.908457398414611816e-01
-2.246437788009643555e+00
-1.266334056854248047e+00
-7.769160866737365723e-01
-3.145898282527923584e-01
1.340641498565673828e+00
-2.559684514999389648e-01
-1.422500133514404297e+00
4.894589260220527649e-02
6.387698054313659668e-01
4.520846009254455566e-01
1.962443441152572632e-01
-6.329298615455627441e-01
-1.042068675160408020e-01
-5.265315175056457520e-01
3.060450553894042969e-01
1.508696079254150391e-01
-4.489106833934783936e-01
-2.977643311023712158e-01
-3.460923135280609131e-01
9.797007590532302856e-02
8.620543777942657471e-02
-7.238081693649291992e-01
6.511737704277038574e-01
1.254884243011474609e+00
-1.262683153152465820e+00
4.912473559379577637e-01
9.582311511039733887e-01
-6.206319332122802734e-01
5.765689611434936523e-01
-4.937657117843627930e-01
-4.615552127361297607e-01
-6.977126002311706543e-01
1.233831763267517090e+00
1.045809984207153320e+00
-9.066521525382995605e-01
7.276133298873901367e-01
-5.506772920489311218e-02
-8.073413968086242676e-01
-8.567580580711364746e-01
1.520226478576660156e+00
1.442736387252807617e+00
-3.110164403915405273e+00
-1.548357963562011719e+00
-6.043189167976379395e-01
2.274581640958786011e-01
3.621647357940673828e-01
1.461187154054641724e-01
4.023860394954681396e-01
-1.235502585768699646e-01
-1.216677278280258179e-01
1.658027917146682739e-01
8.863245844841003418e-01
7.373652458190917969e-01
-3.304567337036132812e-01
7.351241111755371094e-01
3.100961446762084961e-01
-7.831522226333618164e-01
-4.118412435054779053e-01
-1.256649643182754517e-01
-4.632137715816497803e-01
-1.020967006683349609e+00
2.556775510311126709e-01
7.303965091705322266e-01
-2.218404114246368408e-01
-6.384503841400146484e-01
1.076279520988464355e+00
8.376181125640869141e-01
-1.072111248970031738e+00
-2.674411296844482422e+00
1.204904317855834961e+00
-4.938771948218345642e-02
-1.285330206155776978e-01
-2.988133430480957031e-01
-7.478629350662231445e-01
-3.660122454166412354e-01
5.861012339591979980e-01
1.336144447326660156e+00
-3.467785120010375977e-01
1.190178513526916504e+00
-6.818158030509948730e-01
-2.848629355430603027e-01
-5.508142709732055664e-01
-7.520811259746551514e-02
4.432548210024833679e-02
8.561006188392639160e-01
4.402974620461463928e-02
-9.560372829437255859e-01
-2.545579433441162109e+00
8.295824527740478516e-01
-1.390737652778625488e+00
-2.500242590904235840e-01
-9.648413211107254028e-02
2.259427756071090698e-01
1.128782272338867188e+00
-1.079411029815673828e+00
8.603884279727935791e-02
1.260213375091552734e+00
1.158279478549957275e-01
5.197516679763793945e-01
8.025971055030822754e-01
-1.379216432571411133e+00
-7.977982163429260254e-01
1.794944882392883301e+00
-5.476040840148925781e-01
-1.254013538360595703e+00
8.436635136604309082e-01
-7.370491027832031250e-01
2.201853036880493164e+00
-6.395339965820312500e-02
-7.577570676803588867e-01
1.056040167808532715e+00
-1.422321319580078125e+00
4.307020008563995361e-01
-4.747489690780639648e-01
-8.599935173988342285e-01
4.005621969699859619e-01
-1.209543496370315552e-01
-1.059165358543395996e+00
-2.094156742095947266e-01
-5.368114113807678223e-01
6.388880610466003418e-01
9.539097547531127930e-02
-1.418639868497848511e-01
8.591889142990112305e-01
-1.340490132570266724e-01
-5.464379787445068359e-01
-2.890098690986633301e-01
6.021221280097961426e-01
-7.510094642639160156e-01
-5.015898942947387695e-01
-2.929071187973022461e-01
2.406364828348159790e-01
9.697314500808715820e-01
3.338327705860137939e-01
1.143928170204162598e+00
2.656418085098266602e-01
-1.038822174072265625e+00
-1.639895588159561157e-01
9.922297000885009766e-01
-6.351861357688903809e-01
-1.373865246772766113e+00
-8.378574252128601074e-02
5.023590326309204102e-01
-3.760619461536407471e-01
-1.303128719329833984e+00
-1.210368126630783081e-01
1.157180666923522949e+00
1.071177244186401367e+00
-2.809634506702423096e-01
-3.137893229722976685e-02
5.102466940879821777e-01
1.710055917501449585e-01
1.383244991302490234e-01
-6.525513529777526855e-01
7.385095953941345215e-01
6.135041713714599609e-01
3.827539831399917603e-02
-1.216990590095520020e+00
-4.587395787239074707e-01
-6.886427402496337891e-01
-3.650566637516021729e-01
-5.983646512031555176e-01
-3.829292953014373779e-01
4.492743313312530518e-01
-1.062707066535949707e+00
-5.239481478929519653e-02
1.963279604911804199e+00
-3.147991597652435303e-01
6.589966267347335815e-02
-9.015277028083801270e-01
-2.195541262626647949e-01
9.189288616180419922e-01
4.172649383544921875e-01
-6.949422955513000488e-01
8.231279850006103516e-01
-1.677375137805938721e-01
1.321226209402084351e-01
6.513444185256958008e-01
