-1.320458501577377319e-01
-9.494308382272720337e-02
-4.414343237876892090e-01
-1.362282484769821167e-01
-1.408330798149108887e-01
-8.392383456230163574e-01
6.445248126983642578e-01
2.451796233654022217e-01
-4.014878869056701660e-01
-3.076642751693725586e-01
-8.770199120044708252e-02
4.706578552722930908e-01
-6.451885700225830078e-01
-1.764891892671585083e-01
1.360801219940185547e+00
-4.689133167266845703e-01
-2.324502468109130859e-01
1.963798850774765015e-01
-1.331795193254947662e-02
-8.265758156776428223e-01
-5.480849742889404297e-02
1.252901911735534668e+00
-4.837960600852966309e-01
2.124871909618377686e-01
2.708134055137634277e-01
7.504945993423461914e-01
-4.194001257419586182e-01
1.065938621759414673e-01
-4.124127030372619629e-01
-1.432219296693801880e-01
3.245401978492736816e-01
-7.706403136253356934e-01
-4.338196218013763428e-01
4.238973259925842285e-01
-7.686883211135864258e-01
5.184292793273925781e-01
-6.035505533218383789e-01
2.338633090257644653e-01
-2.819243669509887695e-01
6.021726876497268677e-03
-3.221535980701446533e-01
4.197493791580200195e-01
-3.714648783206939697e-01
1.012362390756607056e-01
4.236119985580444336e-01
-4.841756522655487061e-01
8.273365497589111328e-01
-3.954176902770996094e-01
-6.247568726539611816e-01
1.298836469650268555e+00
-2.676281929016113281e-01
5.845364332199096680e-01
-5.491608977317810059e-01
3.735148906707763672e-01
8.143745660781860352e-01
1.929107308387756348e-01
-8.941791057586669922e-01
-4.988879263401031494e-01
4.835461676120758057e-01
-6.392744779586791992e-01
5.416595339775085449e-01
-4.028345048427581787e-01
1.849111467599868774e-01
-4.986089766025543213e-01
-3.426625728607177734e-01
4.620312154293060303e-01
-6.162165403366088867e-01
4.252079427242279053e-01
-3.131380677223205566e-01
-3.147222995758056641e-01
-5.315515995025634766e-01
6.978463530540466309e-01
1.175771832466125488e+00
-6.901863813400268555e-01
1.162728548049926758e+00
-5.344728827476501465e-01
5.293503403663635254e-01
-3.312506079673767090e-01
2.944077551364898682e-01
4.479622542858123779e-01
-9.757654070854187012e-01
3.430046737194061279e-01
-1.941926956176757812e+00
-2.007961124181747437e-01
-9.472548961639404297e-01
-9.004552662372589111e-02
-3.747918009757995605e-01
8.152688145637512207e-01
2.544595301151275635e-01
-1.929975897073745728e-01
-4.812965691089630127e-01
-3.074627220630645752e-01
2.678582668304443359e-01
-1.527885198593139648e-01
3.612793087959289551e-01
-3.733586370944976807e-01
4.290776550769805908e-01
2.692140936851501465e-01
5.215175747871398926e-01
-3.375415205955505371e-01
-1.308101534843444824e+00
1.081892013549804688e+00
-7.072652578353881836e-01
2.742097973823547363e-01
7.214706540107727051e-01
1.402573473751544952e-02
3.592652976512908936e-01
-2.688430249691009521e-01
-1.606621593236923218e-01
5.905568003654479980e-01
4.614403843879699707e-02
-3.298652470111846924e-01
-2.423315197229385376e-01
1.965632885694503784e-01
-7.503080964088439941e-01
7.147962450981140137e-01
-8.125266432762145996e-01
2.941107153892517090e-01
1.268966197967529297e-01
5.431336816400289536e-03
5.464940518140792847e-02
-1.059159874916076660e+00
2.630888819694519043e-01
-1.283965468406677246e+00
4.620604813098907471e-01
1.259466767311096191e+00
-7.312855720520019531e-01
5.047317966818809509e-02
-2.299744486808776855e-01
2.866402268409729004e-01
8.636043667793273926e-01
4.985610246658325195e-01
-2.768289744853973389e-01
2.615989446640014648e-01
-3.454607129096984863e-01
5.576115250587463379e-01
-9.406264424324035645e-01
-1.250238865613937378e-01
-1.010925412178039551e+00
-4.016407430171966553e-01
2.723272442817687988e-01
-7.691759616136550903e-02
7.734349370002746582e-02
-5.158373117446899414e-01
-1.903967708349227905e-01
6.427871584892272949e-01
9.384905099868774414e-01
1.864021867513656616e-01
4.448448121547698975e-01
7.183778285980224609e-01
-6.887559890747070312e-01
4.081386327743530273e-01
-5.162851214408874512e-01
4.157394915819168091e-02
1.299338042736053467e-01
-2.543454766273498535e-01
1.866870671510696411e-01
-1.176646709442138672e+00
-1.081956982612609863e+00
1.089104190468788147e-01
-3.191418051719665527e-01
3.525121137499809265e-02
1.559159010648727417e-01
6.235664486885070801e-01
8.655366301536560059e-01
-5.218487977981567383e-01
9.854903072118759155e-02
-3.659223318099975586e-01
5.920741558074951172e-01
1.642897725105285645e-01
2.788175269961357117e-02
-4.325165152549743652e-01
5.631198287010192871e-01
-9.288413524627685547e-01
1.290950417518615723e+00
-1.857876628637313843e-01
-5.039259195327758789e-01
3.028168380260467529e-01
-5.009763836860656738e-01
5.771709606051445007e-03
-7.377169132232666016e-01
8.638485074043273926e-01
3.738923072814941406e-01
-5.514211654663085938e-01
-4.612920805811882019e-02
2.311614304780960083e-01
-2.066522389650344849e-01
-4.864285290241241455e-01
8.590973615646362305e-01
2.722584605216979980e-01
4.240655004978179932e-01
-6.953179836273193359e-04
-4.964407086372375488e-01
2.254563271999359131e-01
-7.525559067726135254e-01
6.828125715255737305e-01
-3.660120666027069092e-01
-2.187526971101760864e-01
-3.488605618476867676e-01
2.889092564582824707e-01
6.019884347915649414e-01
-1.161321997642517090e+00
6.361267566680908203e-01
-7.711580395698547363e-01
3.121886253356933594e-01
6.423482894897460938e-01
-1.177988052368164062e-01
6.553479433059692383e-01
-3.725396096706390381e-01
-1.394122242927551270e-01
3.159829415380954742e-03
-5.236925929784774780e-02
5.578396320343017578e-01
-6.805438995361328125e-01
-2.452839612960815430e-01
-3.819916248321533203e-01
-4.359532296657562256e-01
-7.118275761604309082e-01
-9.700252115726470947e-02
3.040685057640075684e-01
-4.237675368785858154e-01
-6.568215489387512207e-01
3.524923324584960938e-01
4.035433828830718994e-01
-5.100405812263488770e-01
2.579438090324401855e-01
6.736666560173034668e-01
-3.294773995876312256e-01
9.940569996833801270e-01
2.095359414815902710e-01
3.616554737091064453e-01
5.468939542770385742e-01
-4.034004174172878265e-03
2.647536993026733398e-01
-6.906544566154479980e-01
-2.849591076374053955e-01
4.501699507236480713e-01
6.768035888671875000e-01
-4.798450469970703125e-01
-5.070386826992034912e-02
-1.383242130279541016e+00
-1.641291975975036621e-01
-4.804078340530395508e-01
3.971731960773468018e-01
-3.552221059799194336e-01
4.584534764289855957e-01
-1.160532593727111816e+00
5.379297733306884766e-01
-8.352342247962951660e-01
3.740268945693969727e-01
-2.515685558319091797e-01
-4.546758532524108887e-01
-1.544171273708343506e-01
-2.167727202177047729e-01
-1.644937992095947266e-01
3.417893946170806885e-01
1.949930563569068909e-03
8.620036244392395020e-01
-3.025716170668601990e-02
4.742035865783691406e-01
-9.154388308525085449e-01
-3.170723021030426025e-01
9.457081556320190430e-02
-3.373808860778808594e-01
8.271547406911849976e-02
-3.351303339004516602e-01
3.335122019052505493e-02
6.403263807296752930e-01
-8.336135745048522949e-02
4.273368120193481445e-01
-6.494671702384948730e-01
5.432386994361877441e-01
-4.592586457729339600e-01
-3.847346007823944092e-01
1.567937135696411133e-01
-4.351797401905059814e-01
7.306267619132995605e-01
4.021440744400024414e-01
2.476681023836135864e-02
4.768472909927368164e-01
1.335771288722753525e-02
5.178008079528808594e-01
-6.267359852790832520e-01
5.634423494338989258e-01
-3.661769032478332520e-01
-6.901619434356689453e-01
9.688177704811096191e-02
5.086711645126342773e-01
3.728827536106109619e-01
-5.551660656929016113e-01
-1.167721524834632874e-01
-6.671990156173706055e-01
-8.636844754219055176e-01
6.533384919166564941e-01
-1.036536335945129395e+00
3.461058437824249268e-01
-5.275387763977050781e-01
1.022714376449584961e+00
-3.827600777149200439e-01
-1.549953371286392212e-01
1.330574303865432739e-01
-2.796787321567535400e-01
1.222632288932800293e+00
-1.094035983085632324e+00
2.457282841205596924e-01
-4.489265680313110352e-01
-7.306153178215026855e-01
1.018321514129638672e+00
-3.948725461959838867e-01
1.927514970302581787e-01
9.121985435485839844e-01
-4.677854478359222412e-01
8.519698381423950195e-01
-4.869024753570556641e-01
3.264244496822357178e-01
1.904663294553756714e-01
1.200408190488815308e-01
-3.730181157588958740e-01
-5.329104065895080566e-01
-2.348530143499374390e-01
-1.308601535856723785e-02
1.351394504308700562e-01
3.461364805698394775e-01
-1.152912616729736328e+00
-4.453646838665008545e-01
-8.378070592880249023e-02
4.356926381587982178e-01
-3.954897820949554443e-02
2.434426732361316681e-02
4.681666791439056396e-01
-8.350675106048583984e-01
5.613629817962646484e-01
1.909164935350418091e-01
6.771540641784667969e-01
-2.430672198534011841e-01
-7.091749310493469238e-01
1.661390662193298340e-01
2.865776419639587402e-01
1.142817810177803040e-01
4.833420515060424805e-01
-4.225164353847503662e-01
5.238952636718750000e-01
-8.698672056198120117e-01
-1.674660593271255493e-01
5.126866698265075684e-01
-7.306552529335021973e-01
-6.371088624000549316e-01
4.443564414978027344e-01
-8.161746859550476074e-01
-2.756027579307556152e-01
6.840679645538330078e-01
6.408153176307678223e-01
-9.502676129341125488e-02
-4.333674609661102295e-01
-9.186342358589172363e-02
9.856636524200439453e-01
-4.946509748697280884e-02
-5.922214593738317490e-03
4.360052645206451416e-01
3.783934712409973145e-01
-2.730543725192546844e-02
-3.812820836901664734e-02
-1.768092811107635498e-01
-5.429732203483581543e-01
8.803456276655197144e-02
-6.217238903045654297e-01
-2.455483824014663696e-01
5.651710033416748047e-01
-1.111741214990615845e-01
7.914783954620361328e-01
-1.101266518235206604e-01
5.594161748886108398e-01
5.069267936050891876e-03
-3.061298727989196777e-01
-2.138844579458236694e-01
-3.092389553785324097e-02
1.242388859391212463e-01
-4.123947024345397949e-01
2.322507053613662720e-01
-1.317729204893112183e-01
-3.927672803401947021e-01
2.660771831870079041e-02
7.826889753341674805e-01
1.832104772329330444e-01
-2.551316097378730774e-02
-5.898505449295043945e-02
-3.596020042896270752e-01
6.178236752748489380e-02
-2.796957492828369141e-01
-2.694587409496307373e-01
9.742491841316223145e-01
6.236307621002197266e-01
-2.698192298412322998e-01
-4.656952247023582458e-02
-6.344336271286010742e-01
-1.223665922880172729e-01
7.038315534591674805e-01
4.343981742858886719e-01
-3.864489868283271790e-02
1.058506146073341370e-01
-8.438919782638549805e-01
-3.957610577344894409e-02
-1.066527485847473145e+00
-3.117349743843078613e-01
-1.719013899564743042e-01
4.663860797882080078e-01
4.963953793048858643e-01
-3.035943806171417236e-01
-5.169211030006408691e-01
-4.107500240206718445e-02
-1.934564709663391113e-01
-3.305739909410476685e-02
4.940494000911712646e-01
2.454035133123397827e-01
6.190561652183532715e-01
-5.353472828865051270e-01
-1.203806996345520020e-01
-3.584317862987518311e-01
4.992156922817230225e-01
-1.099861040711402893e-02
-3.769168257713317871e-01
2.958201169967651367e-01
9.419015794992446899e-02
2.011949717998504639e-01
-2.794284000992774963e-02
1.615633964538574219e-01
-3.021885752677917480e-01
2.204472869634628296e-01
1.125931367278099060e-01
-5.148450136184692383e-01
-9.682644903659820557e-02
-3.684531152248382568e-01
-5.620227456092834473e-01
1.104923367500305176e+00
-7.837466597557067871e-01
2.997599244117736816e-01
-2.077443450689315796e-01
1.206996738910675049e-01
-1.894472390413284302e-01
-7.722451537847518921e-02
3.358637690544128418e-01
3.632295504212379456e-02
-3.217836022377014160e-01
-9.502323716878890991e-02
-1.145122125744819641e-01
2.147315144538879395e-01
-1.440790481865406036e-02
-3.097818493843078613e-01
-2.913557589054107666e-01
7.248944044113159180e-02
3.197881579399108887e-01
-2.058233171701431274e-01
4.541869461536407471e-01
1.267957687377929688e-01
8.065837621688842773e-01
-2.780193984508514404e-01
-3.143678903579711914e-01
5.856274366378784180e-01
4.376418292522430420e-01
-3.740079104900360107e-01
1.741393283009529114e-02
-9.638354182243347168e-02
-1.467320322990417480e-01
-3.143252432346343994e-01
-2.470255494117736816e-01
-2.129996428266167641e-03
1.712919212877750397e-02
-9.198623150587081909e-02
-1.551002562046051025e-01
-3.286009728908538818e-01
-3.682606518268585205e-01
-3.910954892635345459e-01
3.659269511699676514e-01
9.328230023384094238e-01
-4.866932630538940430e-01
-4.032518267631530762e-01
3.608048334717750549e-02
6.106336116790771484e-01
-8.163186162710189819e-02
-5.182492136955261230e-01
-9.106375277042388916e-02
-4.650865197181701660e-01
9.794553369283676147e-02
-1.863974146544933319e-02
5.705434083938598633e-01
3.717636168003082275e-01
-4.416991472244262695e-01
-1.234163567423820496e-01
3.408935964107513428e-01
4.104467332363128662e-01
3.572781756520271301e-02
-2.874508798122406006e-01
2.875914275646209717e-01
-2.134725898504257202e-01
8.149819821119308472e-02
-4.068338572978973389e-01
9.681212157011032104e-02
-2.745531201362609863e-01
-1.414268016815185547e-01
1.104343682527542114e-01
-6.003407761454582214e-02
-8.571567386388778687e-02
5.706284642219543457e-01
-1.212647318840026855e+00
-1.792490109801292419e-02
3.500404059886932373e-01
4.174783229827880859e-01
5.242559313774108887e-01
-4.610793888568878174e-01
8.033636957406997681e-02
-1.012302041053771973e-01
-4.591625332832336426e-01
-8.949283510446548462e-02
