-1.255840420722961426e+00
-5.057107806205749512e-01
-2.807093262672424316e-01
-5.140792131423950195e-01
1.960011720657348633e-01
1.713778376579284668e+00
6.708952784538269043e-01
9.049168229103088379e-02
2.498141378164291382e-01
-3.184073269367218018e-01
-4.381186068058013916e-01
-9.300970286130905151e-02
1.251800805330276489e-01
1.198747828602790833e-01
-2.631347477436065674e-01
1.443078219890594482e-01
5.300600528717041016e-01
8.185110241174697876e-02
1.730206459760665894e-01
-6.503476202487945557e-02
-5.507144331932067871e-01
-3.090335428714752197e-01
-1.089365720748901367e+00
-4.535254091024398804e-02
3.017548322677612305e-01
6.792849302291870117e-01
1.087598562240600586e+00
3.099541068077087402e-01
7.003727555274963379e-02
-7.620005607604980469e-01
-2.570454478263854980e-01
-2.586467266082763672e-01
5.293948054313659668e-01
7.093078494071960449e-01
-8.377107232809066772e-02
4.497665464878082275e-01
4.716441035270690918e-01
5.897966623306274414e-01
2.499877959489822388e-01
2.028011083602905273e-01
1.366616692394018173e-02
5.532034039497375488e-01
-4.329136610031127930e-01
-3.035550415515899658e-01
3.422933518886566162e-01
-8.943855017423629761e-02
6.837387382984161377e-02
2.459299564361572266e-01
-3.884605765342712402e-01
2.583964467048645020e-01
-4.091369211673736572e-01
-1.605048179626464844e-01
-5.676593631505966187e-02
3.533714115619659424e-01
-5.535738468170166016e-01
-2.895471155643463135e-01
8.109955489635467529e-02
3.999341726303100586e-01
-2.919445633888244629e-01
-2.884569466114044189e-01
-5.022032260894775391e-01
-5.144220590591430664e-01
-1.603973209857940674e-01
5.134975314140319824e-01
4.249548614025115967e-01
8.392223715782165527e-01
-4.156041517853736877e-02
-2.893939428031444550e-02
5.900738388299942017e-02
-1.355255097150802612e-01
-7.300880970433354378e-04
3.177107870578765869e-01
7.723991293460130692e-03
-1.323264688253402710e-01
1.353456377983093262e-01
6.536645293235778809e-01
6.399611234664916992e-01
6.422407627105712891e-01
5.119900107383728027e-01
3.503099977970123291e-01
-7.649736106395721436e-02
3.821148574352264404e-01
-1.806773617863655090e-02
6.509994715452194214e-02
2.455055713653564453e-01
2.744869589805603027e-01
3.261660039424896240e-01
2.685902416706085205e-01
-6.070163846015930176e-01
-3.044230341911315918e-01
-5.082733035087585449e-01
8.993125706911087036e-02
-2.214716002345085144e-02
-1.095715165138244629e+00
-2.081403732299804688e-01
-4.760946631431579590e-01
1.890042126178741455e-01
1.569582819938659668e-01
1.034656465053558350e-01
-5.022529363632202148e-01
5.494573116302490234e-01
4.729665815830230713e-01
5.721619129180908203e-01
1.445847004652023315e-02
5.032587051391601562e-01
1.353877037763595581e-01
2.439148575067520142e-01
3.785323500633239746e-01
-1.579359918832778931e-01
2.308767586946487427e-01
1.224979758262634277e-01
-4.801437854766845703e-01
-8.155728131532669067e-02
1.611144840717315674e-01
8.965508639812469482e-02
-3.790698647499084473e-01
-3.652961552143096924e-01
2.672964707016944885e-02
3.989921212196350098e-01
-3.588138818740844727e-01
8.777897953987121582e-01
2.520392462611198425e-02
2.288327515125274658e-01
-1.635253280401229858e-01
-2.147438526153564453e-01
1.053589209914207458e-01
-1.964706033468246460e-01
-6.169306635856628418e-01
-1.904862076044082642e-01
-3.179491311311721802e-02
-1.420403420925140381e-01
5.766080021858215332e-01
1.769637316465377808e-01
1.127660721540451050e-01
4.380659162998199463e-01
6.857759952545166016e-01
3.184606730937957764e-01
2.653269767761230469e-01
4.382938444614410400e-01
3.838566541671752930e-01
5.355822443962097168e-01
-9.204696118831634521e-02
-5.729593038558959961e-01
-5.071396231651306152e-01
-5.367735028266906738e-01
-3.521053791046142578e-01
3.965717926621437073e-02
2.860579639673233032e-02
-1.159084141254425049e-01
-5.587816238403320312e-02
-2.137530595064163208e-01
1.820561289787292480e-01
1.468113511800765991e-01
3.204614222049713135e-01
-1.964052319526672363e-01
1.697916984558105469e-01
2.159924060106277466e-01
4.998084306716918945e-01
-5.583820119500160217e-02
4.979106187820434570e-01
2.140756100416183472e-01
-2.101797163486480713e-01
-2.151534855365753174e-01
-3.734446167945861816e-01
1.319144666194915771e-02
5.994095206260681152e-01
-2.646199166774749756e-01
-1.121142208576202393e-01
2.011405117809772491e-02
-1.029348373413085938e-01
3.483674302697181702e-02
-5.153355598449707031e-01
5.066506862640380859e-01
-4.486031830310821533e-01
4.181822538375854492e-01
1.896132826805114746e-01
6.840968132019042969e-01
-8.973005414009094238e-02
1.594932824373245239e-01
1.106657758355140686e-01
-8.784073591232299805e-01
2.865374647080898285e-02
2.149277925491333008e-01
2.365436032414436340e-02
-8.524263501167297363e-01
-7.893097400665283203e-01
-3.663620650768280029e-01
9.334629774093627930e-01
7.747124414891004562e-03
6.490110754966735840e-01
2.624352276325225830e-01
-2.333539873361587524e-01
-4.183019399642944336e-01
3.021129667758941650e-01
3.377035260200500488e-01
6.418761014938354492e-01
2.219591289758682251e-01
4.393589794635772705e-01
2.586062848567962646e-01
3.917153179645538330e-02
1.687593162059783936e-01
-2.995241992175579071e-02
3.084386587142944336e-01
-3.635077476501464844e-01
-5.572130680084228516e-01
-5.635033249855041504e-01
-5.885615348815917969e-01
-6.939950585365295410e-01
-1.272476613521575928e-01
-4.566804468631744385e-01
7.180626690387725830e-02
1.584858179092407227e+00
1.086732029914855957e+00
-4.248450696468353271e-01
-3.703278899192810059e-01
-1.839291602373123169e-01
8.582884073257446289e-02
-8.961351960897445679e-02
5.608195066452026367e-01
1.277021467685699463e-01
4.406407475471496582e-03
7.666854262351989746e-01
3.498296737670898438e-01
6.013287603855133057e-02
3.061904944479465485e-02
2.435706257820129395e-01
3.799519836902618408e-01
-1.798242181539535522e-01
4.666065573692321777e-01
1.050108671188354492e-01
-2.621009051799774170e-01
2.397127896547317505e-01
1.862085759639739990e-01
-3.709065541625022888e-02
-7.105794548988342285e-01
-4.148629307746887207e-01
5.681788921356201172e-01
-1.512394938617944717e-02
-6.058803200721740723e-01
-6.632046103477478027e-01
-5.131281614303588867e-01
-1.719368547201156616e-01
6.352531313896179199e-01
1.921808123588562012e-01
1.565098047256469727e+00
6.506868004798889160e-01
4.590138792991638184e-02
6.893764138221740723e-01
6.680387258529663086e-01
6.401090323925018311e-02
8.128392100334167480e-01
-2.134426683187484741e-01
-8.038333803415298462e-02
-1.219685912132263184e+00
-7.631753683090209961e-01
1.143044158816337585e-01
-5.737242102622985840e-02
-4.120893478393554688e-01
1.603658199310302734e-01
4.552697837352752686e-01
1.449271559715270996e+00
7.021228075027465820e-01
-4.795744717121124268e-01
3.813366591930389404e-01
-7.619218528270721436e-02
4.096208810806274414e-01
5.114228129386901855e-01
2.718563564121723175e-02
-7.884232997894287109e-01
-4.025425016880035400e-01
-1.313925087451934814e-01
1.943446397781372070e-01
-6.519903540611267090e-01
1.251264661550521851e-01
3.909987583756446838e-02
1.817468553781509399e-01
6.098400354385375977e-01
6.887703537940979004e-01
7.371023297309875488e-01
6.690657734870910645e-01
-9.013231843709945679e-02
4.119547009468078613e-01
-6.097755432128906250e-01
-2.521996498107910156e-01
-3.036052286624908447e-01
-3.314698636531829834e-01
-3.385756611824035645e-01
-9.524009376764297485e-02
-2.091987878084182739e-01
-8.141526579856872559e-02
1.100170090794563293e-01
3.830753266811370850e-01
4.872575700283050537e-01
2.358068823814392090e-01
8.004529774188995361e-02
1.081712543964385986e-03
2.567773461341857910e-01
1.008218005299568176e-01
-2.120732367038726807e-01
-4.385722279548645020e-01
-1.413784772157669067e-01
-1.386580914258956909e-01
3.381783962249755859e-01
4.091963469982147217e-01
5.601211190223693848e-01
2.656331658363342285e-01
5.841386318206787109e-01
6.756159663200378418e-01
2.642725408077239990e-01
5.204461216926574707e-01
1.246813014149665833e-01
-5.998425930738449097e-02
-5.596334859728813171e-02
-3.060167841613292694e-02
-4.511523544788360596e-01
-7.983011007308959961e-02
-2.921516299247741699e-01
1.798238754272460938e-01
-3.213072717189788818e-01
-1.745410412549972534e-01
-5.001148581504821777e-02
-4.572671353816986084e-01
2.025196850299835205e-01
-1.469868421554565430e-01
3.342319428920745850e-01
-2.537702023983001709e-01
3.138164430856704712e-02
8.665851503610610962e-02
6.234080195426940918e-01
4.993350207805633545e-01
3.994999527931213379e-01
4.311444461345672607e-01
-6.528243422508239746e-02
-1.224218234419822693e-01
5.723892450332641602e-01
-9.072129614651203156e-05
5.844711661338806152e-01
4.778100252151489258e-01
6.466730237007141113e-01
7.251768112182617188e-01
2.457869648933410645e-01
-6.156021356582641602e-02
-2.893391251564025879e-01
1.502990424633026123e-01
5.072027444839477539e-01
-1.033786296844482422e+00
-9.631401896476745605e-01
-6.771278381347656250e-01
-5.792754888534545898e-01
-1.873625218868255615e-01
-5.482487380504608154e-02
7.227960228919982910e-02
-4.001654088497161865e-01
1.694625169038772583e-01
2.199259996414184570e-01
2.452723085880279541e-01
-1.247437372803688049e-01
-2.119280397891998291e-01
1.643086969852447510e-01
-1.088247746229171753e-01
-1.788519918918609619e-01
2.118298858404159546e-01
2.648795023560523987e-02
1.769518852233886719e-01
1.030547142028808594e+00
5.263296365737915039e-01
4.116942286491394043e-01
5.451661348342895508e-01
1.554220169782638550e-01
5.972453355789184570e-01
7.313526421785354614e-02
5.294675230979919434e-01
-2.349142730236053467e-01
-1.275559812784194946e-01
-1.982871815562248230e-02
-2.275154292583465576e-01
-3.604391217231750488e-01
-5.991727709770202637e-01
-3.331112563610076904e-01
-1.198959201574325562e-01
-3.302334845066070557e-01
-7.387252449989318848e-01
-7.560827136039733887e-01
-1.200815290212631226e-01
-1.334439814090728760e-01
-2.774314880371093750e-01
-1.778076961636543274e-02
1.425776720046997070e+00
-2.385734021663665771e-02
-8.074430823326110840e-01
-6.635963916778564453e-01
-4.236147403717041016e-01
2.702078819274902344e-01
7.956284284591674805e-01
3.617634475231170654e-01
5.200369283556938171e-02
1.372506976127624512e+00
6.910344958305358887e-01
1.201697826385498047e+00
4.488168060779571533e-01
5.434700287878513336e-03
-2.097827494144439697e-01
2.306682914495468140e-01
1.055263653397560120e-01
8.695121109485626221e-02
-7.409977316856384277e-01
-4.224295318126678467e-01
-6.480565667152404785e-02
-2.650216817855834961e-01
-1.941010951995849609e-01
4.157354682683944702e-02
1.486680805683135986e-01
-5.620009899139404297e-01
-1.855626702308654785e-01
-3.290448188781738281e-01
9.298728406429290771e-02
2.266783416271209717e-01
4.798678457736968994e-01
7.726039886474609375e-01
6.302732825279235840e-01
6.679586768150329590e-01
-2.493123523890972137e-02
-7.584605216979980469e-01
-3.738262653350830078e-01
-3.638408482074737549e-01
7.601044774055480957e-01
4.401268661022186279e-01
3.803786635398864746e-02
4.903466105461120605e-01
-5.880076885223388672e-01
8.522841930389404297e-01
1.825731247663497925e-01
2.418078631162643433e-01
-1.933756172657012939e-01
5.001686140894889832e-02
-2.669168710708618164e-01
3.534302413463592529e-01
-3.126209080219268799e-01
-9.702776074409484863e-01
-3.497880399227142334e-01
-4.409252703189849854e-01
3.353191912174224854e-01
1.666222959756851196e-01
3.238826990127563477e-01
3.737695515155792236e-01
-1.984035372734069824e-01
-3.522626310586929321e-02
-8.493989706039428711e-02
-1.386523544788360596e-01
2.847997248172760010e-01
-5.297738313674926758e-02
-3.488650918006896973e-01
-1.785934567451477051e-01
1.305253710597753525e-02
-1.087376102805137634e-01
6.147124767303466797e-01
8.808785676956176758e-01
1.275273799896240234e+00
4.943135678768157959e-01
-2.573004662990570068e-01
-3.926129639148712158e-01
4.813610017299652100e-02
1.012375112622976303e-02
1.003131642937660217e-01
-3.492334857583045959e-02
2.210385650396347046e-01
1.371843367815017700e-02
1.536225378513336182e-01
-3.349977433681488037e-01
1.756458580493927002e-01
2.573353350162506104e-01
-7.253091335296630859e-01
5.923987030982971191e-01
-3.052129447460174561e-01
-3.731823265552520752e-01
1.574714332818984985e-01
6.851701438426971436e-02
3.434067070484161377e-01
-7.103606462478637695e-01
1.073764562606811523e-01
2.235742062330245972e-01
7.371678948402404785e-01
2.924999594688415527e-01
-1.879766583442687988e-01
7.410988211631774902e-02
1.487748771905899048e-01
-3.069773912429809570e-01
8.481264859437942505e-02
1.369784176349639893e-01
2.570829391479492188e-01
2.101330757141113281e-01
-2.168493717908859253e-01
5.059561133384704590e-01
2.205414324998855591e-01
-3.232818543910980225e-01
-1.841194480657577515e-01
-2.300855219364166260e-01
1.873928122222423553e-04
2.069613635540008545e-01
1.244259253144264221e-01
2.806976437568664551e-01
2.604987937957048416e-03
3.273938000202178955e-01
-2.848854660987854004e-01
-5.613947659730911255e-02
1.737102866172790527e-01
-6.515552103519439697e-02
-3.469371795654296875e-01
-4.620657861232757568e-02
4.527368545532226562e-01
3.647308349609375000e-01
1.522395759820938110e-01
4.600985050201416016e-01
