-7.240702509880065918e-01
-7.895256578922271729e-02
-4.296568930149078369e-01
2.820300310850143433e-02
-2.231584191322326660e-01
4.234322905540466309e-01
-4.959717020392417908e-02
4.979397356510162354e-01
-2.389772981405258179e-01
-3.946151435375213623e-01
-4.574480652809143066e-01
4.209981560707092285e-01
-3.391186147928237915e-02
4.199714064598083496e-01
3.285524845123291016e-01
7.396753430366516113e-01
4.889602363109588623e-01
5.242235064506530762e-01
4.563926458358764648e-01
8.214856386184692383e-01
8.452272415161132812e-01
2.312681078910827637e-01
-4.147517681121826172e-02
-1.222947984933853149e-01
-2.438285201787948608e-01
-2.682619988918304443e-01
-8.393559455871582031e-01
-6.983535289764404297e-01
-1.377318382263183594e+00
-6.474007964134216309e-01
-4.044434726238250732e-01
-8.164973855018615723e-01
2.103301763534545898e+00
1.004639983177185059e+00
2.824630141258239746e-01
9.726977944374084473e-01
4.706346690654754639e-01
5.971972346305847168e-01
1.264857687056064606e-02
-2.525896206498146057e-02
-3.389727175235748291e-01
4.988211691379547119e-01
8.476546406745910645e-01
3.436984121799468994e-01
7.711331844329833984e-01
1.104366302490234375e+00
5.572345852851867676e-01
1.145577788352966309e+00
-4.631772041320800781e-01
6.680119782686233521e-02
-4.124704897403717041e-01
-9.238330125808715820e-01
1.466276347637176514e-01
-7.854980826377868652e-01
-1.804075539112091064e-01
-2.252885848283767700e-01
-7.009290158748626709e-02
6.203296780586242676e-01
-2.194282263517379761e-01
-2.608801424503326416e-02
-8.233506977558135986e-02
-1.216969847679138184e+00
-2.047834992408752441e-01
-3.108931481838226318e-01
-2.404697090387344360e-01
1.048713922500610352e+00
-5.095002055168151855e-01
5.693378448486328125e-01
-3.027504980564117432e-01
-5.652309581637382507e-02
3.816926777362823486e-01
-4.026204347610473633e-01
3.474241793155670166e-01
-1.863016188144683838e-01
1.041718423366546631e-01
6.021136641502380371e-01
3.784942328929901123e-01
2.688176929950714111e-01
4.001755118370056152e-01
-4.957142472267150879e-01
2.649700045585632324e-01
-5.282003283500671387e-01
-2.190809696912765503e-01
3.483031690120697021e-01
-4.132090508937835693e-01
8.339897394180297852e-01
3.140666484832763672e-01
4.883542060852050781e-01
3.520408868789672852e-01
5.649256706237792969e-01
5.805135369300842285e-01
7.140256762504577637e-01
6.805417537689208984e-01
4.032864272594451904e-01
1.700094491243362427e-01
-2.463433146476745605e-01
-3.066405951976776123e-01
-3.349526822566986084e-01
-9.754838347434997559e-01
-1.954974606633186340e-02
-4.937200248241424561e-01
-1.160191372036933899e-01
6.139975786209106445e-01
-1.287918806076049805e+00
8.823882043361663818e-02
-1.092637330293655396e-01
-4.819226637482643127e-02
5.497878789901733398e-01
-4.318602383136749268e-01
1.114469245076179504e-01
-2.787985801696777344e-01
-2.151459753513336182e-01
-6.522041559219360352e-01
3.328546881675720215e-01
-5.561270117759704590e-01
2.284125983715057373e-01
-1.542358249425888062e-01
-7.264684140682220459e-02
3.919504582881927490e-01
-3.546181023120880127e-01
-2.341219186782836914e-01
2.376842349767684937e-01
2.505412399768829346e-01
-1.657349318265914917e-01
7.596142888069152832e-01
-1.356809493154287338e-02
4.094029664993286133e-01
5.422695279121398926e-01
4.738382995128631592e-01
7.667480111122131348e-01
6.536607146263122559e-01
6.196374893188476562e-01
-2.245340310037136078e-02
-4.432127252221107483e-02
-1.683201491832733154e-01
-2.477538138628005981e-01
-3.958195075392723083e-02
-2.306384146213531494e-01
3.885362446308135986e-01
-2.981294393539428711e-01
-1.405302286148071289e-01
2.245073467493057251e-01
-1.408124119043350220e-01
-1.620479226112365723e-01
-4.106611013412475586e-01
-2.842094600200653076e-01
-3.253431618213653564e-01
-4.971158877015113831e-02
-2.137218713760375977e-01
1.986739486455917358e-01
5.438795778900384903e-04
-4.076060838997364044e-03
5.405468344688415527e-01
3.787181079387664795e-01
3.401003777980804443e-01
1.449298113584518433e-01
7.040517926216125488e-01
-1.271675378084182739e-01
4.965336993336677551e-02
5.056613683700561523e-01
-3.603842556476593018e-01
2.421906590461730957e-01
-3.536854386329650879e-01
2.503492236137390137e-01
-1.325754374265670776e-01
7.735265046358108521e-02
-3.509537503123283386e-02
-7.755449414253234863e-01
3.872045278549194336e-01
-3.495636284351348877e-01
-2.716955840587615967e-01
1.864435672760009766e-01
4.173358157277107239e-02
-3.197438418865203857e-01
3.862857222557067871e-01
-1.073663711547851562e+00
3.046860694885253906e-01
-8.274745345115661621e-01
2.398755252361297607e-01
1.268512725830078125e+00
-1.196481138467788696e-01
9.222750067710876465e-01
-3.275454044342041016e-01
-6.036100387573242188e-01
6.745175719261169434e-01
-5.910069346427917480e-01
2.522618770599365234e-01
-9.168953448534011841e-02
-5.493401885032653809e-01
7.078631967306137085e-02
-4.246378839015960693e-01
-7.824110388755798340e-01
-4.735313951969146729e-01
-3.857172727584838867e-01
5.021911859512329102e-01
-3.656097948551177979e-01
5.805084705352783203e-01
5.453665852546691895e-01
3.174335062503814697e-01
6.136697530746459961e-01
2.126152254641056061e-02
6.363884210586547852e-01
1.515667289495468140e-01
5.231188535690307617e-01
1.973538994789123535e-01
-8.052223920822143555e-02
-3.235200792551040649e-02
-3.211843967437744141e-01
-4.960447251796722412e-01
2.632853388786315918e-01
-9.596454352140426636e-02
-4.851122498512268066e-01
1.474104285240173340e+00
-2.677898108959197998e-01
1.259063363075256348e+00
-4.322415888309478760e-01
5.022761821746826172e-01
2.995328009128570557e-01
-8.952168822288513184e-01
2.325597777962684631e-02
-1.295084357261657715e+00
-5.438134670257568359e-01
-2.837674021720886230e-01
-4.812270998954772949e-01
6.232680678367614746e-01
-3.187241256237030029e-01
7.376944422721862793e-01
6.244316101074218750e-01
9.497030377388000488e-01
8.638222813606262207e-01
4.615654945373535156e-01
-8.202453143894672394e-03
1.538206487894058228e-01
-7.502716183662414551e-01
-1.254446625709533691e+00
6.851115822792053223e-01
-8.681555390357971191e-01
2.313197851181030273e-01
-5.524336099624633789e-01
-7.730019092559814453e-01
-4.945065975189208984e-01
-2.660483121871948242e-01
-9.609033465385437012e-01
1.524107694625854492e+00
1.376294642686843872e-01
2.945729792118072510e-01
2.017721980810165405e-01
2.237618684768676758e+00
1.894373416900634766e+00
7.508378624916076660e-01
9.767107963562011719e-01
2.650589048862457275e-01
1.269165992736816406e+00
5.605939030647277832e-02
1.694418072700500488e+00
-5.356066226959228516e-01
5.656421184539794922e-01
-2.310480773448944092e-01
-1.959441304206848145e-01
1.844734698534011841e-01
-2.314845323562622070e-01
1.556679159402847290e-01
3.639154434204101562e-01
-4.102946445345878601e-02
-3.172456920146942139e-01
-4.542047902941703796e-02
-5.592321753501892090e-01
2.070364803075790405e-01
-8.247435092926025391e-01
-3.327743411064147949e-01
9.004962444305419922e-01
-2.217717170715332031e-01
-3.959034010767936707e-02
9.156726598739624023e-01
1.984898466616868973e-03
5.674781799316406250e-01
4.163736402988433838e-01
-2.784791402518749237e-02
5.696730613708496094e-01
1.673399806022644043e-01
-2.495770901441574097e-01
-1.747974902391433716e-01
-3.103142976760864258e-01
-7.903619855642318726e-02
6.482241302728652954e-02
-6.131428480148315430e-01
-9.113601446151733398e-01
5.224705338478088379e-01
-1.624161005020141602e+00
3.401017189025878906e-01
-6.876706480979919434e-01
7.572663426399230957e-01
6.224918961524963379e-01
1.080601811408996582e+00
-1.352446377277374268e-01
-1.977517008781433105e-01
1.379335075616836548e-01
2.462223917245864868e-02
3.680948615074157715e-01
-8.436110615730285645e-02
8.063727021217346191e-01
-1.298446357250213623e-01
6.858727931976318359e-01
-5.224224328994750977e-01
6.573495268821716309e-01
-3.017668426036834717e-01
8.366771340370178223e-01
-8.369289338588714600e-02
4.537942111492156982e-01
-2.466316968202590942e-01
3.804852366447448730e-01
1.778053119778633118e-02
5.109855532646179199e-01
5.481238365173339844e-01
-1.180893331766128540e-01
2.937760762870311737e-02
-4.710673987865447998e-01
3.080511391162872314e-01
-2.733087353408336639e-02
7.993948459625244141e-01
-3.416301310062408447e-01
3.171963393688201904e-01
5.250713601708412170e-02
5.937935411930084229e-02
1.105693355202674866e-01
3.596955537796020508e-01
1.921817809343338013e-01
-5.745641589164733887e-01
8.857416361570358276e-02
-1.427660107612609863e+00
-2.141616493463516235e-01
8.964876532554626465e-01
-3.746669888496398926e-01
-2.400565892457962036e-01
-3.813014924526214600e-01
9.643647670745849609e-01
5.332568883895874023e-01
1.244857788085937500e+00
-5.361347794532775879e-01
7.897744774818420410e-01
-4.678560197353363037e-01
9.107508063316345215e-01
-9.159566462039947510e-02
9.837024658918380737e-02
6.949249655008316040e-02
-4.506585001945495605e-02
2.166634947061538696e-01
8.833058178424835205e-02
-8.880852162837982178e-02
4.210678040981292725e-01
-5.470930337905883789e-01
5.833244919776916504e-01
-4.174164310097694397e-02
-1.175276413559913635e-01
4.213843047618865967e-01
1.381538659334182739e-01
-1.330091357231140137e-01
5.451784133911132812e-01
-7.942013740539550781e-01
-1.039804339408874512e+00
4.166317582130432129e-01
-1.482701182365417480e+00
2.675777077674865723e-01
-7.236262410879135132e-02
5.558655261993408203e-01
7.946537137031555176e-01
-9.502546489238739014e-02
6.011510491371154785e-01
-9.943712353706359863e-01
-3.500877916812896729e-01
-2.986984550952911377e-01
-4.192703664302825928e-01
8.884049654006958008e-01
-8.632533550262451172e-01
1.282909154891967773e+00
-1.329452991485595703e+00
6.954300403594970703e-01
1.267180800437927246e+00
5.848418474197387695e-01
1.709490537643432617e+00
-4.089475274085998535e-01
-2.081742584705352783e-01
-5.571039319038391113e-01
-7.518123984336853027e-01
-5.371173620223999023e-01
-8.213707208633422852e-01
-7.883965969085693359e-01
-1.028564929962158203e+00
-6.640397310256958008e-01
4.517760500311851501e-02
-6.113072633743286133e-01
3.452339470386505127e-01
-5.575370788574218750e-01
3.938360929489135742e+00
8.793071657419204712e-02
3.433954715728759766e+00
-1.818821877241134644e-01
1.932149529457092285e+00
-6.295928955078125000e-01
1.020877361297607422e+00
-1.830024123191833496e-01
-1.319548189640045166e-01
-4.983532428741455078e-01
3.011031448841094971e-01
2.554994225502014160e-01
-2.452070638537406921e-02
6.056020259857177734e-01
-4.852007031440734863e-01
1.074545621871948242e+00
-1.772975027561187744e-01
7.521265149116516113e-01
-4.227943718433380127e-01
1.896744668483734131e-01
-1.743018180131912231e-01
-2.825167179107666016e-01
5.443289875984191895e-01
-3.554457053542137146e-02
5.297915339469909668e-01
-1.836588978767395020e-01
-1.981822401285171509e-01
3.978705108165740967e-01
5.383274555206298828e-01
1.207507252693176270e+00
8.323145508766174316e-01
-9.140663594007492065e-02
9.237565994262695312e-01
-4.658498466014862061e-01
2.219368070363998413e-01
-4.490104317665100098e-01
-5.638368129730224609e-01
-2.520655691623687744e-01
-1.235353708267211914e+00
-1.257188677787780762e+00
1.825751662254333496e-01
-6.427471637725830078e-01
3.347009420394897461e-01
2.638963460922241211e-01
3.645044565200805664e-01
8.076441287994384766e-02
5.102423429489135742e-01
4.537907838821411133e-01
4.830709472298622131e-02
8.641175031661987305e-01
-1.120840787887573242e+00
1.076849699020385742e+00
-6.820989251136779785e-01
2.453141063451766968e-01
5.078666806221008301e-01
-7.939417660236358643e-02
1.985995024442672729e-01
1.216129899024963379e+00
-3.366446495056152344e-01
1.450169205665588379e+00
5.061818361282348633e-01
-3.586499094963073730e-01
4.964038729667663574e-01
-1.132926940917968750e+00
-5.242301523685455322e-02
-4.148727059364318848e-01
-7.920525074005126953e-01
-6.471857428550720215e-03
-1.431274563074111938e-01
1.400292813777923584e-01
-1.592316180467605591e-01
8.761734366416931152e-01
2.918129265308380127e-01
3.877566754817962646e-01
-3.883188962936401367e-01
-6.790617704391479492e-01
-1.138676553964614868e-01
-2.886814177036285400e-01
1.179167330265045166e-01
4.125507771968841553e-01
4.028445109724998474e-02
3.000011444091796875e-01
1.266697764396667480e+00
6.742997765541076660e-01
6.011617183685302734e-01
-9.098590351641178131e-03
7.670631259679794312e-02
-1.286572515964508057e-01
-5.121785402297973633e-01
-3.977230787277221680e-01
-8.366232514381408691e-01
-2.081357836723327637e-01
-8.146179318428039551e-01
-2.548026144504547119e-01
-7.229164242744445801e-01
1.280800811946392059e-02
-6.544095873832702637e-01
-1.589967161417007446e-01
-2.294878512620925903e-01
-4.364974796772003174e-02
6.405177712440490723e-01
6.235636472702026367e-01
1.542883038520812988e+00
8.895568847656250000e-01
1.902339816093444824e+00
8.227180838584899902e-01
4.105753600597381592e-01
1.670056134462356567e-01
-1.057334303855895996e+00
-5.409588813781738281e-01
-9.489102959632873535e-01
2.040096372365951538e-01
5.918154865503311157e-02
2.821862995624542236e-01
-5.461685061454772949e-01
-2.389568388462066650e-01
-6.090673431754112244e-02
-4.488401412963867188e-01
1.405550688505172729e-01
-3.089103698730468750e-01
