-1.057226181030273438e+00
-5.920439362525939941e-01
-5.780731439590454102e-01
-9.160604476928710938e-01
-7.752137780189514160e-01
-3.121159374713897705e-01
-6.278449296951293945e-02
2.339607179164886475e-01
-5.229732021689414978e-02
1.100010424852371216e-01
-1.244146842509508133e-02
5.489656329154968262e-01
-4.867504835128784180e-01
1.630740761756896973e-01
-4.888978600502014160e-02
2.095264345407485962e-01
-3.289624750614166260e-01
1.251323372125625610e-01
4.489880800247192383e-01
2.643776535987854004e-01
-1.427497267723083496e-01
3.195654451847076416e-01
5.732859298586845398e-02
5.362693667411804199e-01
-2.470724470913410187e-02
1.267111003398895264e-01
-2.685317993164062500e-01
3.290524706244468689e-02
-8.551866412162780762e-01
1.593262404203414917e-01
-5.757434964179992676e-01
3.839170038700103760e-01
-3.609775304794311523e-01
6.444760560989379883e-01
-3.634508550167083740e-01
1.385512471199035645e+00
9.954155236482620239e-02
5.696566104888916016e-01
4.498423337936401367e-01
1.141926527023315430e+00
1.368551492691040039e+00
-1.045994013547897339e-01
1.558878421783447266e-01
4.375128448009490967e-01
5.045917034149169922e-01
-3.058685660362243652e-01
-8.445765972137451172e-01
-2.642254829406738281e-01
-3.408024013042449951e-01
-1.108012795448303223e+00
-2.847263813018798828e-01
-1.240114331245422363e+00
1.718002915382385254e+00
3.385753631591796875e-01
2.967337965965270996e-01
8.058257102966308594e-01
9.680022001266479492e-01
3.728258013725280762e-01
2.366242110729217529e-01
-2.616446614265441895e-01
-1.220797076821327209e-01
-4.871584847569465637e-02
-4.249981939792633057e-01
-7.201849222183227539e-01
1.401599030941724777e-03
-3.638826310634613037e-02
-4.425671696662902832e-01
-3.129428923130035400e-01
4.381107687950134277e-01
-4.974150564521551132e-03
-9.482745081186294556e-03
1.792688481509685516e-02
4.908038377761840820e-01
8.080832660198211670e-02
2.684348523616790771e-01
1.016241461038589478e-01
5.356838703155517578e-01
7.204623818397521973e-01
3.524806201457977295e-01
3.698212802410125732e-01
4.881185889244079590e-01
4.263474047183990479e-01
1.599377691745758057e-01
-3.670136630535125732e-02
-2.712281942367553711e-01
-4.694554805755615234e-01
-1.437765955924987793e-01
2.404603958129882812e-01
-5.152368545532226562e-01
2.135684043169021606e-01
6.040913984179496765e-02
1.326682209968566895e+00
3.245867192745208740e-01
-3.938127160072326660e-01
-7.177525758743286133e-02
1.676103919744491577e-01
-1.883781552314758301e-01
-4.651700854301452637e-01
-8.620922565460205078e-01
-4.302342832088470459e-01
1.942946165800094604e-01
-4.722697660326957703e-02
-6.372237801551818848e-01
-4.185805320739746094e-01
2.057653516530990601e-01
-3.625192940235137939e-01
1.234702989459037781e-01
-1.222687363624572754e-01
1.137426853179931641e+00
7.238324284553527832e-01
1.493456363677978516e-01
-7.716438733041286469e-03
7.545730471611022949e-02
6.509582400321960449e-01
1.914008054882287979e-03
-2.724091410636901855e-01
-4.939685761928558350e-01
1.690808236598968506e-01
-2.540529668331146240e-01
-3.815577924251556396e-01
-9.402611851692199707e-02
4.276863932609558105e-01
3.277448415756225586e-01
-4.691043868660926819e-02
2.409139722585678101e-01
6.092181205749511719e-01
3.476687669754028320e-01
-5.153736472129821777e-01
-3.808693587779998779e-01
-5.693729221820831299e-02
-1.324146427214145660e-02
1.279055923223495483e-01
-3.436197638511657715e-01
2.812738716602325439e-02
3.750201314687728882e-02
4.707901775836944580e-01
6.967966258525848389e-02
-3.306292742490768433e-02
9.033986926078796387e-02
1.566306054592132568e-01
1.022486239671707153e-01
-4.609096348285675049e-01
-2.217512875795364380e-01
7.403590530157089233e-02
-6.438801288604736328e-01
-2.489650622010231018e-02
4.242628514766693115e-01
7.079439163208007812e-01
6.372718811035156250e-01
9.663493186235427856e-02
-4.877899587154388428e-01
5.794616416096687317e-02
-6.096573546528816223e-03
-1.250087469816207886e-01
-3.276803791522979736e-01
-1.792057007551193237e-01
3.932827413082122803e-01
2.352705895900726318e-01
-3.554467856884002686e-01
-3.574840128421783447e-01
4.064579308032989502e-01
-9.119722992181777954e-02
3.079490661621093750e-01
-5.050486922264099121e-01
-1.243428606539964676e-02
3.939745128154754639e-01
-2.437909990549087524e-01
-1.212241426110267639e-01
1.911871135234832764e-01
1.862031966447830200e-01
-1.652504503726959229e-01
-3.195465505123138428e-01
-3.622623383998870850e-01
-4.067176207900047302e-02
-3.820797801017761230e-01
-3.803805708885192871e-01
-2.175572365522384644e-01
6.570211052894592285e-01
3.704389929771423340e-01
6.086782813072204590e-01
1.473351418972015381e-01
2.667499184608459473e-01
2.597212493419647217e-01
-3.641315698623657227e-01
-1.382647901773452759e-01
-1.403286457061767578e-01
4.929491505026817322e-02
-7.231433689594268799e-02
-2.915698587894439697e-01
-2.765622437000274658e-01
1.791001111268997192e-01
1.252914816141128540e-01
-4.749149084091186523e-01
-1.222625561058521271e-02
1.102574020624160767e-01
6.503966450691223145e-01
2.271683514118194580e-01
-1.635869033634662628e-02
-2.868048250675201416e-01
3.292043805122375488e-01
1.457819193601608276e-01
-5.910076498985290527e-01
1.127602830529212952e-01
1.041853502392768860e-01
6.055731177330017090e-01
1.219909861683845520e-01
-6.342352628707885742e-01
-2.602774798870086670e-01
3.187792897224426270e-01
-3.940487802028656006e-01
-1.467039138078689575e-01
-4.949051439762115479e-01
1.441234201192855835e-01
-1.246432587504386902e-01
-5.970535278320312500e-01
1.846040636301040649e-01
4.837637245655059814e-01
4.237651228904724121e-01
2.381006777286529541e-01
7.944936305284500122e-02
6.590837240219116211e-01
2.118160128593444824e-01
5.047791004180908203e-01
6.934974342584609985e-02
-3.798167407512664795e-02
2.999614775180816650e-01
-1.935541480779647827e-01
-5.620199441909790039e-01
-4.977605771273374557e-03
-2.121170759201049805e-01
-3.397612273693084717e-01
-2.345262467861175537e-01
2.744948267936706543e-01
2.412983179092407227e-01
-6.911848783493041992e-01
-1.770441085100173950e-01
2.604649960994720459e-01
2.302341163158416748e-01
1.582905501127243042e-01
1.105628721415996552e-02
-2.473144978284835815e-01
5.526887178421020508e-01
-1.031091883778572083e-01
1.405907124280929565e-01
-6.452758610248565674e-02
4.917560219764709473e-01
-2.755161821842193604e-01
4.582396745681762695e-01
1.990087777376174927e-01
9.532757401466369629e-01
7.534500360488891602e-01
1.524170786142349243e-01
7.674815058708190918e-01
4.244511947035789490e-03
3.020077049732208252e-01
-1.507857888936996460e-01
-3.111369013786315918e-01
-2.011294215917587280e-01
1.825713515281677246e-01
-1.257765889167785645e-01
-8.181528747081756592e-02
-1.268806010484695435e-01
3.900325000286102295e-01
3.897133171558380127e-01
3.001908585429191589e-02
9.734117984771728516e-02
5.412618517875671387e-01
8.751388192176818848e-01
4.715966060757637024e-02
-2.758193910121917725e-01
-3.951348364353179932e-01
-2.210248112678527832e-01
-1.978513747453689575e-01
2.078726887702941895e-01
-1.131768226623535156e+00
4.054977297782897949e-01
-1.059633269906044006e-01
8.525686711072921753e-02
-1.699054837226867676e-01
4.836415052413940430e-01
6.434937119483947754e-01
1.033096432685852051e+00
3.072733879089355469e-01
4.607464969158172607e-01
-4.195471704006195068e-01
-3.590093925595283508e-02
-4.757780730724334717e-01
-1.709813475608825684e-01
-2.462095916271209717e-01
-2.362258434295654297e-01
1.555199176073074341e-01
-3.509416878223419189e-01
1.750968396663665771e-02
4.360606074333190918e-01
2.957788668572902679e-02
3.384206295013427734e-01
2.766250967979431152e-01
3.093953728675842285e-01
1.591091454029083252e-01
5.924972891807556152e-02
-9.829756617546081543e-02
-3.767352402210235596e-01
3.948776423931121826e-01
7.683321833610534668e-02
2.872717082500457764e-01
-2.958815991878509521e-01
5.137693881988525391e-01
1.612567901611328125e-01
-2.421215027570724487e-01
2.078535705804824829e-01
5.286804437637329102e-01
2.277823835611343384e-01
3.327375650405883789e-01
-1.933564543724060059e-01
4.779553413391113281e-02
1.697783172130584717e-01
-4.373482465744018555e-01
-7.388188838958740234e-01
-4.999575912952423096e-01
2.870574295520782471e-01
-6.730559468269348145e-02
-2.980858087539672852e-01
1.138028502464294434e+00
1.009630560874938965e+00
1.162142828106880188e-01
-5.516008287668228149e-02
2.862285971641540527e-01
2.251820266246795654e-01
-2.260044664144515991e-01
-7.307733595371246338e-02
-6.145491451025009155e-02
4.901866912841796875e-01
-3.079154193401336670e-01
-8.258546143770217896e-02
-4.909385144710540771e-01
5.857739970088005066e-02
5.623829960823059082e-01
-1.879713833332061768e-01
1.637425124645233154e-01
-2.089652977883815765e-02
8.362407684326171875e-01
-1.498430222272872925e-01
1.003269627690315247e-01
2.888560593128204346e-01
5.904442071914672852e-01
6.626658439636230469e-01
-1.916391551494598389e-01
-5.169276148080825806e-02
-7.817217111587524414e-01
3.766886889934539795e-02
-1.968284547328948975e-01
-6.435105204582214355e-01
-7.005983591079711914e-01
3.792645335197448730e-01
2.486406266689300537e-01
-2.102642357349395752e-01
3.631938993930816650e-02
-1.592114120721817017e-01
1.013504385948181152e+00
2.818878591060638428e-01
-3.762005642056465149e-02
-2.979191839694976807e-01
-2.720066905021667480e-01
-6.039916723966598511e-02
-1.279461681842803955e-01
-5.431660637259483337e-02
3.051386028528213501e-02
5.406464636325836182e-02
-3.390812873840332031e-01
-3.805982470512390137e-01
1.301894932985305786e-01
4.126657247543334961e-01
5.943722724914550781e-01
6.352688074111938477e-01
-5.293186986818909645e-04
8.243267536163330078e-01
-4.572196006774902344e-01
-8.057465404272079468e-02
-8.181279152631759644e-02
-1.683609783649444580e-01
-3.123096823692321777e-01
-4.940063059329986572e-01
-6.715592145919799805e-01
-2.181380391120910645e-01
1.840193569660186768e-01
-8.041148781776428223e-01
-2.206379771232604980e-01
-7.994293570518493652e-01
1.497613042593002319e-01
-2.289090156555175781e-01
-5.384958386421203613e-01
5.003092885017395020e-01
7.949473261833190918e-01
8.099902272224426270e-01
1.286273151636123657e-01
2.261947989463806152e-01
2.289250493049621582e-01
5.615417361259460449e-01
-4.200737550854682922e-02
5.057774186134338379e-01
-7.419010996818542480e-02
3.836894929409027100e-01
-3.253282010555267334e-01
8.353137969970703125e-02
-3.142580762505531311e-02
2.396726012229919434e-01
3.730639219284057617e-01
-5.134869739413261414e-02
2.894190847873687744e-01
5.309164524078369141e-01
7.624329626560211182e-02
1.425760239362716675e-01
-1.569435745477676392e-01
6.156399846076965332e-01
-1.297481060028076172e-01
-2.807359993457794189e-01
-2.678691148757934570e-01
2.366649359464645386e-01
1.577850431203842163e-01
4.158028364181518555e-01
5.521657317876815796e-02
8.424300551414489746e-01
1.041633114218711853e-01
-2.453940659761428833e-01
-3.443301618099212646e-01
9.751380234956741333e-02
-5.882992744445800781e-01
-5.577210336923599243e-02
2.770923078060150146e-02
-1.687994003295898438e-01
5.729644894599914551e-01
1.269332915544509888e-01
-4.168114960193634033e-01
5.668965578079223633e-01
-5.310072898864746094e-01
-2.869603931903839111e-01
-2.706525027751922607e-01
-4.337565973401069641e-02
5.207072496414184570e-01
-3.315444290637969971e-02
5.729340016841888428e-02
5.511368513107299805e-01
5.108960866928100586e-01
2.418906241655349731e-01
-6.341657638549804688e-01
-1.809458583593368530e-01
1.242255270481109619e-01
-4.890962839126586914e-01
-5.230200663208961487e-02
7.804113626480102539e-02
5.670706629753112793e-01
-1.303033828735351562e-01
-1.995726488530635834e-04
2.811509072780609131e-01
4.158855080604553223e-01
-1.091933026909828186e-01
-3.296135663986206055e-01
1.551275998353958130e-01
-6.718300282955169678e-02
-2.932284474372863770e-01
-2.623619437217712402e-01
1.417365819215774536e-01
4.264796078205108643e-01
7.807947695255279541e-02
-2.288587987422943115e-01
-1.025481596589088440e-01
-1.543305814266204834e-02
-5.185297224670648575e-03
-5.021275281906127930e-01
4.087496399879455566e-01
3.711979687213897705e-01
3.484286665916442871e-01
2.161960303783416748e-01
9.825015813112258911e-02
3.975305855274200439e-01
2.672335803508758545e-01
2.864231169223785400e-02
7.845910638570785522e-02
-1.502348482608795166e-01
6.738436967134475708e-02
-2.773837745189666748e-01
9.691279381513595581e-02
5.351604148745536804e-02
4.207842051982879639e-01
-1.108209136873483658e-02
-1.959660351276397705e-01
-1.335569173097610474e-01
3.879275918006896973e-01
6.991429626941680908e-02
-1.972773671150207520e-01
-4.412741959095001221e-01
-1.663283556699752808e-01
4.376667141914367676e-01
-1.407359074801206589e-02
-1.452677398920059204e-01
1.515018381178379059e-02
3.768422603607177734e-01
1.643124967813491821e-01
3.610718250274658203e-02
2.366196662187576294e-01
3.359020948410034180e-01
-8.824459463357925415e-02
3.183088824152946472e-02
-2.762207090854644775e-01
4.344691336154937744e-01
8.812747895717620850e-02
-5.310432910919189453e-01
-3.078773319721221924e-01
-2.578148245811462402e-01
9.077782928943634033e-02
-2.319424599409103394e-01
-7.899754494428634644e-02
-2.591617405414581299e-01
