1.121290847659111023e-01
-4.556436240673065186e-01
-1.797717809677124023e-01
-1.318212151527404785e-01
-1.194729208946228027e-01
-8.438988029956817627e-02
7.420832663774490356e-02
2.995028197765350342e-01
6.720694154500961304e-02
2.535869181156158447e-01
7.282125353813171387e-01
-2.153695374727249146e-01
7.410648465156555176e-02
-1.296177506446838379e-01
-2.164146304130554199e-01
-2.036441415548324585e-01
-2.747534215450286865e-01
-3.796649873256683350e-01
-1.203329637646675110e-01
-3.352928161621093750e-01
-1.743234097957611084e-01
-2.127491533756256104e-01
-4.784509539604187012e-01
-5.532838702201843262e-01
-4.078218042850494385e-01
-5.591866374015808105e-01
-1.728229224681854248e-01
8.636565208435058594e-01
4.660802483558654785e-01
5.785906314849853516e-01
6.463172435760498047e-01
1.543414443731307983e-01
-4.092963635921478271e-01
-4.515538513660430908e-01
9.315925091505050659e-02
-2.145708203315734863e-01
-3.888234496116638184e-01
-1.423239111900329590e-01
-4.179321825504302979e-01
-8.627340942621231079e-02
2.099132239818572998e-01
9.016901254653930664e-01
3.735861182212829590e-01
-7.321089506149291992e-02
-4.563353657722473145e-01
-4.780385196208953857e-01
-5.927058458328247070e-01
-3.248251229524612427e-02
3.882606700062751770e-02
-2.373879402875900269e-01
-8.725178241729736328e-02
5.623955726623535156e-01
8.318298310041427612e-02
-1.973115056753158569e-01
1.379946619272232056e-01
-4.646252691745758057e-01
-6.236380711197853088e-02
-8.828746080398559570e-01
-3.813852667808532715e-01
6.121551617980003357e-03
7.826589047908782959e-02
3.823378384113311768e-01
5.213828682899475098e-01
2.146257758140563965e-01
3.695824146270751953e-01
2.037958502769470215e-01
5.520255565643310547e-01
1.493464410305023193e-01
-2.092549055814743042e-01
-1.162278652191162109e-01
-6.292737722396850586e-01
-1.808058619499206543e-01
-7.460875511169433594e-01
-4.884179830551147461e-01
-2.254844605922698975e-01
-3.172213435173034668e-01
-3.293041288852691650e-01
-2.503620386123657227e-01
6.657501310110092163e-02
6.046589016914367676e-01
5.493223667144775391e-01
-8.786236867308616638e-03
4.712339490652084351e-02
-4.363474547863006592e-01
-8.042625188827514648e-01
-8.149276673793792725e-02
4.488998278975486755e-02
-4.675868898630142212e-02
4.036563932895660400e-01
-1.272264420986175537e-01
1.659298539161682129e-01
-4.189884066581726074e-01
-1.405380219221115112e-01
-1.384107917547225952e-01
-2.695544958114624023e-01
4.045020788908004761e-02
-4.529458284378051758e-01
4.227468743920326233e-02
-2.540868818759918213e-01
4.182040393352508545e-01
-4.414402320981025696e-02
-5.695179477334022522e-02
-1.040087640285491943e-01
5.080331563949584961e-01
6.508074700832366943e-02
1.126345843076705933e-01
-2.266496866941452026e-01
-3.705089986324310303e-01
1.498418748378753662e-01
-4.264606237411499023e-01
3.549028635025024414e-01
1.697253808379173279e-02
2.768961787223815918e-01
1.935609728097915649e-01
2.114432752132415771e-01
2.146540954709053040e-02
-1.696898043155670166e-01
-2.285932749509811401e-01
-2.713799774646759033e-01
-4.503732025623321533e-01
-4.440744519233703613e-01
-1.445610374212265015e-01
-2.126611471176147461e-01
7.387321442365646362e-02
1.587456166744232178e-01
-3.506615459918975830e-01
4.463866353034973145e-01
3.216201066970825195e-01
1.393952518701553345e-01
2.143951207399368286e-01
-1.166441738605499268e-01
-1.876107007265090942e-01
-5.955830216407775879e-01
-2.234034091234207153e-01
-4.228369295597076416e-01
-5.250324010848999023e-01
-1.025107130408287048e-01
-1.899402588605880737e-01
-2.639611959457397461e-01
3.226496577262878418e-01
6.419505476951599121e-01
5.873295664787292480e-01
2.784054279327392578e-01
1.093179285526275635e-01
8.141921460628509521e-02
-5.914997458457946777e-01
-2.642136812210083008e-01
-4.004852771759033203e-01
-1.687385141849517822e-01
-1.699458658695220947e-01
-9.325256943702697754e-02
1.274896319955587387e-03
1.658426672220230103e-01
-3.936441242694854736e-02
2.156414240598678589e-01
-2.222816087305545807e-02
1.187396943569183350e-01
1.626060456037521362e-01
-3.494142889976501465e-01
-3.458223044872283936e-01
-7.409347891807556152e-01
-8.045457005500793457e-01
-4.711516201496124268e-01
2.186404764652252197e-01
1.371812969446182251e-01
2.387376278638839722e-01
2.526533603668212891e-01
7.238022089004516602e-01
1.898540556430816650e-01
-2.591571025550365448e-02
3.171050846576690674e-01
-3.721064422279596329e-03
-1.423986703157424927e-01
-1.935817450284957886e-01
-1.100132390856742859e-01
-1.055860966444015503e-01
-1.012897849082946777e+00
-2.087776958942413330e-01
-5.079373121261596680e-01
-8.720736950635910034e-02
1.275263875722885132e-01
2.655257657170295715e-02
2.865166068077087402e-01
2.775116860866546631e-01
5.111674070358276367e-01
2.597862482070922852e-01
3.367641866207122803e-01
-1.758703291416168213e-01
1.098182648420333862e-01
-1.528743803501129150e-01
-3.139005303382873535e-01
-5.292892456054687500e-01
6.015731021761894226e-02
-3.760991990566253662e-01
-2.973840832710266113e-01
-1.188044175505638123e-01
-2.714211046695709229e-01
-1.143174618482589722e-01
-2.297099828720092773e-01
-8.290966600179672241e-02
9.641401469707489014e-02
2.814584076404571533e-01
-1.148042604327201843e-01
3.015919923782348633e-01
4.606513977050781250e-01
4.410891532897949219e-01
2.994816601276397705e-01
-1.366279870271682739e-01
-1.355010718107223511e-01
-3.239590525627136230e-01
-4.679393768310546875e-01
-4.658973217010498047e-01
-2.734220623970031738e-01
1.207688748836517334e-01
-1.286485791206359863e-01
1.110211014747619629e-01
-1.166031882166862488e-01
-9.312636405229568481e-02
-8.897167444229125977e-02
3.716669976711273193e-01
-9.109482169151306152e-02
-1.106738597154617310e-01
-4.161536991596221924e-01
-3.574264049530029297e-01
-2.007716000080108643e-01
-4.438174888491630554e-02
-2.674363255500793457e-01
-3.668985143303871155e-02
-6.152959913015365601e-02
7.138092815876007080e-02
1.205079704523086548e-01
2.862099409103393555e-01
6.527174711227416992e-01
1.548956334590911865e-01
1.345782279968261719e-01
1.208138465881347656e-01
-3.437898457050323486e-01
1.015075370669364929e-01
-1.798419505357742310e-01
-7.275351881980895996e-01
9.325640648603439331e-02
-8.811269402503967285e-01
-2.899660170078277588e-01
-1.976563036441802979e-01
-3.683446347713470459e-01
-5.313757061958312988e-02
1.348425745964050293e-01
-1.136779338121414185e-01
5.168145149946212769e-02
4.656755626201629639e-01
-4.796817302703857422e-01
1.119861081242561340e-01
-3.868851363658905029e-01
-4.058256447315216064e-01
-2.340441495180130005e-01
-2.127627879381179810e-01
-1.327192932367324829e-01
-2.605862021446228027e-01
4.853172972798347473e-02
9.561025351285934448e-02
2.321947515010833740e-01
2.160895168781280518e-01
-2.224970012903213501e-01
-5.257108807563781738e-02
-2.846220135688781738e-01
-8.439759165048599243e-02
-7.523488998413085938e-01
-5.153158679604530334e-02
-1.946431696414947510e-01
-8.206444978713989258e-02
8.232648484408855438e-03
-1.133671253919601440e-01
1.287049353122711182e-01
-9.430684894323348999e-02
1.857352107763290405e-01
6.200284361839294434e-01
4.474390149116516113e-01
2.492245882749557495e-01
2.222784608602523804e-01
-1.754261404275894165e-01
-2.891571819782257080e-01
-6.066387295722961426e-01
1.519165039062500000e-01
-5.360842943191528320e-01
-3.215886354446411133e-01
2.219252586364746094e-01
-2.852047085762023926e-01
1.046854630112648010e-01
4.841865599155426025e-01
2.644030153751373291e-01
1.723923832178115845e-01
-2.362935692071914673e-01
-2.589527070522308350e-01
-1.103617027401924133e-01
-1.993164271116256714e-01
-1.610517203807830811e-01
-5.183234214782714844e-01
-4.026143252849578857e-01
-1.129464656114578247e-01
-9.628596156835556030e-02
-7.587879151105880737e-02
-7.517816126346588135e-02
9.288350120186805725e-03
-1.247320473194122314e-01
2.083251923322677612e-01
6.136073470115661621e-01
4.973267614841461182e-01
3.827592134475708008e-01
-2.231864631175994873e-01
-8.391755074262619019e-02
-3.931314125657081604e-02
-3.927580416202545166e-01
-1.541274636983871460e-01
-8.572731018066406250e-01
-2.109792083501815796e-01
-2.204990983009338379e-01
-8.979528397321701050e-02
-1.607479751110076904e-01
-7.291246950626373291e-02
-2.790011167526245117e-01
8.417167514562606812e-02
7.274877429008483887e-01
-5.663986802101135254e-01
1.784621775150299072e-01
-6.281336396932601929e-02
-4.562000334262847900e-01
-2.352361828088760376e-01
-3.034456670284271240e-01
-1.011480569839477539e+00
-1.313422620296478271e-01
-5.248608440160751343e-02
-3.021816536784172058e-02
6.737117469310760498e-02
3.036741614341735840e-01
1.156961992383003235e-01
3.901130557060241699e-01
2.257967740297317505e-01
2.206381410360336304e-01
-1.144485473632812500e-01
-5.517005547881126404e-02
-1.089066863059997559e-01
-1.114744544029235840e+00
-3.443929553031921387e-02
-3.838095963001251221e-01
-5.236216187477111816e-01
-2.644865028560161591e-02
-2.766326665878295898e-01
-2.493183463811874390e-01
1.454149186611175537e-02
3.341996073722839355e-01
8.356877565383911133e-01
2.941657304763793945e-01
8.489584177732467651e-02
-1.352469325065612793e-01
-9.463445842266082764e-02
-5.758534669876098633e-01
1.888207644224166870e-01
-8.598067164421081543e-01
-6.564135849475860596e-02
1.207363903522491455e-01
-1.411728262901306152e-01
1.336137764155864716e-03
2.800996899604797363e-01
1.633274555206298828e-01
1.165668889880180359e-01
5.549682676792144775e-02
4.567942917346954346e-01
-6.587427258491516113e-01
2.371841520071029663e-01
1.496152877807617188e-01
-6.230467557907104492e-01
-3.031171262264251709e-01
-6.828418374061584473e-01
-3.180344998836517334e-01
-9.681935608386993408e-02
-1.568596959114074707e-01
4.900073707103729248e-01
7.966085523366928101e-02
1.477706879377365112e-01
1.287785172462463379e-01
4.812586903572082520e-01
6.148922443389892578e-01
3.400770723819732666e-01
-6.315755844116210938e-02
-2.110752612352371216e-01
-1.996709704399108887e-01
-3.961536288261413574e-01
-4.248885214328765869e-01
-1.534704267978668213e-01
-1.528566926717758179e-01
1.427673995494842529e-01
1.476834714412689209e-01
-5.438660830259323120e-02
-1.744952425360679626e-02
1.384336501359939575e-01
-4.336553066968917847e-02
-2.528504133224487305e-01
-1.489786952733993530e-01
-2.178311645984649658e-01
-4.149009883403778076e-01
-5.312655866146087646e-02
1.895713061094284058e-02
-3.348905444145202637e-01
-2.591689527034759521e-01
-1.524114757776260376e-01
1.303140521049499512e-01
3.794968128204345703e-01
6.872022747993469238e-01
1.423469930887222290e-01
1.340913623571395874e-01
-4.253669083118438721e-01
-5.176545381546020508e-01
-2.809143960475921631e-01
-3.473527431488037109e-01
-8.158074319362640381e-02
-2.839511930942535400e-01
-4.992069900035858154e-01
-1.198835372924804688e-01
2.860086858272552490e-01
5.107628703117370605e-01
3.303874284029006958e-02
-1.715348511934280396e-01
-2.923519015312194824e-01
-3.477666974067687988e-01
1.846582591533660889e-01
-2.549824118614196777e-01
8.532607555389404297e-02
-1.684304326772689819e-01
-1.728909313678741455e-01
8.221082687377929688e-01
2.317894250154495239e-01
2.360594868659973145e-01
2.956834435462951660e-02
-5.214241743087768555e-01
-2.329769134521484375e-01
-3.575168550014495850e-01
-7.906136512756347656e-01
-2.045483738183975220e-01
1.275424063205718994e-01
-3.583661615848541260e-01
-4.707195237278938293e-02
-4.309433102607727051e-01
6.368422508239746094e-01
2.607715427875518799e-01
2.032964378595352173e-01
4.086975753307342529e-01
-1.639062464237213135e-01
-3.260301351547241211e-01
4.366502165794372559e-02
-6.724667549133300781e-01
-5.757194757461547852e-01
-1.283222734928131104e-01
6.048128753900527954e-02
-2.741009593009948730e-01
4.712613672018051147e-02
2.669457197189331055e-01
1.621484011411666870e-01
5.229437351226806641e-01
2.391810715198516846e-01
4.509620368480682373e-01
3.086174130439758301e-01
-1.206282824277877808e-01
-1.128145337104797363e+00
-5.110483765602111816e-01
-2.818742096424102783e-01
-3.889988064765930176e-01
-1.106486022472381592e-01
7.701929192990064621e-03
5.225847661495208740e-02
-3.056108653545379639e-01
2.954762578010559082e-01
4.095791578292846680e-01
-2.644493281841278076e-01
4.799641072750091553e-01
-7.273250725120306015e-03
-9.203941226005554199e-01
-1.027158617973327637e+00
-3.408637642860412598e-01
-6.377288699150085449e-02
8.237390220165252686e-02
-2.920398488640785217e-02
2.463499903678894043e-01
7.226712703704833984e-01
2.251093238592147827e-01
5.201332569122314453e-01
2.897863388061523438e-01
-3.059224970638751984e-02
-6.672300100326538086e-01
7.373460568487644196e-03
-2.052315473556518555e-01
-1.945797950029373169e-01
-8.945835754275321960e-03
-3.766704499721527100e-01
-2.091643810272216797e-01
1.013539731502532959e-01
6.015734076499938965e-01
9.607130289077758789e-02
2.512918412685394287e-02
-2.369151264429092407e-01
-8.903301507234573364e-02
-2.117888629436492920e-01
-6.259360164403915405e-02
-6.155270338058471680e-01
-4.047094881534576416e-01
-4.280656576156616211e-01
-5.504969954490661621e-01
1.126182898879051208e-01
1.231597363948822021e-01
3.872584104537963867e-01
8.932268619537353516e-02
1.831488609313964844e-01
2.890370488166809082e-01
2.394107878208160400e-01
