-5.815246105194091797e-01
1.744165122509002686e-01
-5.051728487014770508e-01
-1.061574593186378479e-01
4.999911487102508545e-01
2.856500744819641113e-01
9.766483902931213379e-01
2.408802658319473267e-01
6.007453799247741699e-01
4.827325046062469482e-02
8.741963505744934082e-01
-3.362337648868560791e-01
2.495017647743225098e-01
8.993488550186157227e-02
2.797601819038391113e-01
-4.338130950927734375e-01
2.335309088230133057e-01
1.203782483935356140e-01
1.933813840150833130e-01
-7.687119841575622559e-01
5.667966008186340332e-01
6.399384886026382446e-02
2.907209694385528564e-01
-4.783285036683082581e-02
2.293804883956909180e-01
-6.195745468139648438e-01
-2.975088953971862793e-01
-7.387021780014038086e-01
3.192402720451354980e-01
-7.852031588554382324e-01
2.020278275012969971e-01
4.184632003307342529e-01
4.761896431446075439e-01
1.231068372726440430e-01
3.073769807815551758e-01
5.727031826972961426e-01
-1.653611063957214355e-01
1.321806311607360840e+00
3.441889882087707520e-01
2.052584648132324219e+00
-8.043188452720642090e-01
6.718585491180419922e-01
1.806027442216873169e-01
5.702547430992126465e-01
-7.306297421455383301e-01
-5.957489013671875000e-01
-6.163563132286071777e-01
1.911597400903701782e-01
-1.399769067764282227e+00
7.942548394203186035e-01
-9.775483608245849609e-01
1.229934811592102051e+00
7.619726657867431641e-01
-2.145435065031051636e-01
1.138003468513488770e+00
9.178932309150695801e-01
2.480341941118240356e-01
1.002910435199737549e-01
-2.171805202960968018e-01
-3.398705124855041504e-01
2.247645854949951172e-01
-6.226612925529479980e-01
-3.470230996608734131e-01
5.123823136091232300e-02
-1.335346400737762451e-01
-5.555254220962524414e-01
-7.442055344581604004e-01
5.740510821342468262e-01
-4.087311625480651855e-01
-5.431869626045227051e-02
-5.663029104471206665e-02
8.241972327232360840e-01
1.756395101547241211e-01
2.419487386941909790e-01
4.814126193523406982e-01
4.240746200084686279e-01
1.041767597198486328e+00
4.666595160961151123e-01
-1.918513923883438110e-01
4.151763916015625000e-01
2.999530434608459473e-01
-3.497952520847320557e-01
-2.221006304025650024e-01
1.496226526796817780e-02
-9.496932476758956909e-02
4.525923356413841248e-02
3.657371103763580322e-01
-4.749140441417694092e-01
4.084735810756683350e-01
4.308335781097412109e-01
5.521907806396484375e-01
6.619880795478820801e-01
-7.647840380668640137e-01
7.579838037490844727e-01
-1.686250120401382446e-01
1.923129707574844360e-02
-8.708902597427368164e-01
-4.359554350376129150e-01
-3.118954002857208252e-01
4.212352931499481201e-01
-2.316142618656158447e-01
-1.360761374235153198e-01
-3.730892837047576904e-01
4.385472238063812256e-01
-4.607748389244079590e-01
-1.900985091924667358e-01
-3.000788390636444092e-02
6.177885532379150391e-01
2.205055058002471924e-01
-1.580404490232467651e-01
1.732848770916461945e-02
-1.016260311007499695e-01
3.606790900230407715e-01
-9.428863227367401123e-02
-4.660072922706604004e-01
-7.276117056608200073e-02
-1.418388038873672485e-01
3.315717279911041260e-01
-3.436580002307891846e-01
3.166833221912384033e-01
6.107810735702514648e-01
6.754211783409118652e-01
2.278580069541931152e-01
4.442426562309265137e-01
5.342022776603698730e-01
4.428402483463287354e-01
-5.841506123542785645e-01
-4.897298216819763184e-01
1.579192876815795898e-01
-3.823705613613128662e-01
5.467442274093627930e-01
-5.370881557464599609e-01
6.888923048973083496e-02
1.005655080080032349e-01
1.063760295510292053e-01
-4.484397359192371368e-04
-3.956411182880401611e-01
-7.752627879381179810e-02
2.508068680763244629e-01
-4.495130479335784912e-01
-3.585974872112274170e-01
-4.856361746788024902e-01
7.125493884086608887e-01
-1.934748739004135132e-01
6.290327906608581543e-01
1.548993110656738281e+00
9.118812680244445801e-01
5.334893465042114258e-01
-1.729490011930465698e-01
-5.531817674636840820e-01
4.076904654502868652e-01
1.394513249397277832e-01
-7.793298363685607910e-02
-5.020570009946823120e-02
-1.484107412397861481e-02
1.604138910770416260e-01
8.653263747692108154e-02
-5.198597311973571777e-01
-4.544912874698638916e-01
4.981676042079925537e-01
4.696351662278175354e-02
-1.318297386169433594e-01
-3.221135735511779785e-01
-6.315498948097229004e-01
1.280605792999267578e+00
-8.137657046318054199e-01
2.858587801456451416e-01
3.478049337863922119e-01
1.265374869108200073e-01
-2.573373913764953613e-01
-2.603407204151153564e-01
-2.636420130729675293e-01
2.678643763065338135e-01
-2.442907392978668213e-01
5.188642814755439758e-02
-2.192203998565673828e-01
6.911534667015075684e-01
3.973079621791839600e-01
7.196171879768371582e-01
3.508847206830978394e-02
-1.846317388117313385e-02
-3.983312100172042847e-02
-3.911339938640594482e-01
-3.091738224029541016e-01
3.501013517379760742e-01
-1.908570528030395508e-01
7.160472124814987183e-02
-3.930300176143646240e-01
1.785985380411148071e-01
-7.952422648668289185e-02
3.287147283554077148e-01
-6.418808698654174805e-01
4.401624798774719238e-01
3.722440004348754883e-01
5.792111158370971680e-01
3.923988714814186096e-02
-6.897421181201934814e-02
-4.301998019218444824e-02
1.581086963415145874e-01
-5.694934353232383728e-02
-6.941978335380554199e-01
2.533925473690032959e-01
4.814435243606567383e-01
2.858959138393402100e-01
-1.842449456453323364e-01
-5.529872775077819824e-01
9.832610934972763062e-02
3.440267145633697510e-01
-2.594886720180511475e-01
-1.404917091131210327e-01
-1.704182773828506470e-01
-2.067328989505767822e-01
1.800839602947235107e-01
-5.945603847503662109e-01
1.272175461053848267e-01
5.776982903480529785e-01
3.436470031738281250e-01
5.593237876892089844e-01
-1.328585147857666016e-01
7.863500118255615234e-01
1.889190673828125000e-01
5.735564827919006348e-01
2.426913082599639893e-01
-6.427058484405279160e-03
2.779776155948638916e-01
1.107998713850975037e-01
-9.910427927970886230e-01
3.854963928461074829e-02
-2.305576354265213013e-01
-4.960390925407409668e-01
8.915862441062927246e-02
-2.543898858129978180e-02
1.672598570585250854e-01
-8.218678832054138184e-01
-2.097007483243942261e-01
7.149434685707092285e-01
1.408746838569641113e-01
-2.701551318168640137e-01
-1.397787779569625854e-01
-3.250503167510032654e-02
8.857939243316650391e-01
-1.945261359214782715e-01
-9.291500598192214966e-02
-8.421076834201812744e-02
6.613102555274963379e-01
-3.593436181545257568e-01
5.658336281776428223e-01
1.738554596900939941e+00
9.055948853492736816e-01
2.144195556640625000e+00
-2.696697711944580078e-01
7.762004137039184570e-01
-5.688469409942626953e-01
1.969831138849258423e-01
2.071161568164825439e-02
-3.375089466571807861e-01
-7.013271749019622803e-02
2.768343687057495117e-01
-1.198807135224342346e-01
-8.171782642602920532e-02
2.412323206663131714e-01
1.798965334892272949e-01
7.184661626815795898e-01
-7.502219825983047485e-02
3.160066008567810059e-01
8.357977122068405151e-02
1.036407947540283203e+00
-3.832295536994934082e-01
-9.452750533819198608e-02
-6.688594818115234375e-01
3.514958322048187256e-01
-4.234907329082489014e-01
2.464950531721115112e-01
-1.212809443473815918e+00
2.276732325553894043e-01
-2.985019683837890625e-01
2.678363919258117676e-01
-4.072730541229248047e-01
4.784960150718688965e-01
4.179846644401550293e-01
7.377006411552429199e-01
-4.783838614821434021e-02
-3.561069667339324951e-01
-3.191368281841278076e-01
-6.117946505546569824e-01
5.926238298416137695e-01
-1.171791404485702515e-01
2.892885208129882812e-01
3.261282341554760933e-03
4.229044616222381592e-01
-2.124565988779067993e-01
1.739704310894012451e-01
5.259086489677429199e-01
7.322526574134826660e-01
4.615333676338195801e-01
5.230061411857604980e-01
3.367528915405273438e-01
5.769480466842651367e-01
-9.589635580778121948e-02
9.453991800546646118e-02
-3.189580440521240234e-01
3.973393738269805908e-01
-7.681886106729507446e-02
-1.307413876056671143e-01
-6.527720093727111816e-01
1.158744394779205322e-01
1.731558740139007568e-01
-2.469171434640884399e-01
1.615287512540817261e-01
4.065635800361633301e-01
3.424796164035797119e-01
-2.380411177873611450e-01
-3.866654932498931885e-01
-3.750423491001129150e-01
-8.217385411262512207e-02
-5.807484984397888184e-01
-4.610425531864166260e-01
6.770791113376617432e-02
5.447164177894592285e-01
4.497933089733123779e-01
-2.201590985059738159e-01
1.001734375953674316e+00
1.093281865119934082e+00
1.052285172045230865e-02
-1.563487648963928223e-01
2.671771049499511719e-01
2.859165668487548828e-01
-2.476566582918167114e-01
-1.584396362304687500e-01
1.228499189019203186e-01
3.999852389097213745e-02
8.192238211631774902e-02
-5.172859430313110352e-01
3.943728506565093994e-01
-5.405790209770202637e-01
1.054938316345214844e+00
-7.324760556221008301e-01
4.776341319084167480e-01
-6.750091314315795898e-01
7.009117603302001953e-01
-3.151987195014953613e-01
-1.883303225040435791e-01
4.839432239532470703e-01
3.074401021003723145e-01
4.613348543643951416e-01
-3.704765737056732178e-01
6.280425935983657837e-02
1.885665208101272583e-01
1.159055754542350769e-01
9.556087255477905273e-01
-6.302701830863952637e-01
3.864239454269409180e-01
4.650688469409942627e-01
9.342757463455200195e-01
1.688180267810821533e-01
3.865069448947906494e-01
4.502908140420913696e-02
1.254948139190673828e+00
1.662228852510452271e-01
-7.618292570114135742e-01
-5.237443447113037109e-01
-1.039589524269104004e+00
-1.031074076890945435e-01
-9.950554966926574707e-01
-1.755614429712295532e-01
-8.868278861045837402e-01
1.625792123377323151e-02
-9.807127118110656738e-01
-2.551886141300201416e-01
1.219677329063415527e-01
9.881185889244079590e-01
8.696894645690917969e-01
1.445395112037658691e+00
1.484347134828567505e-01
1.653412461280822754e+00
6.162242293357849121e-01
3.852668032050132751e-02
1.172125577926635742e+00
-7.379169110208749771e-03
1.886812448501586914e-01
-4.613800644874572754e-01
-2.830739319324493408e-01
-3.248116672039031982e-01
-2.219211608171463013e-01
-1.112177371978759766e+00
-4.073662459850311279e-01
-5.448692440986633301e-01
9.845674037933349609e-02
-4.418264627456665039e-01
-4.855886697769165039e-01
5.115075111389160156e-01
7.235982418060302734e-01
6.110873818397521973e-01
-4.953088760375976562e-01
-2.988737225532531738e-01
7.013964653015136719e-02
2.213187068700790405e-01
9.626977145671844482e-03
9.333685040473937988e-02
2.005555480718612671e-01
-1.796054691076278687e-01
8.340905308723449707e-01
2.768437862396240234e-01
1.526129007339477539e+00
8.092663288116455078e-01
1.734567523002624512e+00
7.101255059242248535e-01
8.567889332771301270e-01
8.131618499755859375e-01
3.178951740264892578e-01
5.697161704301834106e-02
2.515305280685424805e-01
3.420158475637435913e-02
-9.218711405992507935e-02
-9.485362768173217773e-01
-3.732865452766418457e-01
1.406428664922714233e-01
4.340747371315956116e-02
4.558928310871124268e-01
-1.468129009008407593e-01
4.851461052894592285e-01
-3.290637731552124023e-01
-7.000727057456970215e-01
-3.663007616996765137e-01
-3.302458226680755615e-01
-5.949562788009643555e-01
-7.959771752357482910e-01
2.693130671977996826e-01
-5.896918773651123047e-01
3.881261944770812988e-01
2.467240393161773682e-01
-6.899614334106445312e-01
5.152301788330078125e-01
4.520185589790344238e-01
-3.987954258918762207e-01
1.070934414863586426e+00
6.843084692955017090e-01
1.373372912406921387e+00
7.570352554321289062e-01
9.749939441680908203e-01
6.318292617797851562e-01
1.205139636993408203e+00
-3.266284465789794922e-01
-2.530919909477233887e-01
-2.259772419929504395e-01
3.534071147441864014e-01
-5.158736705780029297e-01
2.469679862260818481e-01
1.550702154636383057e-01
4.270513057708740234e-01
6.941013038158416748e-02
-6.405442357063293457e-01
1.810394078493118286e-01
-1.846482455730438232e-01
-6.047151684761047363e-01
-8.728759884834289551e-01
-8.891319856047630310e-03
-3.677321970462799072e-01
-3.995800912380218506e-01
-4.065397977828979492e-01
2.767580151557922363e-01
3.112097382545471191e-01
-1.217080801725387573e-01
-3.402480781078338623e-01
2.290173806250095367e-02
9.802792221307754517e-03
1.181234046816825867e-01
-2.379367798566818237e-01
1.747959256172180176e-01
1.624521493911743164e+00
3.938032388687133789e-01
6.279779672622680664e-01
3.681131005287170410e-01
3.234751522541046143e-01
5.011593699455261230e-01
-9.780050255358219147e-03
4.158924818038940430e-01
-2.305051237344741821e-01
3.959556519985198975e-01
-4.244312345981597900e-01
7.952795028686523438e-01
1.936195939779281616e-01
6.468741893768310547e-01
2.965730242431163788e-02
2.860735952854156494e-01
-3.237766027450561523e-01
4.720919430255889893e-01
4.254743456840515137e-03
-3.045719265937805176e-01
-2.257403731346130371e-01
-3.003209531307220459e-01
7.234524488449096680e-01
-1.216377541422843933e-01
-1.156188771128654480e-01
-2.202903926372528076e-01
2.911427915096282959e-01
-4.188264906406402588e-02
-5.707466974854469299e-03
-9.745062142610549927e-02
2.463436275720596313e-01
-5.493889451026916504e-01
-3.524222671985626221e-01
-2.280561476945877075e-01
1.900312751531600952e-01
-1.562014408409595490e-02
-5.561180710792541504e-01
-2.396727502346038818e-01
2.835364937782287598e-01
2.741520404815673828e-01
6.417379379272460938e-01
-4.548093676567077637e-01
7.789838314056396484e-01
-4.313178062438964844e-01
