-9.742326289415359497e-02
-5.951535105705261230e-01
-2.872857153415679932e-01
-4.113751947879791260e-01
-3.580031394958496094e-01
-3.113809823989868164e-01
7.909040153026580811e-02
-7.772937417030334473e-02
-3.154657781124114990e-02
3.184981346130371094e-01
-8.508315682411193848e-02
3.039231896400451660e-01
4.273068904876708984e-01
1.183719187974929810e-02
7.587845623493194580e-02
5.404509902000427246e-01
-3.637146055698394775e-01
-1.801140755414962769e-01
-4.788219928741455078e-01
-1.949837654829025269e-01
-6.690643429756164551e-01
1.207328587770462036e-02
6.653399765491485596e-02
-1.030328273773193359e-01
3.399344533681869507e-02
1.427396684885025024e-01
6.588894128799438477e-01
-9.936401247978210449e-02
-2.340185493230819702e-01
-4.794600307941436768e-01
-9.076573699712753296e-02
-3.763884603977203369e-01
-1.913096606731414795e-01
-5.372823476791381836e-01
4.073272049427032471e-01
-2.794042229652404785e-01
9.702350497245788574e-01
-4.136481285095214844e-01
-3.430917160585522652e-03
-6.194952726364135742e-01
3.727093935012817383e-01
-4.455421566963195801e-01
4.693077132105827332e-02
-5.046643614768981934e-01
-1.776322573423385620e-01
-2.041312456130981445e-01
-3.035489618778228760e-01
-2.040059268474578857e-01
-3.841215670108795166e-01
7.157154381275177002e-02
1.910404302179813385e-02
7.831736207008361816e-01
-5.511906147003173828e-01
-2.355317622423171997e-01
-3.769887685775756836e-01
6.678804755210876465e-01
4.969850182533264160e-03
3.039537072181701660e-01
-9.733319282531738281e-02
-1.951708197593688965e-01
4.195183888077735901e-02
1.575770229101181030e-01
5.312325358390808105e-01
4.625773429870605469e-01
1.016654014587402344e+00
2.497265934944152832e-01
3.701406121253967285e-01
-9.104198813438415527e-01
2.218563258647918701e-01
-6.154026389122009277e-01
-2.368749082088470459e-01
-3.074858486652374268e-01
-4.502671062946319580e-01
-4.107058346271514893e-01
-1.261139035224914551e+00
-1.702969223260879517e-01
-5.925796627998352051e-01
-3.163676336407661438e-02
1.794450283050537109e-01
2.158459722995758057e-01
4.745556414127349854e-01
7.431038618087768555e-01
1.099303588271141052e-01
6.500433087348937988e-01
-4.661216139793395996e-01
1.255907416343688965e-01
-4.326301217079162598e-01
2.459681332111358643e-01
-1.183088496327400208e-01
-9.356911182403564453e-01
-4.504021704196929932e-01
-4.626174867153167725e-01
-5.305083394050598145e-01
-4.345975518226623535e-01
-7.799962162971496582e-01
-1.310450285673141479e-01
8.979254961013793945e-02
-2.711991965770721436e-01
6.953270435333251953e-01
8.607807755470275879e-01
9.488296508789062500e-01
2.929283380508422852e-01
6.231632828712463379e-01
-1.951619833707809448e-01
-3.330250382423400879e-01
-2.451508771628141403e-03
1.604806780815124512e-01
1.452870070934295654e-01
2.364931404590606689e-01
4.949188530445098877e-01
6.294131875038146973e-01
2.635626494884490967e-01
8.336254954338073730e-02
-2.322264388203620911e-02
2.603877894580364227e-02
-4.630543887615203857e-01
-1.706622242927551270e-01
-1.009447574615478516e+00
-3.133510053157806396e-01
-4.379512965679168701e-01
-7.803054451942443848e-01
-5.149940848350524902e-01
-5.055184960365295410e-01
-1.257698386907577515e-01
-1.619039177894592285e-01
1.175515204668045044e-01
-3.002895414829254150e-01
-4.596921056509017944e-02
1.002630710601806641e+00
-2.623933255672454834e-01
6.347315907478332520e-01
5.613608285784721375e-02
4.717299640178680420e-01
4.242999255657196045e-01
5.706130862236022949e-01
-8.717409968376159668e-01
-4.620603024959564209e-01
-8.466640710830688477e-01
-2.984457015991210938e-01
-2.448653280735015869e-01
-2.983263432979583740e-01
1.006537526845932007e-01
-3.365092277526855469e-01
3.535667955875396729e-01
1.025211572647094727e+00
8.466981053352355957e-01
6.723301410675048828e-01
-6.678555160760879517e-02
-1.759376525878906250e-01
-4.562835693359375000e-01
9.259083271026611328e-01
-7.511568069458007812e-01
-6.505829095840454102e-01
-7.809920310974121094e-01
-7.585083246231079102e-01
-4.650704562664031982e-01
-3.086613118648529053e-01
-2.781552076339721680e-01
1.497808992862701416e-01
1.365694701671600342e-01
6.832568049430847168e-01
1.061318628489971161e-02
1.650552898645401001e-01
2.149237096309661865e-01
-1.948831416666507721e-02
8.865958079695701599e-04
-1.078115180134773254e-01
-4.254845380783081055e-01
-2.324477881193161011e-01
6.397048383951187134e-02
3.576231896877288818e-01
3.175777494907379150e-01
3.117931485176086426e-01
-3.771429881453514099e-02
7.064809650182723999e-02
5.838092416524887085e-02
-2.018296569585800171e-01
1.727997660636901855e-01
-4.719293415546417236e-01
2.816649973392486572e-01
3.801993429660797119e-01
-3.704662621021270752e-01
1.545266211032867432e-01
1.457233130931854248e-01
-6.821654736995697021e-02
2.015865892171859741e-01
1.353633105754852295e-01
3.914558887481689453e-01
-1.548020988702774048e-01
2.771415710449218750e-01
-1.931356936693191528e-01
8.346499502658843994e-02
-3.381261825561523438e-01
-3.602112829685211182e-01
-2.263962030410766602e-01
-6.730206608772277832e-01
-5.126033425331115723e-01
-2.360156327486038208e-01
-6.341304779052734375e-01
1.978651806712150574e-02
-1.805104762315750122e-01
3.341784179210662842e-01
-2.671804428100585938e-01
6.337753534317016602e-01
2.466529458761215210e-01
-8.645628392696380615e-02
3.890990018844604492e-01
2.073611468076705933e-01
-2.621727436780929565e-02
3.200390636920928955e-01
-2.036131918430328369e-01
2.465353459119796753e-01
-1.334856301546096802e-01
3.678845763206481934e-01
-2.253088057041168213e-01
5.851961374282836914e-01
-7.009783387184143066e-02
2.218608111143112183e-01
5.667558684945106506e-02
3.605369627475738525e-01
2.982638180255889893e-01
1.432133615016937256e-01
-1.547820329666137695e+00
-9.338637590408325195e-01
-1.134614825248718262e+00
-8.247094154357910156e-01
-1.912816762924194336e-01
1.703297942876815796e-01
-4.037209451198577881e-01
1.287996172904968262e-01
-4.822686314582824707e-01
4.868665635585784912e-01
3.985534608364105225e-01
1.315495818853378296e-01
1.543999314308166504e-01
-3.108352124691009521e-01
-1.730296574532985687e-02
-9.404516220092773438e-02
-2.600626051425933838e-01
-4.490531682968139648e-01
-1.407614797353744507e-01
-2.718336880207061768e-01
1.805193275213241577e-01
4.607034325599670410e-01
2.444547265768051147e-01
1.960127353668212891e-01
3.997987136244773865e-02
-5.234847068786621094e-01
-5.916428193449974060e-02
-2.938107848167419434e-01
-4.179519787430763245e-02
2.130459398031234741e-01
-4.927242398262023926e-01
-3.382635116577148438e-01
-1.759628355503082275e-01
1.634551733732223511e-01
7.840564846992492676e-02
-1.046360492706298828e+00
-2.983025014400482178e-01
-7.017326354980468750e-01
2.553265094757080078e-01
1.876733452081680298e-01
-5.936063528060913086e-01
-7.229276299476623535e-01
-5.679571628570556641e-01
-3.922865986824035645e-01
-5.565636157989501953e-01
-8.914554119110107422e-02
3.644166290760040283e-01
1.598588973283767700e-01
3.999358043074607849e-02
-3.026568889617919922e-01
-2.117391079664230347e-01
-2.700468525290489197e-02
7.137613296508789062e-01
4.362106323242187500e-01
5.515293478965759277e-01
8.995454311370849609e-01
9.548100829124450684e-01
5.442554950714111328e-01
1.079695224761962891e-01
-1.424022167921066284e-01
3.463541269302368164e-01
-3.859308362007141113e-01
1.320084929466247559e-01
1.313954889774322510e-01
4.586382806301116943e-01
-1.142776235938072205e-01
6.724018454551696777e-01
-1.195312142372131348e+00
-2.732089534401893616e-02
-1.757687330245971680e+00
-6.910889148712158203e-01
-7.294152379035949707e-01
-6.196971535682678223e-01
-2.545612752437591553e-01
-4.883389472961425781e-01
-5.646374821662902832e-01
6.488558836281299591e-03
-4.209784865379333496e-01
-1.764119863510131836e-01
-3.363341689109802246e-01
-1.787912994623184204e-01
-3.121283352375030518e-01
1.524305790662765503e-01
2.707884907722473145e-01
3.058917820453643799e-01
-1.094704046845436096e-01
3.150552883744239807e-02
8.643989562988281250e-01
7.629583477973937988e-01
6.313318014144897461e-01
6.878454089164733887e-01
4.552295804023742676e-01
-4.115101322531700134e-02
-3.455387055873870850e-01
9.375748634338378906e-01
1.986459344625473022e-01
1.123858466744422913e-01
-6.982480287551879883e-01
8.315651863813400269e-02
-2.979119122028350830e-01
-6.003035306930541992e-01
-2.264658361673355103e-01
-4.450257718563079834e-01
-3.932124674320220947e-01
-1.200814366340637207e+00
-2.589552402496337891e-01
-6.420289278030395508e-01
-5.583869218826293945e-01
-1.655028313398361206e-01
-1.048746928572654724e-01
8.514871001243591309e-01
-5.032260343432426453e-02
5.934526324272155762e-01
-7.465335130691528320e-01
4.488481879234313965e-01
-4.972199797630310059e-01
6.005632281303405762e-01
2.593449354171752930e-01
-1.460066884756088257e-01
-1.687709391117095947e-01
-2.786036133766174316e-01
3.444720804691314697e-01
-6.396687030792236328e-01
-1.998686939477920532e-01
8.701936900615692139e-02
2.436278164386749268e-01
3.402909636497497559e-01
-1.410597562789916992e-01
5.502535700798034668e-01
2.049547992646694183e-02
3.530202209949493408e-01
2.030403017997741699e-01
8.471337705850601196e-02
5.359358787536621094e-01
-1.865671426057815552e-01
-1.294371038675308228e-01
-2.577621042728424072e-01
1.742470264434814453e-01
1.105845496058464050e-01
-3.618033975362777710e-02
-1.306177526712417603e-01
1.443304270505905151e-01
-6.045212149620056152e-01
5.390966776758432388e-03
-7.374471426010131836e-01
-4.727267920970916748e-01
-2.061807662248611450e-01
-5.009679794311523438e-01
-3.514261543750762939e-02
-7.630137801170349121e-01
1.408797800540924072e-01
4.326581656932830811e-01
3.188008964061737061e-01
4.634774327278137207e-01
-5.191987846046686172e-03
6.096075177192687988e-01
1.113178879022598267e-01
1.024858653545379639e-01
5.737524032592773438e-01
2.536436319351196289e-01
5.959864705801010132e-02
2.694524526596069336e-01
-7.645485997200012207e-01
3.842202723026275635e-01
5.635042190551757812e-01
4.686395823955535889e-01
7.595450431108474731e-02
-3.413384780287742615e-02
3.782072961330413818e-01
-4.162402749061584473e-01
-4.400785267353057861e-01
-5.223651528358459473e-01
-1.967995911836624146e-01
-7.774454355239868164e-01
7.284812629222869873e-02
-1.527971774339675903e-01
-4.635932147502899170e-01
-4.741785228252410889e-01
-9.584889560937881470e-02
3.025251030921936035e-01
2.908434271812438965e-01
-5.535581111907958984e-01
4.940504953265190125e-02
1.600524783134460449e-01
1.742390394210815430e-01
2.342519462108612061e-01
-4.208545088768005371e-01
2.579445540904998779e-01
-3.775145411491394043e-01
2.937265932559967041e-01
-4.047295749187469482e-01
-9.846112132072448730e-02
-6.411480158567428589e-02
-6.459348201751708984e-01
-1.074201226234436035e+00
-1.372379183769226074e+00
-4.473434090614318848e-01
-6.582828164100646973e-01
-2.942570149898529053e-01
-3.434800505638122559e-01
-2.048997133970260620e-01
1.172863960266113281e+00
5.237122178077697754e-01
1.278240561485290527e+00
-7.570511661469936371e-03
2.361844927072525024e-01
9.058865308761596680e-01
-2.531106770038604736e-01
2.689416408538818359e-01
-2.226502820849418640e-02
-1.742166131734848022e-01
4.838078841567039490e-02
3.064080774784088135e-01
-1.011608362197875977e+00
-8.212029188871383667e-02
-1.109177112579345703e+00
-4.892710447311401367e-01
-5.661582946777343750e-01
2.150471657514572144e-01
-7.202643752098083496e-01
2.738015726208686829e-02
2.749331891536712646e-01
1.184786111116409302e-01
-4.105877876281738281e-01
-4.047628492116928101e-02
5.398465320467948914e-02
8.750132285058498383e-03
-5.135661959648132324e-01
-4.674061834812164307e-01
8.533377647399902344e-01
4.011070728302001953e-01
4.444407522678375244e-01
4.292200803756713867e-01
2.235142737627029419e-01
-3.186309337615966797e-02
-1.840159446001052856e-01
-1.609559357166290283e-02
-1.403506249189376831e-01
3.168884292244911194e-02
3.636637628078460693e-01
-3.416146337985992432e-01
-3.278413116931915283e-01
-1.042388439178466797e+00
2.975647747516632080e-01
-4.707603156566619873e-01
2.545211091637611389e-02
-2.975061535835266113e-01
4.977772533893585205e-01
1.261156320571899414e+00
-2.536123096942901611e-01
-5.643285065889358521e-02
-4.444036483764648438e-01
2.131986469030380249e-01
-3.965831696987152100e-01
-3.301489949226379395e-01
3.506370633840560913e-02
-1.455740481615066528e-01
-2.950543463230133057e-01
-9.625382423400878906e-01
-5.104990601539611816e-01
-9.539253264665603638e-02
2.380667179822921753e-01
-1.428811848163604736e-01
4.488604962825775146e-01
-1.476131379604339600e-02
2.340664528310298920e-02
7.264711856842041016e-01
5.274183750152587891e-01
5.029906034469604492e-01
4.534567147493362427e-02
-2.199100106954574585e-01
-2.829355597496032715e-01
-3.025670051574707031e-01
4.368678927421569824e-01
-1.862940341234207153e-01
5.966372489929199219e-01
-3.417425453662872314e-01
-3.975171446800231934e-01
-5.866427421569824219e-01
-6.085581183433532715e-01
-3.722872138023376465e-01
-4.922255575656890869e-01
-1.578194200992584229e-01
-4.669947549700737000e-03
8.388047218322753906e-01
7.834830284118652344e-01
3.740428388118743896e-01
-5.743476748466491699e-01
-4.297891259193420410e-02
-2.371952086687088013e-01
-2.575528621673583984e-02
