-7.410755157470703125e-01
-1.425978355109691620e-02
-7.489125132560729980e-01
-3.877387642860412598e-01
-7.006535530090332031e-01
4.790040254592895508e-01
-9.444323927164077759e-02
5.268539786338806152e-01
-6.696795821189880371e-01
-7.220871746540069580e-02
5.024386048316955566e-01
5.043064355850219727e-01
3.526571691036224365e-01
7.899093627929687500e-02
-1.286115497350692749e-01
9.040959179401397705e-03
-3.967809677124023438e-02
-3.501973450183868408e-01
6.589674949645996094e-01
-3.268623650074005127e-01
-5.068582892417907715e-01
1.433589339256286621e+00
9.419181346893310547e-01
8.130948543548583984e-01
1.320774435997009277e+00
1.886608958244323730e+00
-1.007681727409362793e+00
-3.008397482335567474e-02
-7.064318060874938965e-01
1.468785703182220459e-01
-2.552686035633087158e-01
-3.199833333492279053e-01
1.099166750907897949e+00
-5.209233984351158142e-02
4.214771986007690430e-01
1.173754692077636719e+00
-2.329865396022796631e-01
5.175840258598327637e-01
8.867290019989013672e-01
2.235469520092010498e-01
3.416495621204376221e-01
-5.294827818870544434e-01
-1.964793056249618530e-01
4.133978188037872314e-01
-4.285430908203125000e-01
-6.689999103546142578e-01
-5.397988557815551758e-01
-4.302837550640106201e-01
-4.034370481967926025e-01
-7.438620328903198242e-01
1.654976755380630493e-01
-5.049402266740798950e-02
6.517106890678405762e-01
-1.277024000883102417e-01
-2.755402922630310059e-01
7.765223383903503418e-01
2.135594636201858521e-01
2.170376032590866089e-01
-3.401323556900024414e-01
-3.673034906387329102e-02
-7.896075844764709473e-01
4.221441969275474548e-02
-4.392594397068023682e-01
-4.566326141357421875e-01
-1.162616256624460220e-02
-7.969960570335388184e-01
-4.055763781070709229e-01
-1.739991158246994019e-01
5.165357589721679688e-01
1.112814992666244507e-01
-3.204998672008514404e-01
8.244065642356872559e-01
6.027089357376098633e-01
4.913581311702728271e-01
4.256324768066406250e-01
1.141908407211303711e+00
8.445519208908081055e-01
4.459491074085235596e-01
4.463161230087280273e-01
2.264313697814941406e-01
2.071790456771850586e+00
8.308409452438354492e-01
-1.375277042388916016e+00
2.270780950784683228e-01
1.122711539268493652e+00
-5.418990254402160645e-01
-2.492252141237258911e-01
-3.669736683368682861e-01
-6.649711132049560547e-01
6.933168768882751465e-01
4.652654230594635010e-01
-1.877229195088148117e-03
7.570338994264602661e-02
-1.314553856849670410e+00
1.079965591430664062e+00
-5.156823396682739258e-01
2.981799468398094177e-02
-5.936601161956787109e-01
-3.522848188877105713e-01
1.815117001533508301e-01
8.546025753021240234e-01
-5.841556191444396973e-01
-3.863574564456939697e-01
-1.478951722383499146e-01
-1.565605103969573975e-01
-6.357654929161071777e-01
2.701856195926666260e-01
4.758325219154357910e-01
1.215235948562622070e+00
2.426564693450927734e-01
-2.711800038814544678e-01
4.018634557723999023e-02
5.026659369468688965e-01
4.296117424964904785e-01
-4.635364189743995667e-02
-4.441674947738647461e-01
-4.987475872039794922e-01
2.076200991868972778e-01
2.456066310405731201e-01
-2.609826028347015381e-01
3.112950921058654785e-01
5.146272853016853333e-02
-2.433320581912994385e-01
-4.222764670848846436e-01
4.865695536136627197e-02
6.319782137870788574e-02
-6.458700448274612427e-02
-8.058070540428161621e-01
-1.250430792570114136e-01
6.182710528373718262e-01
-2.919773459434509277e-01
-1.736310720443725586e-01
2.949853539466857910e-01
1.517931967973709106e-01
7.359753251075744629e-01
6.109991073608398438e-01
-2.111828885972499847e-02
3.863877654075622559e-01
5.723683238029479980e-01
1.098665967583656311e-01
-2.202725559473037720e-01
-5.467690229415893555e-01
-3.948616683483123779e-01
1.767857223749160767e-01
-2.672141194343566895e-01
2.862801551818847656e-01
5.657239556312561035e-01
-1.525424048304557800e-02
6.405806541442871094e-01
-2.276065386831760406e-02
-7.406709790229797363e-01
1.505539566278457642e-01
-3.688361942768096924e-01
-4.148534238338470459e-01
-9.514554142951965332e-01
5.104725956916809082e-01
-5.282902121543884277e-01
1.071950048208236694e-01
2.557159960269927979e-02
-2.552098929882049561e-01
1.194274663925170898e+00
1.566785573959350586e-01
-3.024302423000335693e-01
-1.724815666675567627e-01
-6.235163211822509766e-01
1.055281639099121094e+00
-7.200616002082824707e-01
-1.474994570016860962e-01
2.516236901283264160e-01
-6.419477462768554688e-01
2.783033251762390137e-02
-5.111104249954223633e-01
8.452169299125671387e-01
5.694239139556884766e-01
9.977732896804809570e-01
-2.539341151714324951e-01
7.054154872894287109e-01
-7.563810944557189941e-01
3.287814855575561523e-01
-7.475022673606872559e-01
2.185719460248947144e-01
-4.069210886955261230e-01
1.359330773353576660e+00
-5.214161872863769531e-01
-6.344410032033920288e-02
-2.522709667682647705e-01
-6.153623461723327637e-01
-1.525290906429290771e-01
-8.170750141143798828e-01
1.155355349183082581e-01
1.674515604972839355e-01
1.671923995018005371e-01
1.833481639623641968e-01
5.229005813598632812e-01
9.333270192146301270e-01
4.655278623104095459e-01
9.683606773614883423e-02
-2.344639226794242859e-02
1.185027062892913818e-01
3.093709647655487061e-01
-7.256350517272949219e-01
-5.482230782508850098e-01
3.984542489051818848e-01
-2.873926460742950439e-01
4.097522497177124023e-01
-9.684337377548217773e-01
-8.739314079284667969e-01
-2.653916776180267334e-01
2.008029222488403320e-01
-4.915957152843475342e-01
3.428318202495574951e-01
1.288658529520034790e-01
3.428296744823455811e-01
4.648334681987762451e-01
1.757260560989379883e-01
6.180146336555480957e-01
8.262660503387451172e-01
4.878201335668563843e-02
5.135668516159057617e-01
-2.085400968790054321e-01
2.396260052919387817e-01
4.980613291263580322e-01
6.680608391761779785e-01
-2.086838930845260620e-01
-2.000971287488937378e-01
9.918110370635986328e-01
-1.281562089920043945e+00
-3.313309252262115479e-01
-1.546671092510223389e-01
-2.646525800228118896e-01
6.977087818086147308e-03
-1.001238673925399780e-01
1.970031410455703735e-01
-1.723755747079849243e-01
-4.320801496505737305e-01
1.168449744582176208e-01
3.834920525550842285e-01
-1.909998953342437744e-01
-4.082260131835937500e-01
-1.157390773296356201e-01
-3.875215053558349609e-01
3.339118063449859619e-01
2.214549034833908081e-01
1.833274662494659424e-01
2.142079472541809082e-01
1.159156918525695801e+00
-1.688976585865020752e-01
1.686213493347167969e+00
1.569882273674011230e+00
1.745873928070068359e+00
8.659088611602783203e-01
-4.447895884513854980e-01
3.324982225894927979e-01
-4.492334127426147461e-01
8.210026472806930542e-02
-2.748128175735473633e-01
7.121894955635070801e-01
6.369269490242004395e-01
3.067756593227386475e-01
1.391702443361282349e-01
-1.724462956190109253e-01
7.532182931900024414e-01
-3.221239522099494934e-02
1.868041306734085083e-01
-5.671117901802062988e-01
3.379928469657897949e-01
1.661629229784011841e-01
-2.105745971202850342e-01
-8.563852310180664062e-01
-5.815269947052001953e-01
-1.859701722860336304e-01
6.289909482002258301e-01
-7.961014658212661743e-02
4.667949676513671875e-01
-4.161939024925231934e-01
2.633416354656219482e-01
6.328917145729064941e-01
-9.040112048387527466e-02
-2.986610531806945801e-01
4.760434031486511230e-01
-3.653810918331146240e-01
1.826322376728057861e-01
-8.881534934043884277e-01
-2.432819008827209473e-01
-6.059194803237915039e-01
-1.381606906652450562e-01
2.130578607320785522e-01
5.360711812973022461e-01
-6.294513493776321411e-02
5.491144657135009766e-01
9.576823115348815918e-01
-8.923278748989105225e-02
-2.656601183116436005e-02
5.237790346145629883e-01
-3.602253273129463196e-02
9.053668379783630371e-01
9.892402589321136475e-02
2.038648724555969238e-01
-3.535138070583343506e-01
-3.737990856170654297e-01
-2.596752047538757324e-01
-2.704773247241973877e-01
4.985922873020172119e-01
4.493165016174316406e-02
1.624801456928253174e-01
2.019101828336715698e-01
4.423549175262451172e-01
4.168720841407775879e-01
-2.914374768733978271e-01
9.475612640380859375e-01
3.499612212181091309e-01
6.692367047071456909e-02
-1.562372446060180664e-01
-1.265169084072113037e-01
-6.249354481697082520e-01
-2.403848469257354736e-01
-5.147035121917724609e-01
-1.605010628700256348e-01
2.674249932169914246e-03
6.785705685615539551e-01
-8.884297311305999756e-02
4.108085334300994873e-01
9.113100767135620117e-01
1.325623154640197754e+00
-3.688111305236816406e-01
5.448956042528152466e-02
7.016615867614746094e-01
-8.792322874069213867e-02
-8.076964020729064941e-01
-2.229553759098052979e-01
2.457699179649353027e-01
-4.103860259056091309e-02
-9.918391108512878418e-01
-1.447995379567146301e-02
3.441101312637329102e-01
5.173047780990600586e-01
9.922628402709960938e-01
-7.777436971664428711e-01
3.501011133193969727e-01
2.587333917617797852e-01
4.144262373447418213e-01
1.435032933950424194e-01
-1.182684674859046936e-01
1.121804118156433105e+00
8.567867428064346313e-02
8.058486133813858032e-02
-7.391268014907836914e-01
-2.201143652200698853e-02
1.074737191200256348e+00
-1.366476267576217651e-01
8.462076187133789062e-01
-8.590906262397766113e-01
1.270559336990118027e-02
8.010667562484741211e-01
-6.144870519638061523e-01
-9.326150417327880859e-01
4.574525058269500732e-01
-9.937444329261779785e-02
7.477679252624511719e-01
-3.193794488906860352e-01
-6.803675293922424316e-01
-6.012635231018066406e-01
-8.165411353111267090e-01
1.550829261541366577e-01
-2.363313548266887665e-02
-8.833894133567810059e-02
4.667919576168060303e-01
-2.299459725618362427e-01
-2.324313372373580933e-01
2.056474983692169189e-01
9.062006473541259766e-01
4.650050103664398193e-01
1.596795320510864258e-01
8.034498691558837891e-01
-2.306836396455764771e-01
5.411737561225891113e-01
-1.190196275711059570e-01
-8.765680193901062012e-01
4.234778881072998047e-01
-8.691949844360351562e-01
-3.065716028213500977e-01
-6.222305893898010254e-01
-5.669609904289245605e-01
-2.741569653153419495e-02
-1.245150044560432434e-01
-3.683400154113769531e-01
1.030482649803161621e-01
2.629209458827972412e-01
2.746115028858184814e-01
-3.505596518516540527e-01
-6.414943933486938477e-01
4.458619952201843262e-01
9.181516766548156738e-01
-6.504382938146591187e-02
-1.035312175750732422e+00
3.534877002239227295e-01
2.379571795463562012e-01
8.140445351600646973e-01
-3.885670006275177002e-01
8.097448945045471191e-01
1.916826143860816956e-02
5.973398089408874512e-01
4.503040313720703125e-01
6.465660929679870605e-01
3.957366943359375000e-01
6.816616058349609375e-01
-2.403639554977416992e-01
2.912397682666778564e-01
-1.465992927551269531e-01
-6.743660569190979004e-02
-7.080030441284179688e-01
-1.523465216159820557e-01
6.147174537181854248e-02
-2.234513610601425171e-01
-3.257431387901306152e-01
-3.119937777519226074e-01
2.930877804756164551e-01
6.110667586326599121e-01
2.004250437021255493e-01
9.123261570930480957e-01
-2.789044082164764404e-01
6.590466499328613281e-01
-3.614038228988647461e-02
-9.395603090524673462e-02
1.308482736349105835e-01
6.980467438697814941e-01
-7.553051710128784180e-01
-6.615441441535949707e-01
6.864116191864013672e-01
1.237716749310493469e-01
1.514273524284362793e+00
-7.981302738189697266e-01
-5.028582215309143066e-01
-1.633696854114532471e-01
-2.005413919687271118e-01
5.253447294235229492e-01
-1.919424980878829956e-01
-3.047227859497070312e-02
-7.123727202415466309e-01
-7.270470857620239258e-01
-8.267752081155776978e-02
9.076591581106185913e-02
-2.522151172161102295e-02
-2.089269012212753296e-01
-9.780721664428710938e-01
3.893937766551971436e-01
1.945254802703857422e-01
-4.161313772201538086e-01
5.296587347984313965e-01
5.252666473388671875e-01
5.767744183540344238e-01
1.866902261972427368e-01
1.327526420354843140e-01
7.382875680923461914e-01
-4.890486299991607666e-01
-2.062944769859313965e-01
1.289125680923461914e-01
9.856151938438415527e-01
-6.300818324089050293e-01
-2.576062455773353577e-02
2.812699675559997559e-01
2.481038868427276611e-01
3.089903891086578369e-01
-2.473233044147491455e-01
-1.509147882461547852e-01
1.429450511932373047e-01
1.459797620773315430e-01
-2.307950109243392944e-01
-3.708049952983856201e-01
9.446373581886291504e-02
3.333874046802520752e-01
-1.451674103736877441e-01
-7.706634234637022018e-03
-1.571832895278930664e-01
3.819986581802368164e-01
3.672772943973541260e-01
-3.696998059749603271e-01
1.900699734687805176e-01
-5.301599502563476562e-01
1.299130767583847046e-01
3.740213066339492798e-02
3.738826811313629150e-01
3.662703186273574829e-02
-2.747259140014648438e-01
2.808377444744110107e-01
-2.573379781097173691e-03
1.472271978855133057e-01
1.545856744050979614e-01
-2.326867729425430298e-01
-1.686003245413303375e-02
3.371198773384094238e-01
1.971313059329986572e-01
4.992771446704864502e-01
-7.887062430381774902e-02
1.814171075820922852e-01
1.352595686912536621e-01
1.361082643270492554e-01
-2.594449222087860107e-01
6.630292534828186035e-02
4.391308128833770752e-01
2.510924339294433594e-01
2.530905008316040039e-01
-1.416693627834320068e-01
-1.667604893445968628e-01
5.210743546485900879e-01
-6.882162094116210938e-01
-4.544424414634704590e-01
-3.102705776691436768e-01
1.024761646986007690e-01
-2.695967853069305420e-01
-3.672557175159454346e-01
-5.340129137039184570e-01
-5.362444519996643066e-01
