2.226990908384323120e-01
-2.139172106981277466e-01
2.790128886699676514e-01
-4.707391560077667236e-01
1.861672103404998779e-01
-2.668481469154357910e-01
1.632665991783142090e-01
5.981731694191694260e-03
-9.388118982315063477e-02
1.597631871700286865e-01
-4.543531537055969238e-01
-8.678099513053894043e-01
-3.895140290260314941e-01
-1.476298123598098755e-01
8.119110018014907837e-02
-1.516896933317184448e-01
-2.308815419673919678e-01
-4.987847059965133667e-02
1.937509626150131226e-01
-3.827299550175666809e-02
-8.699233829975128174e-02
-1.400339752435684204e-01
8.048202842473983765e-02
-1.452379077672958374e-01
1.519986540079116821e-01
-5.887284502387046814e-02
5.149360299110412598e-01
-4.841972291469573975e-01
1.160717681050300598e-01
2.101675420999526978e-01
-3.195139169692993164e-01
-1.993354409933090210e-01
-5.865662693977355957e-01
1.249558702111244202e-01
8.889131247997283936e-02
1.955909430980682373e-01
-2.001214027404785156e-02
2.732389867305755615e-01
-1.598163973540067673e-03
5.931889414787292480e-01
-1.353194415569305420e-01
3.513731062412261963e-02
2.021208405494689941e-01
-1.510498076677322388e-01
-5.175315961241722107e-02
-2.420237362384796143e-01
-4.073040932416915894e-02
3.493168205022811890e-02
-3.062766492366790771e-01
-4.615320861339569092e-01
-3.994849920272827148e-01
-1.484212875366210938e-01
-6.537265777587890625e-01
2.216125093400478363e-02
-1.959027945995330811e-01
-2.242948114871978760e-01
-6.022422909736633301e-01
1.116469427943229675e-01
3.488303124904632568e-01
3.976013958454132080e-01
6.585975885391235352e-01
4.188364148139953613e-01
-9.197684377431869507e-02
1.378801316022872925e-01
-1.734462529420852661e-01
5.731889978051185608e-02
-1.959428936243057251e-01
1.990505866706371307e-02
-7.084716111421585083e-03
-1.648163422942161560e-02
-1.133679598569869995e-02
1.906049698591232300e-01
1.055055782198905945e-01
-4.396155774593353271e-01
-6.681558489799499512e-01
-2.250304818153381348e-01
-2.174875885248184204e-01
3.837801218032836914e-01
4.602891579270362854e-02
-1.032482907176017761e-01
-9.411596506834030151e-02
-4.218043014407157898e-02
-4.164565801620483398e-01
-7.003317028284072876e-02
-2.851877808570861816e-01
-3.188840448856353760e-01
-1.079919338226318359e-01
3.699697852134704590e-01
1.700587123632431030e-01
-2.088967412710189819e-01
-1.582305431365966797e-01
-5.017254948616027832e-01
8.810339868068695068e-02
-5.964897274971008301e-01
1.282013058662414551e-01
-2.126997895538806915e-02
-7.077860832214355469e-02
2.843885421752929688e-01
3.415202200412750244e-01
1.673639118671417236e-01
2.432243712246417999e-02
1.697968840599060059e-01
3.182693421840667725e-01
7.336182892322540283e-02
6.668036580085754395e-01
8.949485421180725098e-01
6.515160202980041504e-01
2.204488515853881836e-01
-4.537818729877471924e-01
-9.125007987022399902e-01
-7.643521428108215332e-01
-1.041215181350708008e+00
-4.653299748897552490e-01
1.039704382419586182e-01
-3.926340863108634949e-02
1.106739267706871033e-01
-3.012918531894683838e-01
-3.942868113517761230e-01
-1.853180378675460815e-01
-3.253568708896636963e-01
1.185482516884803772e-01
-1.066627278923988342e-01
3.447532057762145996e-01
-1.175683662295341492e-01
-1.696075797080993652e-01
6.198393180966377258e-02
-6.858211755752563477e-02
-6.055367179214954376e-03
-1.592719405889511108e-01
-1.954935491085052490e-01
2.042600139975547791e-02
4.506146609783172607e-01
2.162684649229049683e-01
6.949087977409362793e-01
-3.088109195232391357e-01
1.679390966892242432e-01
-2.653850317001342773e-01
-3.024077415466308594e-01
-4.314970225095748901e-02
-5.782285332679748535e-01
-9.197496622800827026e-02
1.661710888147354126e-01
1.515254676342010498e-01
2.368392646312713623e-01
2.057449221611022949e-01
-1.156643331050872803e-01
1.306553781032562256e-01
1.115118190646171570e-01
9.141684174537658691e-01
2.031403630971908569e-01
-3.328190147876739502e-01
-4.259124398231506348e-01
-6.504667997360229492e-01
-7.060052827000617981e-03
-2.640113234519958496e-01
-1.542094349861145020e-01
-1.050902158021926880e-01
3.733259066939353943e-02
-7.872543297708034515e-03
-3.541741669178009033e-01
5.269660148769617081e-03
-1.656715273857116699e-01
5.492686852812767029e-02
-1.122401654720306396e-01
-2.663152813911437988e-01
-3.109679222106933594e-01
-1.635185815393924713e-02
-1.398602575063705444e-01
2.081833481788635254e-01
4.216463565826416016e-01
2.598139345645904541e-01
1.666609495878219604e-01
1.195709407329559326e-01
-7.652452588081359863e-02
2.464438080787658691e-01
-1.339838206768035889e-01
1.540652960538864136e-01
-2.806463837623596191e-01
1.637632399797439575e-02
-2.229842916131019592e-02
2.435717284679412842e-01
2.191945016384124756e-01
3.579929172992706299e-01
3.151886537671089172e-02
3.868590295314788818e-01
5.707049369812011719e-01
1.010086894035339355e+00
2.668615281581878662e-01
9.834575653076171875e-02
-4.813712835311889648e-01
-9.948401451110839844e-01
-1.095720410346984863e+00
-1.017215013504028320e+00
-7.172980308532714844e-01
-3.829072117805480957e-01
-3.246502876281738281e-01
1.059180200099945068e-01
2.084901630878448486e-01
1.936563849449157715e-01
-4.212397038936614990e-01
1.287381500005722046e-01
-9.492585062980651855e-01
-8.814551234245300293e-01
-3.394933044910430908e-01
-1.194564104080200195e-01
8.324623703956604004e-01
5.663720965385437012e-01
1.375488042831420898e-01
4.451172649860382080e-01
-1.210821419954299927e-01
3.430029451847076416e-01
-7.662472873926162720e-02
4.646941721439361572e-01
1.643353104591369629e-01
3.784900903701782227e-01
-7.102054357528686523e-02
-1.268852949142456055e-01
1.329407095909118652e-01
-2.280949354171752930e-01
4.588059335947036743e-02
-2.764492109417915344e-02
-5.188266038894653320e-01
-2.136827707290649414e-01
-2.737642228603363037e-01
-9.793686866760253906e-02
2.275413125753402710e-01
5.407949090003967285e-01
-5.964193940162658691e-01
-8.905860781669616699e-02
-4.617426097393035889e-01
-1.420758068561553955e-01
-3.401169478893280029e-01
1.317632496356964111e-01
-6.742076277732849121e-01
4.413109719753265381e-01
4.623016417026519775e-01
2.856076359748840332e-01
1.456842720508575439e-01
-5.502642393112182617e-01
9.061221033334732056e-02
-4.380522966384887695e-01
-1.185358762741088867e-01
-4.051695168018341064e-01
2.200865745544433594e-02
-3.117444515228271484e-01
3.954284191131591797e-01
8.419333696365356445e-01
3.821472227573394775e-01
2.363401204347610474e-01
-1.013472318649291992e+00
-7.691841572523117065e-02
-6.456120610237121582e-01
-6.859652996063232422e-01
-4.387106597423553467e-01
-5.282787084579467773e-01
-2.763226032257080078e-01
-7.499676197767257690e-02
1.864922977983951569e-02
3.355962932109832764e-01
3.188836276531219482e-01
-3.437551856040954590e-01
-1.848248839378356934e-01
-2.839653193950653076e-01
-8.768182247877120972e-02
1.340440511703491211e-01
3.389726206660270691e-02
-1.608764827251434326e-01
3.781805932521820068e-01
4.139909148216247559e-02
2.943887710571289062e-01
-1.810051053762435913e-01
7.858645170927047729e-03
1.167859554290771484e+00
2.845875024795532227e-01
-1.561184525489807129e-01
-1.114434123039245605e+00
-8.759387731552124023e-01
-1.109731122851371765e-01
-2.319491058588027954e-01
-1.728305071592330933e-01
-9.145407378673553467e-02
-3.754098713397979736e-02
-3.686163425445556641e-01
1.945108175277709961e-02
-1.988204196095466614e-02
3.595768809318542480e-01
-3.537961840629577637e-02
3.644779324531555176e-01
1.461740136146545410e-01
-2.516371905803680420e-01
-3.401545286178588867e-01
-6.825460195541381836e-01
-4.395402967929840088e-01
1.353184580802917480e-01
3.989412784576416016e-01
8.665236830711364746e-01
-2.643435001373291016e-01
2.675707340240478516e-01
-1.681999117136001587e-01
-1.259579658508300781e-01
-1.885900646448135376e-01
-5.904043316841125488e-01
-3.741884827613830566e-01
-1.009101048111915588e-02
7.323221862316131592e-02
-3.389938548207283020e-02
3.204548060894012451e-01
-2.106952108442783356e-02
1.936033964157104492e-01
-2.112091183662414551e-01
3.046509027481079102e-01
-5.504663586616516113e-01
6.553643196821212769e-02
-1.756234765052795410e-01
2.188632488250732422e-01
-1.275448203086853027e-01
-4.589944481849670410e-01
-1.435359418392181396e-01
-5.029898881912231445e-01
1.496363617479801178e-02
9.166073054075241089e-02
-1.134978979825973511e-01
-9.694149345159530640e-02
-5.370962992310523987e-02
7.033398374915122986e-03
-3.919227123260498047e-01
-1.708366870880126953e-01
3.900588750839233398e-01
-2.108580321073532104e-01
1.799248009920120239e-01
7.762844115495681763e-02
5.126575827598571777e-01
-8.003984391689300537e-02
-3.390208259224891663e-02
-2.063314765691757202e-01
-6.833733320236206055e-01
-2.914506196975708008e-01
9.911823272705078125e-02
2.393139451742172241e-01
6.199558973312377930e-01
-2.120032906532287598e-01
4.130442142486572266e-01
-4.357272386550903320e-01
-3.172450512647628784e-02
-6.099573373794555664e-01
-1.889011263847351074e-02
2.488320022821426392e-01
1.329617649316787720e-01
3.439179956912994385e-01
-1.779146045446395874e-01
7.077805697917938232e-02
3.009307086467742920e-01
-2.767815291881561279e-01
-8.540543913841247559e-02
-4.477385878562927246e-01
1.143639832735061646e-01
-3.029727935791015625e-01
2.564780116081237793e-01
-6.018821522593498230e-02
-9.403412789106369019e-02
-4.516886174678802490e-02
2.249215245246887207e-01
2.696249186992645264e-01
7.160084694623947144e-02
-1.145810261368751526e-01
2.824315130710601807e-01
-5.823926925659179688e-01
1.402153670787811279e-01
-2.897552959620952606e-02
6.276296079158782959e-02
-3.381063938140869141e-01
8.305653184652328491e-02
4.210979342460632324e-01
-1.176176443696022034e-01
1.114608999341726303e-02
-8.931725025177001953e-01
-1.100772917270660400e-01
-5.045059919357299805e-01
3.773654699325561523e-01
6.008548140525817871e-01
7.861006259918212891e-01
1.302659511566162109e-01
4.715429842472076416e-01
-2.990914285182952881e-01
5.448415279388427734e-01
-1.573782444000244141e+00
5.006093978881835938e-01
5.786216259002685547e-01
-1.813520118594169617e-02
-5.075130611658096313e-02
-1.048395276069641113e+00
-5.136530995368957520e-01
-5.419674515724182129e-01
5.195634812116622925e-02
-2.720496058464050293e-01
-2.624924480915069580e-01
-4.101827740669250488e-01
4.034259319305419922e-01
-2.058728337287902832e-01
3.441568017005920410e-01
-2.175409793853759766e-01
-3.892672713845968246e-03
-4.093771576881408691e-01
-1.334138810634613037e-01
7.161900401115417480e-02
1.344769001007080078e-01
1.094477064907550812e-02
-7.397733330726623535e-01
2.950433194637298584e-01
-4.454326629638671875e-02
4.687721729278564453e-01
-3.905215114355087280e-02
4.142424762248992920e-01
6.060051321983337402e-01
-1.947607547044754028e-01
-5.289491415023803711e-01
-6.222082376480102539e-01
-5.930150747299194336e-01
-4.893100261688232422e-01
-1.871062517166137695e-01
-2.054335772991180420e-01
5.052289962768554688e-01
3.626105487346649170e-01
4.291477799415588379e-01
-8.428186923265457153e-02
2.887352108955383301e-01
-1.117933511734008789e+00
1.464764475822448730e-01
3.383716940879821777e-01
-5.344359278678894043e-01
-2.401491403579711914e-01
-5.089952945709228516e-01
-2.182357907295227051e-01
4.239699840545654297e-01
2.557842135429382324e-01
5.238350629806518555e-01
-4.521983861923217773e-02
-7.042662054300308228e-02
-1.116348385810852051e+00
-4.802100658416748047e-01
-5.771461725234985352e-01
1.257368363440036774e-02
-1.192097961902618408e-01
1.861083507537841797e-02
3.005873858928680420e-01
-2.873251773416996002e-02
1.856368631124496460e-01
-1.243067458271980286e-01
8.442953228950500488e-02
-9.183321148157119751e-02
2.615699470043182373e-01
3.993929922580718994e-02
2.890135049819946289e-01
3.120152354240417480e-01
-1.095426231622695923e-01
-2.177866250276565552e-01
-3.148096203804016113e-01
-4.639220237731933594e-01
8.526941761374473572e-03
-2.979134209454059601e-02
1.509158592671155930e-02
-1.109915375709533691e-01
-2.171253710985183716e-01
-1.355971395969390869e-01
1.163961812853813171e-01
9.082751721143722534e-02
-1.332345008850097656e-01
-2.856865823268890381e-01
-8.085767924785614014e-02
-1.484872549772262573e-01
-2.512500286102294922e-01
1.045963764190673828e+00
3.840363621711730957e-01
3.069163858890533447e-01
-1.034264564514160156e+00
-1.260785102844238281e+00
-1.236703023314476013e-01
-5.703572630882263184e-01
1.159484982490539551e-01
1.907850503921508789e-01
-1.560312211513519287e-01
1.067283824086189270e-01
-9.931540489196777344e-02
4.303660690784454346e-01
-1.433070451021194458e-01
6.871219873428344727e-01
9.531353116035461426e-01
6.750543713569641113e-01
1.469242125749588013e-01
-6.987786889076232910e-01
-3.627809882164001465e-01
-6.609948873519897461e-01
-3.391859233379364014e-01
-4.322789609432220459e-01
-1.875703632831573486e-01
-7.000216841697692871e-01
-3.316036164760589600e-01
-4.444871544837951660e-01
-5.226209759712219238e-02
-2.592528760433197021e-01
9.217365980148315430e-01
-3.393494486808776855e-01
5.450455546379089355e-01
9.797896258533000946e-03
6.499192118644714355e-02
1.849571764469146729e-01
3.000423014163970947e-01
-5.601883679628372192e-02
-1.033224612474441528e-01
-1.854580827057361603e-02
1.194363683462142944e-01
1.572805494070053101e-01
-2.732079662382602692e-02
