1.409368515014648438e+00
1.678887754678726196e-02
6.679936051368713379e-01
4.986197650432586670e-01
4.577174484729766846e-01
-7.448828220367431641e-02
-9.839536249637603760e-02
-9.021810889244079590e-01
4.256832227110862732e-02
-6.721986532211303711e-01
-2.594492435455322266e-01
-5.340980887413024902e-01
4.786837399005889893e-01
-2.903093099594116211e-01
2.189074605703353882e-01
-3.830158412456512451e-01
-1.571422070264816284e-01
-6.204391121864318848e-01
-6.108391284942626953e-01
7.732694745063781738e-01
1.130606770515441895e+00
3.818965852260589600e-01
4.272279441356658936e-01
4.502244293689727783e-01
-2.513066232204437256e-01
-5.557471513748168945e-01
-8.789651393890380859e-01
-2.098757982254028320e+00
1.700127124786376953e-01
-2.322677075862884521e-01
3.884786665439605713e-01
-1.965296715497970581e-01
-2.002605982124805450e-02
-3.380028009414672852e-01
4.416315257549285889e-01
-4.553019404411315918e-01
-4.293671548366546631e-01
-9.697511196136474609e-01
4.016122967004776001e-02
-1.877722144126892090e-01
5.201998949050903320e-01
1.962103992700576782e-01
4.849578440189361572e-01
2.517572641372680664e-01
-1.401961445808410645e-01
-3.169977962970733643e-01
-5.004292130470275879e-01
-2.284613847732543945e-01
5.093022584915161133e-01
2.835085690021514893e-01
-1.055882871150970459e-01
5.604466795921325684e-01
7.342757582664489746e-01
1.172839850187301636e-01
4.387785196304321289e-01
-3.253113031387329102e-01
-4.529463350772857666e-01
-5.271763801574707031e-01
4.507612287998199463e-01
-1.295646071434020996e+00
-5.472443997859954834e-02
-5.272465944290161133e-01
-2.501256465911865234e-01
-2.324023097753524780e-01
1.738591864705085754e-02
-8.966200947761535645e-01
2.551859319210052490e-01
2.627821862697601318e-01
3.024353981018066406e-01
5.147106647491455078e-01
5.353342294692993164e-01
3.976240456104278564e-01
1.360508948564529419e-01
1.609107851982116699e-01
-2.130920886993408203e-01
-3.257802128791809082e-01
-3.341949880123138428e-01
-5.045718550682067871e-01
-8.568620085716247559e-01
-1.405853480100631714e-01
3.426225483417510986e-01
-3.550936281681060791e-02
4.776547849178314209e-01
-1.313051767647266388e-02
1.069788187742233276e-01
-6.579735875129699707e-02
-7.280060648918151855e-02
-2.720772922039031982e-01
2.880357503890991211e-01
-2.571238279342651367e-01
-3.373873233795166016e-01
-2.680021822452545166e-01
-2.134036719799041748e-01
-9.237351268529891968e-02
-5.416325479745864868e-02
3.782943189144134521e-01
-1.016239151358604431e-01
-2.829493489116430283e-03
-8.249770402908325195e-01
4.093829989433288574e-01
-3.372187912464141846e-02
-4.968566596508026123e-01
-2.821255028247833252e-01
5.676879286766052246e-01
3.457408845424652100e-01
5.832402110099792480e-01
2.265906520187854767e-02
-1.061140179634094238e+00
-9.798478335142135620e-02
-2.515292465686798096e-01
3.421245813369750977e-01
1.057782769203186035e-01
-1.428829133510589600e-01
-2.395023778080940247e-02
4.495104253292083740e-01
5.518949031829833984e-01
-4.550378620624542236e-01
-7.899946570396423340e-01
-2.569979131221771240e-01
2.237643897533416748e-01
3.909623622894287109e-01
-5.123531073331832886e-02
5.295396596193313599e-02
1.084150433540344238e+00
4.168822765350341797e-01
1.334898266941308975e-02
-5.876136422157287598e-01
-2.752929329872131348e-01
-1.868700236082077026e-01
-2.200896479189395905e-02
4.348249733448028564e-01
-2.253752201795578003e-01
-1.992558538913726807e-01
-1.058218777179718018e-01
1.332376897335052490e-01
-5.159545540809631348e-01
-3.318690955638885498e-01
-2.679079473018646240e-01
-5.317969918251037598e-01
-4.944721758365631104e-01
-4.054583609104156494e-01
-1.365663409233093262e-01
1.605440080165863037e-01
1.261859666556119919e-02
5.242768526077270508e-01
4.319637119770050049e-01
1.849956810474395752e-01
3.281213939189910889e-01
-5.213703960180282593e-03
7.770199328660964966e-03
2.062499970197677612e-01
-5.905792117118835449e-01
-2.172724604606628418e-01
-6.128121614456176758e-01
2.483834624290466309e-01
-2.736635878682136536e-02
-3.598816394805908203e-01
-4.799977242946624756e-01
-4.625410959124565125e-02
-7.332021743059158325e-02
-7.323263585567474365e-02
-8.266717195510864258e-02
-1.177953109145164490e-01
6.983554959297180176e-01
7.626115679740905762e-01
5.293116569519042969e-01
-4.101778566837310791e-01
-6.936827301979064941e-01
-2.578776180744171143e-01
2.850046455860137939e-01
3.447244167327880859e-01
7.211140394210815430e-01
4.950927942991256714e-02
4.013814628124237061e-01
6.524591892957687378e-02
5.134388208389282227e-01
-7.882376909255981445e-01
-4.572764337062835693e-01
-9.874233007431030273e-01
3.457489423453807831e-03
-6.502840518951416016e-01
-4.231118559837341309e-01
3.985017240047454834e-01
3.342069387435913086e-01
3.339664936065673828e-01
-4.930917620658874512e-01
-3.698288500308990479e-01
-7.059357762336730957e-01
7.436638325452804565e-02
1.471832543611526489e-01
6.580069065093994141e-01
6.199789047241210938e-01
9.206210374832153320e-01
2.983934581279754639e-01
2.418021559715270996e-01
-1.640232801437377930e-01
-7.639824748039245605e-01
-3.067743480205535889e-01
2.560677230358123779e-01
-5.860928893089294434e-01
-1.138077899813652039e-01
2.232629954814910889e-01
-9.781687706708908081e-02
-4.629733264446258545e-01
-7.552490383386611938e-02
-1.466488838195800781e+00
9.717099368572235107e-02
3.837295472621917725e-01
7.147295027971267700e-02
6.290054917335510254e-01
-2.770024836063385010e-01
4.590358436107635498e-01
-9.017468243837356567e-02
-2.991465628147125244e-01
-4.181385934352874756e-01
-5.347096323966979980e-01
-3.612363636493682861e-01
1.183944381773471832e-02
2.575719170272350311e-02
6.914777755737304688e-01
-1.678041964769363403e-01
2.677011303603649139e-02
-2.622082233428955078e-01
-7.369314879179000854e-02
-3.375273570418357849e-02
-2.472419142723083496e-01
-3.043260574340820312e-01
2.589013576507568359e-01
4.558471590280532837e-02
1.171878948807716370e-01
-2.493078447878360748e-02
-4.958629310131072998e-01
1.417296286672353745e-02
-5.290813744068145752e-02
2.163187414407730103e-01
9.641508758068084717e-02
-5.365001559257507324e-01
-1.043984144926071167e-01
2.858141362667083740e-01
4.410805702209472656e-01
2.845242321491241455e-01
1.566167548298835754e-02
-1.794510930776596069e-01
-5.085880756378173828e-01
-5.095868110656738281e-01
1.966527402400970459e-01
-1.807254552841186523e-02
-5.605449676513671875e-01
-3.908131420612335205e-01
-2.155359089374542236e-01
-2.699656188488006592e-01
1.870121359825134277e-01
-9.653794765472412109e-02
1.029583290219306946e-01
-1.007277071475982666e-01
-8.069702386856079102e-01
-3.848238885402679443e-01
-1.159015893936157227e+00
-1.554007768630981445e+00
1.332821100950241089e-01
-1.735534191131591797e+00
-1.153451874852180481e-01
6.998481750488281250e-01
5.076153278350830078e-01
8.652892708778381348e-02
-3.929054439067840576e-01
1.136721596121788025e-01
-5.618479251861572266e-01
-1.025710925459861755e-01
3.651345893740653992e-02
7.304607033729553223e-01
4.506443142890930176e-01
7.351801991462707520e-01
-2.568944096565246582e-01
-7.736649513244628906e-01
-3.860147297382354736e-01
-3.249242007732391357e-01
-1.107110828161239624e-02
8.174513280391693115e-02
-6.911974400281906128e-02
1.223081469535827637e+00
4.243857562541961670e-01
-5.306163430213928223e-02
-5.512079000473022461e-01
-2.135277539491653442e-01
3.764520883560180664e-01
4.306095186620950699e-03
8.013544976711273193e-02
3.702144026756286621e-01
2.633642852306365967e-01
-4.058353900909423828e-01
4.355345387011766434e-03
-2.596344612538814545e-02
-1.272547125816345215e+00
-4.242109060287475586e-01
3.968995809555053711e-02
1.576735526323318481e-01
-3.031733632087707520e-01
-1.839696913957595825e-01
1.990048140287399292e-01
5.363651514053344727e-01
-1.344537548720836639e-02
-5.069862008094787598e-01
-3.176218271255493164e-01
-4.341375827789306641e-01
6.515206303447484970e-03
-6.313020586967468262e-01
-7.232109904289245605e-01
-2.276555001735687256e-01
-7.081282883882522583e-02
-1.194693371653556824e-01
3.353971838951110840e-01
2.009953707456588745e-01
4.155783057212829590e-01
4.380699098110198975e-01
2.541265822947025299e-02
-1.524361073970794678e-01
2.067514359951019287e-01
6.397118568420410156e-01
-5.287414193153381348e-01
9.251599758863449097e-02
2.645831704139709473e-01
2.283446788787841797e-01
1.301110684871673584e-01
-9.728473424911499023e-01
-2.430786937475204468e-01
-1.465583920478820801e+00
3.153820633888244629e-01
3.244592845439910889e-01
1.741370856761932373e-01
9.026465415954589844e-01
-1.359968632459640503e-01
1.561603695154190063e-02
-1.088064193725585938e+00
-1.030467152595520020e+00
-9.626381397247314453e-01
-2.436809241771697998e-01
-1.649636626243591309e-01
7.613801956176757812e-01
6.513878107070922852e-01
7.422178387641906738e-01
2.071738243103027344e-01
2.925759553909301758e-01
-5.179861783981323242e-01
-1.554298639297485352e+00
-2.659498713910579681e-02
5.060762912034988403e-02
-5.017548426985740662e-02
9.688559174537658691e-01
-4.219540059566497803e-01
-1.968600302934646606e-01
3.215633928775787354e-01
4.347673356533050537e-01
-1.523979306221008301e-01
-3.512749373912811279e-01
-7.841588854789733887e-01
-5.465001240372657776e-02
4.625109434127807617e-01
6.917471289634704590e-01
8.778617978096008301e-01
4.597752392292022705e-01
3.825877606868743896e-01
4.113843441009521484e-01
-2.737075090408325195e-01
-8.772844672203063965e-01
-3.735316991806030273e-01
-1.710135042667388916e-01
-5.345501899719238281e-01
8.548825979232788086e-01
6.084059365093708038e-03
-3.238133341073989868e-02
-4.712035953998565674e-01
-7.910776138305664062e-01
-8.436874747276306152e-01
-3.466949760913848877e-01
-1.340446621179580688e-01
3.741150796413421631e-01
-3.068313002586364746e-01
6.069540977478027344e-01
9.772109389305114746e-01
3.379034996032714844e-01
9.209313988685607910e-02
-3.937042355537414551e-01
-4.613120555877685547e-01
-3.346320688724517822e-01
5.421943664550781250e-01
1.079902768135070801e+00
2.338638752698898315e-01
8.883972167968750000e-01
3.160512447357177734e-01
4.015525281429290771e-01
-7.301853299140930176e-01
3.924633264541625977e-01
-1.502092719078063965e+00
1.285644024610519409e-01
-4.418991506099700928e-02
-9.123370051383972168e-02
1.055564656853675842e-01
1.661336719989776611e-01
-3.303965330123901367e-01
8.161374926567077637e-02
-3.301398754119873047e-01
-8.928914368152618408e-02
-5.194304585456848145e-01
-1.465654969215393066e-01
-9.050711989402770996e-02
-2.945468723773956299e-01
1.643660105764865875e-02
-8.849318623542785645e-01
-1.120162382721900940e-01
-2.906408309936523438e-01
-1.114008307456970215e+00
-1.313181519508361816e+00
-1.674253493547439575e-01
3.151768147945404053e-01
4.855253994464874268e-01
2.462818771600723267e-01
-9.837001562118530273e-02
-4.174553751945495605e-01
8.789137750864028931e-02
-1.583732962608337402e-01
-5.955173168331384659e-03
5.279003977775573730e-01
5.043495297431945801e-01
9.264367222785949707e-01
-2.370424121618270874e-01
-4.150511324405670166e-01
-1.155242443084716797e+00
-3.964460194110870361e-01
2.400393635034561157e-01
2.530854344367980957e-01
6.216399073600769043e-01
3.545703887939453125e-01
3.755063116550445557e-01
4.511265158653259277e-01
-1.603993475437164307e-01
-1.016035079956054688e+00
-1.187999606132507324e+00
-3.432164713740348816e-02
-3.258055746555328369e-01
4.214088022708892822e-01
1.536041200160980225e-01
7.366456389427185059e-01
4.125196635723114014e-01
-2.037814110517501831e-01
1.954804211854934692e-01
-1.149367809295654297e+00
1.378824748098850250e-02
-3.099522888660430908e-01
-5.764253437519073486e-02
6.673610955476760864e-02
3.194022476673126221e-01
2.650897800922393799e-01
3.742730915546417236e-01
3.096680641174316406e-01
-6.108870506286621094e-01
-2.672865688800811768e-01
2.348379790782928467e-02
-8.267974257469177246e-01
7.273249626159667969e-01
8.306959867477416992e-01
5.769691616296768188e-02
-2.366243302822113037e-01
-1.610516011714935303e-01
-7.426828145980834961e-01
-1.056987166404724121e+00
-3.642351925373077393e-02
2.467849701642990112e-01
6.552220582962036133e-01
2.515658438205718994e-01
3.375789821147918701e-01
4.383698850870132446e-02
-4.395966827869415283e-01
1.583835780620574951e-01
2.451706975698471069e-01
-4.509525001049041748e-01
-3.442829251289367676e-01
-2.170955091714859009e-01
-6.160591915249824524e-02
-3.289131820201873779e-02
-1.241989016532897949e+00
9.705550670623779297e-01
-4.450883865356445312e-01
1.126785054802894592e-01
-3.547820076346397400e-02
-3.946397900581359863e-01
7.550574541091918945e-01
-1.117240190505981445e-01
-4.852603375911712646e-02
-1.020221829414367676e+00
5.984212458133697510e-02
9.927877187728881836e-01
2.795961499214172363e-01
3.708730340003967285e-01
-1.912098228931427002e-01
-3.071522414684295654e-01
-8.449609279632568359e-01
5.881659686565399170e-02
-3.888619244098663330e-01
-4.164893925189971924e-01
-6.945049762725830078e-01
-6.610512733459472656e-02
-1.499560117721557617e+00
3.280906379222869873e-01
1.129961460828781128e-01
-3.305071592330932617e-01
2.038904428482055664e-01
1.025767207145690918e+00
1.324970126152038574e+00
-2.575002312660217285e-01
2.619136273860931396e-01
3.583846241235733032e-02
8.211706876754760742e-01
