-3.792999386787414551e-01
-1.116941213607788086e+00
-8.007913082838058472e-02
-7.664353251457214355e-01
-7.263742089271545410e-01
-9.837243556976318359e-01
-1.429083794355392456e-01
-3.673752546310424805e-01
6.181998252868652344e-01
5.239207744598388672e-01
-4.571835696697235107e-01
2.084600925445556641e-01
7.974295616149902344e-01
2.803587019443511963e-01
2.860527932643890381e-01
-7.141662389039993286e-02
2.588563263416290283e-01
-9.683735668659210205e-02
-4.516153037548065186e-01
-1.237758770585060120e-01
6.095746755599975586e-01
-8.157938718795776367e-01
-3.359628617763519287e-01
8.746817111968994141e-01
3.849830329418182373e-01
4.100769758224487305e-01
7.051923871040344238e-01
1.909500807523727417e-01
-6.650841832160949707e-01
2.925623953342437744e-02
-4.754522442817687988e-02
4.497501254081726074e-01
-1.170107483863830566e+00
1.235983371734619141e+00
4.511830806732177734e-01
-3.583830296993255615e-01
7.036523818969726562e-01
4.860779643058776855e-01
-9.092271327972412109e-03
6.887576580047607422e-01
5.432919859886169434e-01
8.317761421203613281e-01
5.483297705650329590e-01
-1.134719729423522949e+00
6.329927444458007812e-01
2.770944833755493164e-01
2.444598674774169922e-01
-8.626064658164978027e-01
-9.113371372222900391e-01
1.623624563217163086e-01
-4.348402023315429688e-01
-1.128312826156616211e+00
-2.274967432022094727e-01
-4.635436832904815674e-01
1.754073143005371094e+00
-6.958319544792175293e-01
1.134466379880905151e-01
5.564506649971008301e-01
7.898617386817932129e-01
-2.714245021343231201e-01
1.194754317402839661e-01
-7.441095709800720215e-01
-2.771308273077011108e-02
3.635059297084808350e-01
-5.788660645484924316e-01
-9.657856076955795288e-02
-1.648909747600555420e-01
-6.040510535240173340e-01
-7.079984545707702637e-01
-1.282639056444168091e-01
5.019739866256713867e-01
-6.151778697967529297e-01
-1.322140395641326904e-01
5.706701278686523438e-01
7.643712162971496582e-01
3.174197673797607422e-01
3.998782932758331299e-01
6.849800348281860352e-01
8.207260370254516602e-01
9.134654402732849121e-01
-6.611821055412292480e-01
4.681175947189331055e-02
1.410192012786865234e+00
-2.810438275337219238e-01
-8.395135402679443359e-01
-4.442030191421508789e-01
1.445252895355224609e-01
-4.664352238178253174e-01
2.307119816541671753e-01
-7.632670998573303223e-01
-1.027214005589485168e-01
6.214360594749450684e-01
3.334643840789794922e-01
1.415730476379394531e+00
-1.369719624519348145e+00
3.584438562393188477e-01
-1.456663571298122406e-02
2.213896811008453369e-01
-3.002890944480895996e-01
-1.019932031631469727e+00
-5.994459986686706543e-01
8.125697374343872070e-01
6.372001767158508301e-01
-8.736826777458190918e-01
-8.807317912578582764e-02
3.857601284980773926e-01
-3.472760617733001709e-01
-3.491492271423339844e-01
-5.892579555511474609e-01
4.334492087364196777e-01
1.329192638397216797e+00
-2.124093472957611084e-01
-7.866403460502624512e-02
-5.318313464522361755e-02
3.247336447238922119e-01
4.274872243404388428e-01
-2.834931612014770508e-01
-3.525839745998382568e-01
-2.331441342830657959e-01
3.350931406021118164e-01
-4.314755499362945557e-01
7.329660654067993164e-02
2.239770889282226562e-01
6.322731971740722656e-01
-1.584228426218032837e-01
3.286629021167755127e-01
4.577129781246185303e-01
5.492402315139770508e-01
5.460378900170326233e-02
-1.000543475151062012e+00
-7.095582038164138794e-02
-2.828435897827148438e-01
-5.334703624248504639e-02
1.897534132003784180e-01
-4.018973112106323242e-01
3.598350584506988525e-01
7.558231353759765625e-01
4.853053390979766846e-02
2.680083513259887695e-01
-2.613089978694915771e-03
4.260981678962707520e-01
2.153954207897186279e-01
-8.386679887771606445e-01
-1.134044647216796875e+00
1.622474938631057739e-02
2.814743109047412872e-02
-9.014142304658889771e-02
8.265254497528076172e-01
5.112839341163635254e-01
6.403331756591796875e-01
6.301167011260986328e-01
-9.674360156059265137e-01
-9.860987961292266846e-02
2.544291615486145020e-01
2.308185696601867676e-01
-1.206418037414550781e+00
4.487716555595397949e-01
-8.878228813409805298e-02
5.101768374443054199e-01
-1.150582451373338699e-03
-7.208555340766906738e-01
9.904957376420497894e-03
1.609305143356323242e+00
1.100185886025428772e-01
1.658712476491928101e-01
-1.064869642257690430e+00
9.784726500511169434e-01
5.206990838050842285e-01
-1.149662375450134277e+00
2.683088779449462891e-01
-5.646342039108276367e-01
-1.154855340719223022e-01
-4.580032229423522949e-01
-4.567893743515014648e-01
-4.690168052911758423e-02
7.416514754295349121e-01
-2.014654725790023804e-01
1.668503880500793457e-01
-2.113342732191085815e-01
6.960779428482055664e-01
-4.596138373017311096e-02
1.574404001235961914e+00
-7.660761475563049316e-01
4.535282552242279053e-01
5.893838778138160706e-02
-1.865538209676742554e-01
5.767961740493774414e-01
3.914172202348709106e-02
1.409391760826110840e-01
-7.388381361961364746e-01
-6.268049478530883789e-01
3.848454058170318604e-01
2.839264832437038422e-02
1.882249712944030762e-01
-4.964469373226165771e-01
1.812400370836257935e-01
4.508493244647979736e-01
1.979386806488037109e-01
-2.236039936542510986e-01
-6.360463500022888184e-01
5.869082808494567871e-01
2.425439357757568359e-01
-9.350540041923522949e-01
3.115664124488830566e-01
1.631551235914230347e-02
8.761991858482360840e-01
5.965737104415893555e-01
-1.012142419815063477e+00
-4.179753661155700684e-01
5.619632005691528320e-01
3.152634203433990479e-01
-2.487738132476806641e-01
-1.650067865848541260e-01
-2.080110758543014526e-01
9.129204601049423218e-02
-2.946967184543609619e-01
-3.050215542316436768e-01
5.041604638099670410e-01
2.981162965297698975e-01
6.930411458015441895e-01
-1.812102347612380981e-01
-3.778912127017974854e-02
4.580986201763153076e-01
5.476086735725402832e-01
6.643002629280090332e-01
-4.863064885139465332e-01
3.994413018226623535e-01
3.474008738994598389e-01
-5.733075737953186035e-01
-2.901940643787384033e-01
-1.920909434556961060e-01
-3.102644383907318115e-01
-4.450594484806060791e-01
2.153952866792678833e-01
6.113093495368957520e-01
-2.459848970174789429e-01
-5.909733176231384277e-01
3.333733975887298584e-01
2.198251485824584961e-01
-8.231144398450851440e-03
-2.615126781165599823e-02
-6.549984812736511230e-01
5.995954871177673340e-01
1.802657395601272583e-01
1.860164850950241089e-01
-8.887622952461242676e-01
3.905861079692840576e-01
2.002567499876022339e-01
1.450381875038146973e-01
4.020684957504272461e-01
7.747821211814880371e-01
1.156472682952880859e+00
-8.772627264261245728e-02
4.608783125877380371e-01
3.389009833335876465e-01
-4.120652377605438232e-01
2.975751757621765137e-01
-4.842233955860137939e-01
1.136197596788406372e-01
-2.866348326206207275e-01
8.219591975212097168e-01
-8.845449686050415039e-01
5.061119794845581055e-01
-1.207102369517087936e-02
6.012125015258789062e-01
2.270496487617492676e-01
-5.497834831476211548e-02
3.549077212810516357e-01
5.273747444152832031e-01
4.302206262946128845e-02
-2.998940944671630859e-01
-6.164186000823974609e-01
3.914943709969520569e-02
-2.508377730846405029e-01
7.148869037628173828e-01
-8.362709879875183105e-01
-5.405139327049255371e-01
9.970033168792724609e-02
1.130336374044418335e-01
-7.850740551948547363e-01
5.430943518877029419e-02
3.841617405414581299e-01
7.560358047485351562e-01
3.366791307926177979e-01
-3.250350803136825562e-02
-6.633937954902648926e-01
-8.579353094100952148e-01
-2.138258963823318481e-01
6.465772986412048340e-01
-2.337134480476379395e-01
1.234954595565795898e-01
7.924652099609375000e-01
4.934877753257751465e-01
-2.986931800842285156e-01
6.889603137969970703e-01
-7.771760970354080200e-02
6.175453066825866699e-01
6.007735729217529297e-01
3.150688707828521729e-01
2.827572226524353027e-01
-1.742362082004547119e-01
-2.352082133293151855e-01
-6.725296974182128906e-01
3.345240056514739990e-01
1.211772635579109192e-01
-1.272474974393844604e-01
-8.484739065170288086e-01
-3.269939720630645752e-01
5.332741141319274902e-01
-3.173570930957794189e-01
2.508129477500915527e-01
5.757036805152893066e-01
3.766145110130310059e-01
7.200974225997924805e-01
-1.955732703208923340e-01
-3.991036415100097656e-01
6.772810593247413635e-05
-3.639868497848510742e-01
-4.950248599052429199e-01
-5.743737816810607910e-01
7.529298067092895508e-01
-3.678651154041290283e-02
-1.002951115369796753e-01
9.086605161428451538e-02
1.067394495010375977e+00
4.684757888317108154e-01
-4.713950455188751221e-01
4.539945423603057861e-01
1.902175098657608032e-01
3.713479936122894287e-01
-7.579267621040344238e-01
-7.012811303138732910e-02
4.758110642433166504e-01
-3.656732439994812012e-01
-5.372176170349121094e-01
8.796636760234832764e-02
-7.137652486562728882e-02
9.723055958747863770e-01
2.307413369417190552e-01
-9.697016477584838867e-01
-3.927126899361610413e-02
-8.191637694835662842e-02
8.203642964363098145e-01
-8.665368556976318359e-01
5.956570506095886230e-01
6.149068474769592285e-01
4.929556250572204590e-01
3.566042184829711914e-01
-1.176584243774414062e+00
1.225688681006431580e-01
-7.704127430915832520e-01
1.298750877380371094e+00
1.014280021190643311e-01
-1.214239001274108887e+00
1.201722383499145508e+00
1.433655142784118652e+00
-2.013241201639175415e-01
1.609493494033813477e-01
-6.221889052540063858e-03
2.550037503242492676e-01
1.368807196617126465e+00
-4.814748764038085938e-01
-2.273401916027069092e-01
-1.356881737709045410e+00
-3.961322605609893799e-01
1.544358134269714355e-01
-7.931138873100280762e-01
1.576527953147888184e-01
1.366050541400909424e-02
-1.032639622688293457e+00
-6.274393796920776367e-01
-1.000756621360778809e-01
5.750005841255187988e-01
2.929536402225494385e-01
1.107499718666076660e+00
-5.609794706106185913e-02
5.023310780525207520e-01
2.163343191146850586e+00
-6.015888452529907227e-01
1.675312042236328125e+00
-5.800101161003112793e-02
-1.396567523479461670e-01
5.222493782639503479e-02
-9.028289914131164551e-01
-2.548864781856536865e-01
3.944317102432250977e-01
-8.423325419425964355e-01
-6.080707311630249023e-01
-6.569033116102218628e-02
-3.526859357953071594e-02
4.453851282596588135e-01
-7.534538507461547852e-01
-3.909636139869689941e-01
5.954167842864990234e-01
1.375338435173034668e+00
-1.031117677688598633e+00
-1.457629948854446411e-01
-6.349382996559143066e-01
4.163699448108673096e-01
1.237689256668090820e-01
5.316206812858581543e-01
-1.059226468205451965e-01
2.983092367649078369e-01
3.924310207366943359e-01
5.148586034774780273e-01
-1.572831422090530396e-01
8.527685999870300293e-01
5.145576000213623047e-01
7.747758626937866211e-01
2.116967737674713135e-01
6.069955229759216309e-01
1.720496416091918945e-01
-5.305137112736701965e-02
-1.249367892742156982e-01
4.723686575889587402e-01
-1.964498497545719147e-02
-1.949819177389144897e-01
-3.731079995632171631e-01
2.523681819438934326e-01
-1.227758303284645081e-01
3.719317317008972168e-01
2.382347434759140015e-01
2.323462814092636108e-01
5.960783362388610840e-01
-6.660183668136596680e-01
-5.894653797149658203e-01
3.773304224014282227e-01
-1.572936624288558960e-01
-1.239609003067016602e+00
-9.354056119918823242e-01
-8.857295662164688110e-02
4.688460528850555420e-01
1.287048101425170898e+00
-1.551191657781600952e-01
-2.951225340366363525e-01
2.976440191268920898e-01
2.220503091812133789e-01
-7.021325826644897461e-02
2.518126741051673889e-02
5.990825891494750977e-01
6.918646097183227539e-01
-8.525561541318893433e-02
7.175460457801818848e-01
1.957707703113555908e-01
1.213772177696228027e+00
-1.224717259407043457e+00
-4.238039553165435791e-01
5.147116780281066895e-01
-3.701833784580230713e-01
-4.752460718154907227e-01
3.409499228000640869e-01
2.117987424135208130e-01
5.243301391601562500e-01
-1.882457733154296875e-01
2.532301545143127441e-01
3.337411284446716309e-01
-2.382477521896362305e-01
-3.784866034984588623e-01
-1.075741872191429138e-01
1.198465675115585327e-01
-9.584715366363525391e-01
1.367568522691726685e-01
7.058227807283401489e-02
8.735548257827758789e-01
1.198571473360061646e-01
-6.087719202041625977e-01
-6.597314476966857910e-01
1.219323128461837769e-01
5.478774011135101318e-02
-1.537830829620361328e-01
-5.095497965812683105e-01
4.597154259681701660e-01
5.639697313308715820e-01
3.250896036624908447e-01
-2.406322807073593140e-01
1.206449232995510101e-02
1.050799250602722168e+00
-2.780412882566452026e-02
3.979532048106193542e-02
-4.880661666393280029e-01
-5.019435659050941467e-02
1.394980102777481079e-01
-4.191310331225395203e-02
6.652840971946716309e-01
-6.139096990227699280e-02
3.106553256511688232e-01
-2.308997809886932373e-01
-2.026379108428955078e-01
3.766396045684814453e-01
9.678706526756286621e-02
-2.473404258489608765e-01
-4.941970407962799072e-01
-1.129834055900573730e-01
7.631983160972595215e-01
3.409090638160705566e-01
-4.139741361141204834e-01
-1.955613046884536743e-01
3.860613107681274414e-01
4.181076958775520325e-02
-9.363555908203125000e-02
2.958645820617675781e-01
-5.269594956189393997e-03
5.110781788825988770e-01
1.233702376484870911e-01
-7.830268740653991699e-01
8.955138325691223145e-01
2.110250592231750488e-01
-5.080076456069946289e-01
-7.516653537750244141e-01
2.083533257246017456e-01
1.803821623325347900e-01
-8.144583553075790405e-02
-6.389284133911132812e-01
