-1.043086275458335876e-01
-6.987861394882202148e-01
-6.189516186714172363e-01
-1.098831415176391602e+00
-9.212000370025634766e-01
-3.172660768032073975e-01
5.820490717887878418e-01
2.945393025875091553e-01
-1.594115793704986572e-01
-3.846171796321868896e-01
-3.433071076869964600e-01
-2.830178737640380859e-01
-7.125937938690185547e-02
1.210242152214050293e+00
1.328989565372467041e-01
3.143629133701324463e-01
-2.123938798904418945e-01
2.997641563415527344e-01
3.082699775695800781e-01
-1.782201230525970459e-01
-2.511257231235504150e-01
7.353806495666503906e-01
6.542041897773742676e-01
-2.992255613207817078e-02
1.587782651185989380e-01
-6.394858360290527344e-01
-6.389245390892028809e-01
1.368134170770645142e-01
1.780393868684768677e-01
1.596838384866714478e-01
5.687569379806518555e-01
-7.141172885894775391e-01
-1.726458817720413208e-01
3.292215466499328613e-01
1.073076352477073669e-01
-1.891636699438095093e-01
5.104046463966369629e-01
3.964894264936447144e-02
1.442618817090988159e-01
6.015801429748535156e-01
-1.529313772916793823e-01
-1.619896292686462402e-01
3.212585747241973877e-01
1.714466959238052368e-01
-5.362089276313781738e-01
3.642794489860534668e-01
-6.456683576107025146e-02
-5.319859832525253296e-02
-1.878186687827110291e-02
2.680920064449310303e-01
6.011241674423217773e-01
-2.132862210273742676e-01
-7.128287553787231445e-01
4.241186976432800293e-01
-3.277307450771331787e-01
-9.059899449348449707e-01
3.051196336746215820e-01
-1.035964787006378174e-01
6.498443484306335449e-01
-4.221272096037864685e-02
-6.552840471267700195e-01
-1.924436390399932861e-01
-4.520207643508911133e-02
9.048308432102203369e-02
3.999883830547332764e-01
3.819338083267211914e-01
-5.453631281852722168e-01
-6.992343664169311523e-01
-1.092234998941421509e-01
2.842279672622680664e-01
1.474831253290176392e-01
1.169860810041427612e-01
3.678753674030303955e-01
2.567417919635772705e-01
-5.966668128967285156e-01
-4.050265066325664520e-03
1.731012761592864990e-01
1.135490238666534424e-01
8.051617145538330078e-01
5.169627666473388672e-01
-6.712317466735839844e-02
-5.422927141189575195e-01
9.834095090627670288e-02
-3.014212548732757568e-01
3.688945770263671875e-01
4.255930781364440918e-01
1.491547226905822754e-01
-8.388295769691467285e-02
1.867063343524932861e-01
-1.122735619544982910e+00
-4.267747998237609863e-01
-4.508090391755104065e-02
1.836056709289550781e-01
1.562822610139846802e-01
2.406345307826995850e-01
3.328342139720916748e-01
-1.688785105943679810e-01
2.905998528003692627e-01
1.372069567441940308e-01
-1.149230822920799255e-01
1.472375094890594482e-01
2.563312053680419922e-01
2.056876122951507568e-01
-1.812645941972732544e-01
4.269710555672645569e-02
4.152244925498962402e-01
7.156921923160552979e-02
-2.822107672691345215e-01
2.406265735626220703e-01
-5.028013586997985840e-01
-2.081212550401687622e-01
-5.455622673034667969e-01
-4.316073954105377197e-01
-3.256733417510986328e-01
-6.154549121856689453e-01
-8.141314238309860229e-02
3.291666209697723389e-01
2.418639361858367920e-01
6.443304419517517090e-01
3.359312713146209717e-01
-1.234740763902664185e-01
3.272610902786254883e-01
-1.668682321906089783e-02
-2.897316813468933105e-01
2.549459636211395264e-01
-3.118595480918884277e-01
1.940230652689933777e-02
2.411715686321258545e-01
4.474729672074317932e-02
-2.467403560876846313e-01
2.272426635026931763e-01
-1.080438047647476196e-01
1.547050476074218750e-01
4.139290750026702881e-01
2.227478101849555969e-02
2.159461379051208496e-02
2.095859348773956299e-01
-5.780560374259948730e-01
-1.558815985918045044e-01
8.290024995803833008e-01
7.307214736938476562e-01
1.050593733787536621e+00
-3.392013907432556152e-01
-5.021941661834716797e-01
-1.088029220700263977e-01
-8.481436967849731445e-01
-2.955342233180999756e-01
-3.231354355812072754e-01
-4.250671863555908203e-01
-3.772421479225158691e-01
-4.548231884837150574e-02
-1.503166705369949341e-01
2.500104904174804688e-01
1.990936100482940674e-01
6.650894284248352051e-01
5.159439444541931152e-01
-8.187698572874069214e-02
4.420909881591796875e-01
-2.515967190265655518e-01
-5.830933451652526855e-01
2.336906343698501587e-01
9.503937512636184692e-02
2.895024716854095459e-01
-5.578104853630065918e-01
-8.430191874504089355e-01
1.717828959226608276e-01
-1.120469253510236740e-02
3.997430950403213501e-02
3.702441453933715820e-01
-5.008367300033569336e-01
3.153363168239593506e-01
-3.648711442947387695e-01
-7.722772359848022461e-01
5.271962881088256836e-01
2.075444161891937256e-01
1.377901583909988403e-01
1.253315210342407227e-01
-1.749162524938583374e-01
-1.552056670188903809e-01
2.727605104446411133e-01
2.223391830921173096e-01
4.230329096317291260e-01
1.850521191954612732e-03
3.442313373088836670e-01
5.709028244018554688e-01
-3.139376938343048096e-01
-2.249774038791656494e-01
-1.264064460992813110e-01
-3.417384028434753418e-01
-3.543888628482818604e-01
-3.782885968685150146e-01
-1.108724530786275864e-02
3.076238930225372314e-01
-1.046298861503601074e+00
-1.881788522005081177e-01
1.029796078801155090e-01
-2.871802635490894318e-02
4.138807058334350586e-01
1.508169054985046387e+00
1.615406990051269531e+00
-9.693700075149536133e-01
-4.309338331222534180e-01
-1.991336643695831299e-01
-5.635571852326393127e-02
-2.249440848827362061e-01
-3.771856725215911865e-01
-1.827663481235504150e-01
-2.907131910324096680e-01
-1.776921451091766357e-01
2.288326248526573181e-02
4.074420034885406494e-02
-2.802470624446868896e-01
2.706789076328277588e-01
7.557773590087890625e-02
-3.893475979566574097e-02
5.289660692214965820e-01
1.124162301421165466e-01
-1.753212884068489075e-02
5.723416805267333984e-01
6.534316539764404297e-01
1.274595111608505249e-01
2.005812479183077812e-03
-2.108774781227111816e-01
1.883751899003982544e-02
2.947129905223846436e-01
4.193150401115417480e-01
-2.389552071690559387e-02
-1.445337533950805664e-01
-7.730904221534729004e-01
2.358605265617370605e-01
4.215425997972488403e-02
-2.634490430355072021e-01
-1.562545001506805420e-01
-6.884016394615173340e-01
-1.748673170804977417e-01
-1.421027630567550659e-01
-1.432779282331466675e-01
3.167089819908142090e-01
-1.112743392586708069e-01
-1.868611276149749756e-01
-4.528996720910072327e-02
-1.038614362478256226e-01
5.361745357513427734e-01
2.916915416717529297e-01
2.531670331954956055e-01
2.963219285011291504e-01
1.526010483503341675e-01
-5.438575148582458496e-01
2.512231171131134033e-01
6.330634355545043945e-01
1.281202197074890137e+00
9.590749144554138184e-01
-1.412087231874465942e-01
-2.927027940750122070e-01
3.005254268646240234e-01
1.628529429435729980e-01
-8.065492659807205200e-02
2.682305276393890381e-01
4.393092989921569824e-01
-2.300941050052642822e-01
-3.552224338054656982e-01
-6.509537100791931152e-01
-5.542582273483276367e-01
6.952569484710693359e-01
4.065030217170715332e-01
5.918653011322021484e-01
2.333562225103378296e-01
-1.426756531000137329e-01
3.071594536304473877e-01
-3.361449539661407471e-01
-1.189327165484428406e-01
-3.234989345073699951e-01
-1.508636176586151123e-01
-3.155225813388824463e-01
-2.177220135927200317e-01
1.098485216498374939e-01
3.063973784446716309e-01
2.831774353981018066e-01
-4.814071357250213623e-01
-4.761276841163635254e-01
6.608808040618896484e-01
1.480637341737747192e-01
-3.760748505592346191e-01
-3.962711095809936523e-01
-3.275306522846221924e-01
1.408393867313861847e-02
-2.197479754686355591e-01
-1.333127170801162720e-01
1.488777697086334229e-01
2.230858802795410156e-02
1.693071275949478149e-01
1.226248517632484436e-01
1.538731008768081665e-01
4.348527193069458008e-01
3.762488365173339844e-01
9.857500344514846802e-02
1.879562810063362122e-02
4.173073470592498779e-01
5.182902812957763672e-01
-1.843755990266799927e-01
2.858635485172271729e-01
2.542610466480255127e-02
3.164747059345245361e-01
-3.489534556865692139e-02
-6.244352459907531738e-01
2.972287498414516449e-02
-7.140257954597473145e-02
8.496269583702087402e-01
1.926938593387603760e-01
-5.568483471870422363e-01
3.132846057415008545e-01
8.221273310482501984e-03
-1.783293783664703369e-01
2.241087891161441803e-02
4.502367675304412842e-01
3.800155129283666611e-03
-5.183102488517761230e-01
-4.967072010040283203e-01
-4.207324385643005371e-01
-5.270546078681945801e-01
3.960040211677551270e-01
4.862017929553985596e-01
1.317671388387680054e-01
3.725852966308593750e-01
-5.009226799011230469e-01
-4.676392078399658203e-01
2.747208178043365479e-01
1.446380466222763062e-01
3.304762244224548340e-01
4.586695432662963867e-01
5.727174878120422363e-01
2.224858403205871582e-01
2.875942587852478027e-01
-7.094371318817138672e-01
-5.130616426467895508e-01
7.470393925905227661e-02
1.212347596883773804e-01
1.266868263483047485e-01
3.399878740310668945e-01
-3.299893736839294434e-01
-1.123345732688903809e+00
1.962464153766632080e-01
4.976593852043151855e-01
-8.640695810317993164e-01
-3.646851778030395508e-01
-1.936475783586502075e-01
6.410641074180603027e-01
6.144835352897644043e-01
1.663425326347351074e+00
9.504445791244506836e-01
-4.053697884082794189e-01
-6.656723469495773315e-02
4.388844966888427734e-02
-6.965292096138000488e-01
-3.318309187889099121e-01
2.670194208621978760e-01
-7.344831824302673340e-01
-4.963757693767547607e-01
-2.766877412796020508e-01
-2.124384939670562744e-01
-4.791432619094848633e-01
-2.187206298112869263e-01
3.586941584944725037e-02
3.474280536174774170e-01
7.407416701316833496e-01
3.302803039550781250e-01
-1.526551246643066406e-01
1.789015680551528931e-01
2.744795382022857666e-01
-6.939135789871215820e-01
2.528043091297149658e-01
-4.114072918891906738e-01
-1.147026717662811279e-01
-5.070449039340019226e-02
-4.611097276210784912e-01
-1.767325252294540405e-01
2.507189214229583740e-01
3.622438311576843262e-01
-1.968039721250534058e-01
3.304841220378875732e-01
2.717110216617584229e-01
-5.539124011993408203e-01
-5.220950841903686523e-01
-2.624815106391906738e-01
-2.453055679798126221e-01
-6.536681950092315674e-02
-1.064213458448648453e-03
-2.677140831947326660e-01
2.730952948331832886e-02
1.016244590282440186e-01
6.644376553595066071e-03
1.559292376041412354e-01
2.482447922229766846e-01
1.732785403728485107e-01
7.963203787803649902e-01
7.427390664815902710e-02
-1.654190868139266968e-01
6.571585536003112793e-01
-7.701038569211959839e-02
3.808027505874633789e-01
-2.583683729171752930e-01
-1.246340036392211914e+00
-5.868706703186035156e-01
1.176573157310485840e+00
1.408433198928833008e+00
-3.318980634212493896e-01
-3.388673663139343262e-01
2.255064547061920166e-01
3.124767541885375977e-01
-1.506599932909011841e-01
-5.078498125076293945e-01
-2.834851443767547607e-01
2.908095121383666992e-01
2.635076642036437988e-01
2.688988447189331055e-01
2.941221892833709717e-01
8.085141330957412720e-02
6.869124770164489746e-01
5.073263049125671387e-01
1.794476807117462158e-01
-1.235355615615844727e+00
6.670998334884643555e-01
3.217242658138275146e-01
7.294774800539016724e-02
-8.991222828626632690e-02
-6.225931048393249512e-01
1.260147057473659515e-02
9.380695223808288574e-02
5.468430519104003906e-01
2.562747299671173096e-01
-5.229846239089965820e-01
-2.455632835626602173e-01
-6.332436800003051758e-01
-3.682916760444641113e-01
-2.719048261642456055e-01
-4.812618196010589600e-01
5.613302811980247498e-02
3.351799845695495605e-01
5.991213917732238770e-01
2.122572157531976700e-03
8.606321811676025391e-01
-8.665384352207183838e-02
-3.033836483955383301e-01
-4.798065125942230225e-01
-1.995303779840469360e-01
-2.658767700195312500e-01
-1.284617558121681213e-02
2.754091024398803711e-01
-4.018917307257652283e-02
1.574267745018005371e-01
5.216994285583496094e-01
6.282761693000793457e-01
2.114449888467788696e-01
2.238490283489227295e-01
6.466794759035110474e-02
-4.571194946765899658e-01
6.048417091369628906e-02
1.519204527139663696e-01
-7.687908411026000977e-02
8.024121075868606567e-02
-1.841212362051010132e-01
-3.269931375980377197e-01
-3.210414946079254150e-02
1.479485332965850830e-01
-1.225581541657447815e-01
1.823176145553588867e-01
3.038967847824096680e-01
1.265357285737991333e-01
-2.836412005126476288e-02
-2.575673162937164307e-01
-3.257817029953002930e-01
-1.817392557859420776e-01
-1.937853246927261353e-01
3.648094534873962402e-01
-1.491328924894332886e-01
-4.353096187114715576e-01
3.806315660476684570e-01
3.955780863761901855e-01
2.224371582269668579e-01
-7.194191813468933105e-01
-2.029141783714294434e-01
-2.274189442396163940e-01
2.256910055875778198e-01
4.496048390865325928e-01
-1.912730187177658081e-02
4.264188110828399658e-01
2.900586724281311035e-01
-3.443103134632110596e-01
4.835301637649536133e-01
4.622918069362640381e-01
-8.470839262008666992e-02
-4.027141034603118896e-01
-6.646699905395507812e-01
5.583781003952026367e-01
3.168732523918151855e-01
3.927501738071441650e-01
-8.432199805974960327e-02
5.388354063034057617e-01
1.281768828630447388e-01
-4.867959618568420410e-01
2.638471424579620361e-01
1.872611939907073975e-01
1.616256870329380035e-02
1.351093649864196777e+00
2.557963132858276367e-01
-1.228564620018005371e+00
-6.805627942085266113e-01
-3.623679578304290771e-01
-6.493000984191894531e-01
-3.699787259101867676e-01
4.532999098300933838e-01
-2.942332923412322998e-01
-6.897336840629577637e-01
