-5.526084899902343750e-01
-3.089689016342163086e-01
-2.431795299053192139e-01
-4.781116247177124023e-01
7.224392890930175781e-02
1.228142604231834412e-01
-1.811092346906661987e-01
-7.397796958684921265e-02
-1.462987959384918213e-01
1.881696842610836029e-02
-2.954236697405576706e-03
4.224875271320343018e-01
8.854693770408630371e-01
5.963814258575439453e-01
6.510876417160034180e-01
5.419791340827941895e-01
1.954338513314723969e-03
3.508288562297821045e-01
3.730580508708953857e-01
1.028183475136756897e-01
2.335913181304931641e-01
2.501387707889080048e-02
-2.498585581779479980e-01
-1.012500673532485962e-01
-2.106894850730895996e-01
-1.556307524442672729e-01
-1.660759299993515015e-01
-5.266323089599609375e-01
2.366531789302825928e-01
-2.996597588062286377e-01
-1.197410300374031067e-01
-6.568895280361175537e-02
-4.751631915569305420e-01
1.116801738739013672e+00
5.395891070365905762e-01
6.225546002388000488e-01
4.653130769729614258e-01
-5.999647974967956543e-01
-5.648487806320190430e-01
-3.715360462665557861e-01
-9.106537103652954102e-01
-9.238480329513549805e-01
4.510574936866760254e-01
-1.512972712516784668e-01
6.166903972625732422e-01
6.122299432754516602e-01
5.830397605895996094e-01
5.670743584632873535e-01
-3.011476695537567139e-01
5.096915364265441895e-01
-1.960994452238082886e-01
3.470277786254882812e-02
-1.684135943651199341e-01
3.341206908226013184e-01
-2.109376043081283569e-01
3.318752944469451904e-01
2.861406505107879639e-01
1.228262186050415039e+00
2.530159056186676025e-01
3.695131242275238037e-01
1.119467522948980331e-02
-1.275257617235183716e-01
-5.829566717147827148e-01
-3.166771531105041504e-01
-7.257679849863052368e-02
5.018740519881248474e-02
-2.658653259277343750e-01
7.858286611735820770e-03
-9.503394365310668945e-02
4.528205841779708862e-02
1.043094545602798462e-01
-3.372807204723358154e-01
-3.308653458952903748e-02
-3.156008422374725342e-01
6.350563168525695801e-01
3.536398410797119141e-01
3.874989449977874756e-01
-1.518445760011672974e-01
-2.950187325477600098e-01
7.069823145866394043e-01
3.854997456073760986e-01
-1.668129414319992065e-01
-6.433112025260925293e-01
9.756752848625183105e-02
-9.958781003952026367e-01
-3.055326342582702637e-01
4.877007305622100830e-01
1.379829764366149902e+00
7.071148753166198730e-01
6.010503768920898438e-01
-6.717798858880996704e-02
4.262094497680664062e-01
1.539978533983230591e-01
-4.750602543354034424e-01
5.920014977455139160e-01
2.811571583151817322e-02
8.850893378257751465e-01
4.152686595916748047e-01
2.582311332225799561e-01
-2.145224660634994507e-01
1.062321737408638000e-01
-9.888304024934768677e-02
-3.509814664721488953e-02
-9.534730762243270874e-02
3.366437554359436035e-01
2.200510725378990173e-02
-3.372664451599121094e-01
-2.119227349758148193e-01
-1.026654839515686035e-01
-4.966092705726623535e-01
-5.198423862457275391e-01
-5.049393773078918457e-01
-3.999606370925903320e-01
4.432855546474456787e-01
5.211891978979110718e-02
2.752939462661743164e-01
2.025818526744842529e-01
2.413212954998016357e-01
1.208279728889465332e-01
-7.670174539089202881e-02
3.059711307287216187e-02
1.026781424880027771e-01
1.665722727775573730e-01
1.777144223451614380e-01
-1.108963787555694580e-01
2.474521547555923462e-01
4.934800565242767334e-01
-2.323134541511535645e-01
7.575189322233200073e-02
-7.149673253297805786e-02
-3.401174023747444153e-02
8.186227083206176758e-02
-7.073726505041122437e-02
1.566310077905654907e-01
-3.423755522817373276e-03
3.617193996906280518e-01
4.665496349334716797e-01
-1.055047959089279175e-01
4.025984406471252441e-01
1.249595880508422852e-01
3.031357526779174805e-01
1.087862849235534668e-01
-6.460558772087097168e-01
-2.127471715211868286e-01
-3.731320798397064209e-01
1.069263890385627747e-01
6.763370335102081299e-02
1.677290350198745728e-01
3.106314241886138916e-01
2.486778609454631805e-02
-6.542205065488815308e-02
3.780395090579986572e-01
1.073634624481201172e-01
3.095832467079162598e-01
4.002203643321990967e-01
1.785794198513031006e-01
1.571733206510543823e-01
-1.877329796552658081e-01
-5.050905942916870117e-01
-3.816176354885101318e-01
-1.773120909929275513e-01
-2.729187011718750000e-01
-2.913044989109039307e-01
-5.414042472839355469e-01
-1.285423785448074341e-01
5.219636857509613037e-02
1.427958607673645020e-01
1.672948002815246582e-01
2.227209955453872681e-01
5.027303099632263184e-01
-1.708682775497436523e-01
1.049451678991317749e-01
2.539649307727813721e-01
1.695826500654220581e-01
2.520918548107147217e-01
-7.364714741706848145e-01
-4.845010340213775635e-01
-4.852641820907592773e-01
2.018853276968002319e-01
1.732894331216812134e-01
6.614670753479003906e-01
4.855949878692626953e-01
-4.934660494327545166e-01
2.679899930953979492e-01
-3.069094717502593994e-01
4.632709026336669922e-01
-1.666468679904937744e-01
2.306871265172958374e-01
1.558005213737487793e-01
3.950757980346679688e-01
-1.013549089431762695e+00
9.009981900453567505e-02
-1.682178825139999390e-01
2.148098498582839966e-01
-6.263298541307449341e-02
-1.330443322658538818e-01
2.878719270229339600e-01
-3.718969225883483887e-01
6.867122054100036621e-01
3.021578788757324219e-01
5.993887782096862793e-01
7.158787548542022705e-02
1.856307126581668854e-02
5.465078353881835938e-01
1.190185453742742538e-02
2.048062235116958618e-01
6.827996373176574707e-01
-6.977674961090087891e-01
-7.486596703529357910e-01
-1.224698185920715332e+00
-7.638677954673767090e-01
-2.757975757122039795e-01
1.253500938415527344e+00
3.985984325408935547e-01
2.937785685062408447e-01
1.109122782945632935e-01
7.591017335653305054e-02
5.265968441963195801e-01
1.107646822929382324e+00
4.753940105438232422e-01
4.289123713970184326e-01
9.069644212722778320e-01
3.714511096477508545e-01
5.616844296455383301e-01
2.010497301816940308e-01
4.658847153186798096e-01
2.524176836013793945e-01
-6.129772663116455078e-01
1.474316716194152832e-01
-9.173441529273986816e-01
-2.749611735343933105e-01
-1.134441494941711426e-01
-4.353866279125213623e-01
-8.600850403308868408e-02
-3.003558218479156494e-01
-1.360122114419937134e-01
2.409142814576625824e-02
9.482400491833686829e-05
-9.047343730926513672e-01
3.643704354763031006e-01
2.217575013637542725e-01
7.247279286384582520e-01
5.408464670181274414e-01
4.592015743255615234e-01
-3.124149441719055176e-01
-4.020328223705291748e-01
7.451095432043075562e-02
3.077957779169082642e-02
4.274658262729644775e-01
2.104581445455551147e-01
1.343863725662231445e+00
1.092605218291282654e-01
7.742320299148559570e-01
5.169103741645812988e-01
4.249543845653533936e-01
-2.720269840210676193e-03
1.783143132925033569e-01
3.524930030107498169e-02
8.771820664405822754e-01
-3.423426300287246704e-02
-6.690999120473861694e-02
1.342422515153884888e-01
1.314953565597534180e-01
-5.654707923531532288e-02
1.159617453813552856e-01
-4.036550968885421753e-02
-6.303881406784057617e-01
4.055270254611968994e-01
-1.804200410842895508e-01
-6.503101587295532227e-01
-6.985965371131896973e-01
-7.254641056060791016e-01
-7.823742032051086426e-01
4.612859487533569336e-01
1.961079835891723633e-01
8.845687508583068848e-01
1.258569717407226562e+00
9.543018937110900879e-01
8.529863506555557251e-02
-2.982260100543498993e-02
-3.661573529243469238e-01
2.759005725383758545e-01
4.921493530273437500e-01
5.479241609573364258e-01
2.198881059885025024e-01
-6.063781976699829102e-01
8.242342621088027954e-02
-3.567460179328918457e-01
-1.620838046073913574e-01
-5.469324588775634766e-01
-6.791100651025772095e-02
2.011810094118118286e-01
2.137266546487808228e-01
3.203230798244476318e-01
3.788647353649139404e-01
2.728319764137268066e-01
-6.221924722194671631e-02
6.379091143608093262e-01
-1.877160519361495972e-01
3.140832483768463135e-01
3.177904710173606873e-02
4.797420501708984375e-01
-8.091559410095214844e-01
4.545282721519470215e-01
1.657219529151916504e-01
1.055217087268829346e-01
-8.045362234115600586e-01
5.716714859008789062e-01
2.434174120426177979e-01
-6.780532002449035645e-02
-5.891689658164978027e-01
1.883243173360824585e-01
-7.209057807922363281e-01
4.721596539020538330e-01
3.754302263259887695e-01
-1.886509507894515991e-01
6.062264442443847656e-01
-4.394014775753021240e-01
-1.954955160617828369e-01
5.893258750438690186e-02
7.050366401672363281e-01
-2.379396110773086548e-01
1.261132210493087769e-01
-8.507192730903625488e-01
1.690496802330017090e-01
-3.646628260612487793e-01
8.151460886001586914e-01
5.982105135917663574e-01
7.990687489509582520e-01
-9.290563315153121948e-02
8.741803169250488281e-01
5.789870619773864746e-01
8.267579972743988037e-02
-8.506193757057189941e-01
-1.245682463049888611e-01
-6.172666326165199280e-02
3.866858184337615967e-01
5.403317511081695557e-02
4.829948544502258301e-01
2.711521089076995850e-01
-1.284743100404739380e-01
8.474623560905456543e-01
-3.328819572925567627e-02
-4.383242428302764893e-01
-1.385334134101867676e-01
-2.252694219350814819e-01
-3.361110389232635498e-01
-2.022151648998260498e-01
-1.048189252614974976e-01
1.620537638664245605e+00
-6.449801325798034668e-01
8.494059443473815918e-01
-8.895128965377807617e-02
-5.811631679534912109e-01
-7.444859147071838379e-01
-1.572916209697723389e-01
-1.554133296012878418e-01
5.036749243736267090e-01
-2.801600098609924316e-01
2.928728163242340088e-01
4.569041728973388672e-01
8.296231627464294434e-01
7.628809660673141479e-02
7.415167093276977539e-01
-7.786121368408203125e-01
2.899987101554870605e-01
-2.779945135116577148e-01
6.628857851028442383e-01
-3.686673641204833984e-01
-1.127890348434448242e-01
2.513694167137145996e-01
3.747387323528528214e-03
3.240563273429870605e-01
6.103632599115371704e-02
-4.581000283360481262e-02
-1.267956644296646118e-01
-2.844264730811119080e-02
1.352187395095825195e-01
-5.828745365142822266e-01
-4.241930842399597168e-01
1.462153047323226929e-01
3.749371320009231567e-02
-5.498856678605079651e-02
-4.799180030822753906e-01
-1.312033832073211670e-01
1.608551740646362305e-01
2.769811451435089111e-01
4.587597846984863281e-01
4.608928263187408447e-01
-9.332443773746490479e-02
6.932606697082519531e-01
-1.512714941054582596e-02
-9.198837876319885254e-01
-8.478536009788513184e-01
-1.276809334754943848e+00
-8.879897594451904297e-01
4.005447626113891602e-01
-3.870540857315063477e-01
7.853773236274719238e-01
1.517361521720886230e+00
1.027141332626342773e+00
5.362004414200782776e-02
1.366266757249832153e-01
4.104467332363128662e-01
3.342034816741943359e-01
-1.423889249563217163e-01
-7.375033944845199585e-02
3.332899510860443115e-01
3.064945340156555176e-01
-2.458030730485916138e-02
-5.745712667703628540e-02
1.544254571199417114e-01
-1.831781864166259766e-01
1.305082142353057861e-01
3.124667890369892120e-02
1.152431130409240723e+00
9.978309273719787598e-01
1.064320564270019531e+00
7.940183877944946289e-01
3.499177843332290649e-02
-6.200481653213500977e-01
-4.301293492317199707e-01
-4.972033500671386719e-01
-9.628240019083023071e-02
-3.727301359176635742e-01
3.443964719772338867e-01
2.579104900360107422e-01
7.342499494552612305e-02
7.535765171051025391e-01
-1.865336596965789795e-01
7.174897193908691406e-01
2.853726446628570557e-01
1.740962862968444824e-01
-5.043905377388000488e-01
1.548540443181991577e-01
-8.904954791069030762e-01
9.874689579010009766e-02
-1.361334681510925293e+00
-6.385531425476074219e-01
-8.779835700988769531e-01
-9.666267037391662598e-01
4.223546683788299561e-01
5.085014924407005310e-02
4.215123504400253296e-02
6.853966712951660156e-01
5.182437300682067871e-01
3.665374815464019775e-01
3.153487443923950195e-01
2.142698615789413452e-01
6.034542322158813477e-01
1.438469171524047852e+00
9.607653021812438965e-01
7.056232690811157227e-01
-7.672910392284393311e-02
-3.003685474395751953e-01
-6.555856764316558838e-02
3.504247963428497314e-01
-8.988023996353149414e-01
6.616541147232055664e-01
-2.648968948051333427e-03
3.146049566566944122e-03
-2.196363061666488647e-01
-5.330972075462341309e-01
1.339398026466369629e-01
3.088133037090301514e-01
4.859747290611267090e-01
-3.724853098392486572e-01
5.765113830566406250e-01
-3.254927694797515869e-01
-5.371993780136108398e-01
-2.892186641693115234e-01
-4.237426817417144775e-01
1.992366313934326172e-01
-5.242031812667846680e-01
-1.311321854591369629e-01
8.124007284641265869e-02
4.495545029640197754e-01
6.490520238876342773e-01
5.103670358657836914e-01
-1.210295259952545166e-01
-5.876404047012329102e-01
5.540075898170471191e-01
-3.503469228744506836e-01
-2.303228676319122314e-01
-5.714893341064453125e-01
1.083833456039428711e+00
2.615941166877746582e-01
3.049233257770538330e-01
1.792998164892196655e-01
1.960182785987854004e-01
-2.345931902527809143e-02
-1.499622166156768799e-01
5.570507645606994629e-01
3.217949867248535156e-01
1.342731714248657227e-01
6.187317520380020142e-02
1.067173853516578674e-01
-1.132102087140083313e-01
-4.382909238338470459e-01
-4.273899644613265991e-02
4.681345522403717041e-01
-5.373449325561523438e-01
8.054296374320983887e-01
-5.090317130088806152e-02
-5.504894256591796875e-01
-1.839092969894409180e-01
2.437924742698669434e-01
5.903108045458793640e-02
-6.174475550651550293e-01
2.223293781280517578e-01
3.774299100041389465e-02
-1.059828475117683411e-01
-6.349818408489227295e-02
