4.328166544437408447e-01
1.660502851009368896e-01
2.039573639631271362e-01
-2.586739063262939453e-01
-5.191516280174255371e-01
-6.771716475486755371e-01
-1.129803899675607681e-02
-2.508369684219360352e-01
-5.027987435460090637e-02
8.032848685979843140e-02
2.767400443553924561e-01
-1.888671517372131348e-01
-1.199526190757751465e-01
-1.250647157430648804e-01
2.798312306404113770e-01
1.897521764039993286e-01
-1.792902946472167969e-01
-5.532466992735862732e-02
7.034025341272354126e-02
1.359604746103286743e-01
-1.002403020858764648e+00
-6.139799952507019043e-01
-3.938040733337402344e-01
-3.914011120796203613e-01
-3.492135107517242432e-01
-3.315912187099456787e-02
2.128062248229980469e-01
1.908010691404342651e-01
3.304955959320068359e-01
5.970954298973083496e-01
5.924912691116333008e-01
-6.647533774375915527e-01
-4.011339247226715088e-01
-5.705067515373229980e-01
4.375364184379577637e-01
-1.149058938026428223e-01
-1.328253746032714844e-01
-3.841196894645690918e-01
7.174582034349441528e-02
-3.565549850463867188e-01
-7.162313163280487061e-02
-3.549846708774566650e-01
5.849912166595458984e-01
1.558702439069747925e-01
-6.042804196476936340e-02
-7.091867178678512573e-02
-2.572853267192840576e-01
5.487330555915832520e-01
6.278785467147827148e-01
2.879976034164428711e-01
3.109681904315948486e-01
1.750333458185195923e-01
-5.806517601013183594e-01
-8.673802614212036133e-01
-4.405165612697601318e-01
-5.148959159851074219e-01
-5.975859165191650391e-01
-7.732827067375183105e-01
-4.517875015735626221e-01
-4.045567288994789124e-02
5.716962814331054688e-01
7.478078603744506836e-01
6.818165779113769531e-01
1.677021980285644531e-01
4.816077947616577148e-01
-1.114489436149597168e-01
-1.085083708167076111e-01
-1.774329096078872681e-01
-8.494397252798080444e-02
-1.439488828182220459e-01
5.641306936740875244e-02
-6.172505021095275879e-01
4.129165410995483398e-01
5.033271312713623047e-01
1.328175216913223267e-01
-4.921008273959159851e-02
-6.157931089401245117e-01
-5.955718755722045898e-01
-2.633409500122070312e-01
-4.991746544837951660e-01
1.542921513319015503e-01
-1.172418445348739624e-01
4.872536361217498779e-01
8.799022436141967773e-02
-3.136283159255981445e-01
3.518633544445037842e-01
4.195863604545593262e-01
2.424108982086181641e-01
-1.252948194742202759e-01
-1.912305951118469238e-01
-5.925464630126953125e-01
-5.259626507759094238e-01
-6.500787138938903809e-01
-3.707321882247924805e-01
-2.076617926359176636e-01
-1.414427161216735840e-01
-1.298104226589202881e-01
5.239535123109817505e-02
1.755194365978240967e-01
8.484168052673339844e-01
-5.359996557235717773e-01
-3.741362988948822021e-01
8.136498332023620605e-01
5.490314960479736328e-01
-2.935892343521118164e-01
-2.384630590677261353e-01
6.027846336364746094e-01
4.671959280967712402e-01
4.481855928897857666e-01
-2.707245945930480957e-01
-2.528579831123352051e-01
-6.696715354919433594e-01
-2.005225419998168945e-01
2.193826735019683838e-01
2.398491799831390381e-01
2.751030772924423218e-02
-5.752676129341125488e-01
-5.237666368484497070e-01
7.918415218591690063e-02
6.040778160095214844e-01
-3.763041198253631592e-01
2.046055346727371216e-02
7.256010174751281738e-01
5.986042618751525879e-01
4.683762192726135254e-01
-3.636495172977447510e-01
6.975515484809875488e-01
-8.009225726127624512e-01
-1.269738316535949707e+00
-1.976673007011413574e+00
-6.953934431076049805e-01
-7.180202603340148926e-01
-1.202730089426040649e-01
-7.231315970420837402e-01
1.146581992506980896e-01
-2.562628090381622314e-01
6.791734695434570312e-01
6.045843362808227539e-01
3.918558955192565918e-01
4.269503057003021240e-01
1.054139882326126099e-01
1.628962904214859009e-01
2.873852550983428955e-01
8.162496984004974365e-02
5.765098333358764648e-01
-1.092092394828796387e+00
-5.506959557533264160e-01
2.245703786611557007e-01
1.639526784420013428e-01
-1.001460105180740356e-01
-3.929626941680908203e-02
3.484420478343963623e-02
5.587769672274589539e-02
-3.041848540306091309e-01
1.219190955162048340e-01
-3.487973213195800781e-01
-2.025860100984573364e-01
-2.376018911600112915e-01
-4.766423106193542480e-01
-1.968929916620254517e-01
-4.930782020092010498e-01
1.379582136869430542e-01
4.207264780998229980e-01
9.542180299758911133e-01
-2.555515617132186890e-02
1.342893540859222412e-01
-6.661077141761779785e-01
-6.118976473808288574e-01
-5.649296045303344727e-01
-9.767314046621322632e-02
4.026105105876922607e-01
1.195821538567543030e-02
-1.640615314245223999e-01
3.270309567451477051e-01
7.464258670806884766e-01
7.094272971153259277e-01
1.969170123338699341e-01
3.846484422683715820e-01
-5.565401315689086914e-01
-2.892069220542907715e-01
-8.547711372375488281e-01
-2.158349752426147461e+00
-3.791036605834960938e-01
9.050878882408142090e-01
9.200943708419799805e-01
8.660002797842025757e-02
-1.669054031372070312e-01
-3.144455254077911377e-01
3.226163387298583984e-01
-2.932172715663909912e-01
2.963903248310089111e-01
-7.911165058612823486e-02
-3.063969314098358154e-01
-7.681364417076110840e-01
-5.927608609199523926e-01
1.121259555220603943e-01
2.594516575336456299e-01
2.097990363836288452e-01
2.971832752227783203e-01
-5.503638386726379395e-01
-3.785287439823150635e-01
3.677543997764587402e-01
4.723483920097351074e-01
2.790066897869110107e-01
-1.595898121595382690e-01
-7.343335151672363281e-01
-2.204857021570205688e-01
7.949077337980270386e-02
5.373365059494972229e-02
-7.569404244422912598e-01
-4.306168556213378906e-01
-7.869750261306762695e-01
-4.982986450195312500e-01
2.115775346755981445e-01
1.716834492981433868e-02
3.777849972248077393e-01
-2.995581924915313721e-01
-3.051088750362396240e-01
-4.615068137645721436e-01
8.764439225196838379e-01
7.958407998085021973e-01
3.889259397983551025e-01
-2.308516800403594971e-01
-2.914656996726989746e-01
5.968461036682128906e-01
1.026785254478454590e+00
1.054367661476135254e+00
1.031814813613891602e+00
-6.913003921508789062e-01
-1.578449755907058716e-01
1.607759147882461548e-01
-2.026012837886810303e-01
-5.785294771194458008e-01
-5.273039937019348145e-01
-8.704373240470886230e-01
-2.737300097942352295e-01
-4.115124046802520752e-01
4.142879843711853027e-01
-2.019135355949401855e-01
-3.000504970550537109e-01
8.234143257141113281e-01
-1.716521233320236206e-01
-4.651372134685516357e-01
-9.094689488410949707e-01
-3.726529181003570557e-01
4.389872252941131592e-01
6.224089264869689941e-01
-8.275051116943359375e-01
-7.642517089843750000e-01
-3.097791075706481934e-01
-2.679713666439056396e-01
9.397803992033004761e-02
-2.440217696130275726e-02
-2.565676271915435791e-01
-3.855065107345581055e-01
-2.282031066715717316e-02
-4.466748237609863281e-01
8.635076880455017090e-01
3.600608706474304199e-01
-4.243352413177490234e-01
3.716926276683807373e-02
4.693096131086349487e-02
-3.552854657173156738e-01
-7.352077960968017578e-02
-1.736917942762374878e-01
-2.633326053619384766e-01
-2.501392662525177002e-01
-9.345137476921081543e-01
1.838448345661163330e-01
4.704246520996093750e-01
2.624982893466949463e-01
8.051640391349792480e-01
6.717090606689453125e-01
1.568798571825027466e-01
-1.007353216409683228e-01
-4.962499141693115234e-01
-6.408491134643554688e-01
-3.172487020492553711e-01
1.483146101236343384e-01
-4.230806231498718262e-02
-5.153955221176147461e-01
-3.039634823799133301e-01
-2.055751532316207886e-01
-3.021907806396484375e-01
1.541735827922821045e-01
4.423594176769256592e-01
2.690719664096832275e-01
1.108961775898933411e-01
7.108308076858520508e-01
-4.222859144210815430e-01
-4.102979600429534912e-01
-2.985129654407501221e-01
-2.896896600723266602e-01
-2.273583561182022095e-01
-8.032629638910293579e-02
2.713046669960021973e-01
1.558087021112442017e-01
-2.535950541496276855e-01
-1.010817382484674454e-02
-2.578874826431274414e-01
-3.416758477687835693e-01
-5.045185685157775879e-01
1.934059429913759232e-03
3.837765380740165710e-02
1.354259997606277466e-01
4.495473504066467285e-01
-5.360236763954162598e-02
2.788166999816894531e-01
5.771875381469726562e-02
3.168907463550567627e-01
5.901260375976562500e-01
6.285340785980224609e-01
-2.829054184257984161e-02
-1.485479116439819336e+00
-1.427835345268249512e+00
-1.416374725522473454e-04
-7.018478959798812866e-02
-8.255333304405212402e-01
-2.730124294757843018e-01
-8.494725823402404785e-01
-4.059759378433227539e-01
-1.736775785684585571e-01
-8.915362954139709473e-01
-3.029581606388092041e-01
1.039149016141891479e-01
4.929161667823791504e-01
1.915121525526046753e-01
7.453913688659667969e-01
1.475383788347244263e-01
1.864776909351348877e-01
2.216002345085144043e-01
-3.034234046936035156e-01
-2.427203804254531860e-01
-4.053126871585845947e-01
4.473597407341003418e-01
2.360046952962875366e-01
-2.629622220993041992e-01
3.219704329967498779e-01
1.379213213920593262e+00
4.613950848579406738e-01
4.447401165962219238e-01
-6.992550492286682129e-01
-6.460621953010559082e-02
-1.317638635635375977e+00
-4.292539358139038086e-01
-3.762175440788269043e-01
-1.850215494632720947e-01
-1.394953578710556030e-01
-2.118335664272308350e-01
1.020229831337928772e-01
-3.746187686920166016e-01
-2.127563953399658203e-01
-1.721860766410827637e-01
-6.778502464294433594e-01
2.483637630939483643e-01
1.270583122968673706e-01
-2.125358395278453827e-02
2.938090860843658447e-01
2.773494422435760498e-01
2.847095429897308350e-01
5.512553453445434570e-01
-4.527905881404876709e-01
3.474698364734649658e-01
1.383058279752731323e-01
5.384144783020019531e-01
5.666710734367370605e-01
4.823053181171417236e-01
-4.884989559650421143e-01
8.069777488708496094e-02
-9.087617993354797363e-01
-6.764621473848819733e-03
-8.821362853050231934e-01
-7.938617467880249023e-01
2.523015625774860382e-02
4.182291626930236816e-01
3.988582789897918701e-01
5.997542142868041992e-01
5.879123210906982422e-01
3.983412384986877441e-01
-1.043709069490432739e-01
-1.871236562728881836e-01
-9.369892477989196777e-01
4.306184351444244385e-01
1.092200398445129395e+00
6.960333585739135742e-01
8.149677515029907227e-01
1.242804378271102905e-01
-1.177269071340560913e-01
-7.658912539482116699e-01
-7.689852118492126465e-01
-4.960135221481323242e-01
-7.688682079315185547e-01
-8.003154993057250977e-01
-8.879778981208801270e-01
5.726096034049987793e-01
2.235877662897109985e-01
3.505530357360839844e-01
-4.615940898656845093e-02
-5.735561251640319824e-01
-6.421642303466796875e-01
5.444157719612121582e-01
2.071036994457244873e-01
2.275667935609817505e-01
-4.580352306365966797e-01
-3.033016324043273926e-01
-7.798464298248291016e-01
-3.311384022235870361e-01
-4.541274607181549072e-01
-1.355226524174213409e-02
3.802307844161987305e-01
4.827635884284973145e-01
2.666124999523162842e-01
8.463552594184875488e-01
-1.825223416090011597e-01
-2.203891724348068237e-01
-1.995706409215927124e-01
-6.056423857808113098e-02
-4.422836601734161377e-01
-8.896610736846923828e-01
-3.640453517436981201e-01
-5.945196151733398438e-01
-2.385920137166976929e-01
1.052233055233955383e-01
-3.771864175796508789e-01
5.642690062522888184e-01
-1.729693077504634857e-02
-1.736349314451217651e-01
-7.538931965827941895e-01
-2.388194575905799866e-02
1.153621673583984375e-01
6.389241218566894531e-01
4.695803523063659668e-01
5.367712974548339844e-01
-7.331151962280273438e-01
-3.301149308681488037e-01
1.048325896263122559e-01
7.068095803260803223e-01
8.209860324859619141e-01
4.902668595314025879e-01
8.376144617795944214e-02
1.092354774475097656e+00
-7.198610305786132812e-01
-2.597703635692596436e-01
-7.029200792312622070e-01
-5.505719184875488281e-01
-8.441227674484252930e-01
-8.853313922882080078e-01
-5.093313455581665039e-01
-1.242851279675960541e-02
-4.788928478956222534e-02
-3.154202103614807129e-01
-1.928873509168624878e-01
1.397590041160583496e+00
-2.904899120330810547e-01
3.041184246540069580e-01
3.830338418483734131e-01
-5.645561814308166504e-01
-2.893165946006774902e-01
-3.131577074527740479e-01
1.155138969421386719e+00
3.001361340284347534e-02
-7.634729146957397461e-02
-5.353307127952575684e-01
-1.404487490653991699e-01
-1.362658739089965820e-01
1.969114243984222412e-01
-5.178422927856445312e-01
1.768032461404800415e-02
-3.779251575469970703e-01
-1.444733142852783203e-01
-4.362784326076507568e-01
2.465172298252582550e-02
-1.239680051803588867e+00
2.836958467960357666e-01
8.341451883316040039e-01
4.912528395652770996e-01
2.868073582649230957e-01
-1.500374525785446167e-01
3.635298907756805420e-01
2.354686856269836426e-01
1.205577328801155090e-01
1.795368492603302002e-01
-2.870460450649261475e-01
-5.523905530571937561e-02
-3.908278942108154297e-01
-1.998050659894943237e-01
-2.623023986816406250e-01
-6.888870596885681152e-01
2.561986744403839111e-01
1.799844801425933838e-01
-2.070142775774002075e-01
-8.132652938365936279e-02
-1.334569096565246582e+00
-1.522354334592819214e-01
4.784965515136718750e-01
1.055121660232543945e+00
-5.392178893089294434e-01
-6.852788478136062622e-02
1.408233195543289185e-01
7.578089833259582520e-02
-2.200159877538681030e-01
-5.588719248771667480e-01
-4.254297018051147461e-01
6.770250201225280762e-01
-4.288264513015747070e-01
-5.279102325439453125e-01
2.310635596513748169e-01
5.236759781837463379e-01
1.051936388015747070e+00
-7.719826102256774902e-01
-1.763750016689300537e-01
-2.947052717208862305e-01
4.690414294600486755e-02
