2.485728114843368530e-01
-5.838676691055297852e-01
-5.476998090744018555e-01
8.984307199716567993e-02
-5.983987450599670410e-01
6.122462749481201172e-01
6.001603007316589355e-01
1.042568564414978027e+00
4.593657851219177246e-01
7.091615200042724609e-01
8.358037471771240234e-01
-4.242277443408966064e-01
-7.866156101226806641e-01
-7.348023355007171631e-02
-2.008273601531982422e-01
-3.011783957481384277e-01
-4.509139060974121094e-01
-1.255735456943511963e-01
-1.991102993488311768e-01
1.438204646110534668e-01
2.287667393684387207e-01
-8.535038828849792480e-01
-1.639668792486190796e-01
-3.579944372177124023e-01
1.487417817115783691e-01
8.140909485518932343e-03
-3.657763302326202393e-01
9.922314435243606567e-02
3.340376317501068115e-01
6.211042404174804688e-02
-1.232064142823219299e-01
-5.911262035369873047e-01
-2.868655622005462646e-01
-1.127018332481384277e-01
-4.106640219688415527e-01
3.583787083625793457e-01
-4.765657782554626465e-01
3.386844694614410400e-01
-6.260788440704345703e-02
-6.686707139015197754e-01
-2.195370346307754517e-01
-2.013323754072189331e-01
-5.092564821243286133e-01
2.928299903869628906e-01
9.226533584296703339e-04
2.004718333482742310e-01
6.885547041893005371e-01
-1.009283065795898438e+00
2.719052433967590332e-01
-2.743445634841918945e-01
-4.809833765029907227e-01
-2.777554281055927277e-02
9.781054258346557617e-01
4.475761950016021729e-01
1.040680408477783203e+00
-6.147009730339050293e-01
-3.078999221324920654e-01
-7.050458192825317383e-01
-3.411057591438293457e-01
-1.061371564865112305e-01
-1.934708794578909874e-03
3.615729212760925293e-01
4.939499199390411377e-01
2.922296822071075439e-01
1.222900003194808960e-01
2.229690179228782654e-02
-5.071654319763183594e-01
-5.832805633544921875e-01
-4.886611998081207275e-01
7.567801512777805328e-03
-5.453887209296226501e-02
-4.085161089897155762e-01
4.422385990619659424e-02
5.134762525558471680e-01
3.067418038845062256e-01
2.610149234533309937e-02
-2.122569382190704346e-01
-1.279581785202026367e+00
5.086868405342102051e-01
-5.006117373704910278e-02
9.223037213087081909e-02
-4.159308373928070068e-01
4.992642700672149658e-01
3.503517806529998779e-01
4.470682740211486816e-01
-2.189444899559020996e-01
-1.338685154914855957e-01
-3.437607586383819580e-01
-5.672005005180835724e-03
-1.219402030110359192e-01
-2.882635295391082764e-01
-6.638678312301635742e-01
-6.768752932548522949e-01
-3.842807114124298096e-01
7.783460896462202072e-03
-2.369901835918426514e-01
4.568578302860260010e-01
6.717562675476074219e-02
2.593411207199096680e-01
3.956533968448638916e-01
3.193040490150451660e-01
-4.378162026405334473e-01
-3.903459012508392334e-01
2.077209502458572388e-01
3.421352431178092957e-02
4.888151213526725769e-02
2.148635238409042358e-01
-6.225742697715759277e-01
4.049690365791320801e-01
-3.721145689487457275e-01
5.225949883460998535e-01
8.928980827331542969e-01
5.627422332763671875e-01
6.766582131385803223e-01
1.684657037258148193e-01
-3.159048855304718018e-01
6.315178424119949341e-02
-1.723162680864334106e-01
-7.841541171073913574e-01
-9.045195579528808594e-02
5.810651183128356934e-02
-5.904567893594503403e-03
-2.504920959472656250e-01
-3.220881149172782898e-02
-2.408506572246551514e-01
-8.234770894050598145e-01
-3.322035372257232666e-01
2.958996295928955078e-01
-3.021002113819122314e-01
1.227594539523124695e-01
-3.122380077838897705e-01
-1.231467127799987793e-01
4.115618467330932617e-01
2.201662659645080566e-01
1.055784374475479126e-01
-2.999877035617828369e-01
-6.528466343879699707e-01
-1.522451266646385193e-02
-2.633327245712280273e-01
-1.672120988368988037e-01
8.146696537733078003e-02
1.185821816325187683e-01
4.815734028816223145e-01
3.198046386241912842e-01
4.733442664146423340e-01
1.395701020956039429e-01
-1.813623607158660889e-01
-3.591620177030563354e-02
1.034238487482070923e-01
-3.985532522201538086e-01
-4.529562592506408691e-01
-5.039412379264831543e-01
1.979743242263793945e-01
-8.411345630884170532e-02
-2.674492299556732178e-01
2.470491975545883179e-01
-2.149743139743804932e-01
3.828186988830566406e-01
-2.937370240688323975e-01
-2.644876837730407715e-01
-3.492425009608268738e-02
-1.144200935959815979e-01
-9.930508583784103394e-02
-6.435793638229370117e-02
4.633607864379882812e-01
2.167838662862777710e-01
2.984245680272579193e-02
-5.160275697708129883e-01
-3.518141508102416992e-01
-2.188284993171691895e-01
4.093114137649536133e-01
1.025434136390686035e-01
4.664752185344696045e-01
4.082890599966049194e-02
3.943024277687072754e-01
-6.931115388870239258e-01
-5.427434444427490234e-01
-1.061508655548095703e+00
4.016014635562896729e-01
-5.698192119598388672e-01
6.483527421951293945e-01
3.530834913253784180e-01
9.838694930076599121e-01
9.749726653099060059e-01
-6.287525296211242676e-01
-3.495039343833923340e-01
2.774114012718200684e-01
-4.002796411514282227e-01
-2.718551754951477051e-01
2.310744822025299072e-01
4.003240466117858887e-01
2.958494424819946289e-01
7.339007854461669922e-01
1.634081453084945679e-01
-1.023689150810241699e+00
-7.238360047340393066e-01
-2.850832045078277588e-01
-1.526192426681518555e-01
-2.235684245824813843e-01
4.118200540542602539e-01
5.161885917186737061e-02
9.259060025215148926e-01
-3.971834853291511536e-02
7.623290270566940308e-02
-1.287198543548583984e+00
-5.142257213592529297e-01
2.699448466300964355e-01
4.217711687088012695e-01
-4.743040725588798523e-02
3.016605973243713379e-01
2.544742822647094727e-01
-1.561859548091888428e-01
3.685133159160614014e-02
-1.106283426284790039e+00
-7.043672353029251099e-02
4.551831483840942383e-01
2.526696622371673584e-01
4.319815710186958313e-02
5.712184589356184006e-03
2.999500036239624023e-01
3.643389344215393066e-01
3.406083211302757263e-02
-1.785881072282791138e-02
-1.090738534927368164e+00
-1.377839446067810059e-01
-2.970352470874786377e-01
4.763156175613403320e-02
-7.184571027755737305e-02
2.520049214363098145e-01
5.600601807236671448e-02
2.651702463626861572e-01
3.129816949367523193e-01
-9.484166502952575684e-01
-2.532541155815124512e-01
-3.146801292896270752e-01
6.531541943550109863e-01
3.394910693168640137e-01
4.410163760185241699e-01
8.456768989562988281e-01
3.218808770179748535e-01
4.557479918003082275e-01
-1.191876769065856934e+00
-5.085052847862243652e-01
2.819149196147918701e-01
-5.976411104202270508e-01
-1.628683358430862427e-01
-3.367761075496673584e-01
2.456213720142841339e-02
-7.544291019439697266e-01
-1.178366169333457947e-01
-9.957551360130310059e-01
-5.966809988021850586e-01
1.750742271542549133e-02
-5.732309073209762573e-02
-2.038518786430358887e-01
-9.588189423084259033e-02
4.140335321426391602e-01
3.267136216163635254e-01
1.864523142576217651e-01
5.968125462532043457e-01
-6.513741016387939453e-01
-6.405634284019470215e-01
-5.730955675244331360e-02
-3.664936870336532593e-02
-1.478600353002548218e-01
-1.690713763236999512e-01
3.071989417076110840e-01
3.149468302726745605e-01
4.478895664215087891e-01
-2.436220198869705200e-01
-9.239436388015747070e-01
1.674185395240783691e-01
-4.282958060503005981e-02
3.433556854724884033e-01
-1.512365788221359253e-01
1.924629658460617065e-01
-1.151789724826812744e-01
4.354238808155059814e-01
1.311717927455902100e-01
-4.384889304637908936e-01
4.007698595523834229e-01
-1.392344944179058075e-02
1.286530494689941406e-01
3.914018273353576660e-01
-3.965859115123748779e-01
2.724795937538146973e-01
-6.052247285842895508e-01
2.025307267904281616e-01
-2.906100451946258545e-01
4.722730219364166260e-01
-8.717579394578933716e-02
-1.694207787513732910e-01
-4.326643645763397217e-01
-1.494740843772888184e-01
-5.591707825660705566e-01
1.061608344316482544e-01
-1.092395335435867310e-01
-5.119053646922111511e-02
-1.540894061326980591e-01
4.228872358798980713e-01
2.503969371318817139e-01
-5.044037699699401855e-01
-2.532527744770050049e-01
2.841406464576721191e-01
-1.359352350234985352e+00
5.409708619117736816e-01
4.880348742008209229e-01
8.969028592109680176e-01
5.301867723464965820e-01
1.139895021915435791e-01
-7.846764922142028809e-01
-1.676602959632873535e-01
2.458205968141555786e-01
-6.370670199394226074e-01
-2.718772888183593750e-01
-5.143884420394897461e-01
-2.677392065525054932e-01
3.995309770107269287e-02
2.187085896730422974e-01
-4.445092976093292236e-01
-5.761584639549255371e-01
9.863787889480590820e-02
-1.921910643577575684e-01
2.080622017383575439e-01
-7.511770725250244141e-02
3.268589964136481285e-03
-1.606446951627731323e-01
-2.521104216575622559e-01
-1.229705475270748138e-02
-9.558586776256561279e-02
-1.503983139991760254e-01
1.139871031045913696e-01
-1.226277649402618408e-01
6.212353110313415527e-01
1.653592735528945923e-01
3.958457708358764648e-01
-3.277052938938140869e-02
-1.398907452821731567e-01
1.504605636000633240e-02
-1.616188734769821167e-01
-1.105849623680114746e+00
-5.845001935958862305e-01
2.652460038661956787e-01
9.398641586303710938e-01
-3.897637426853179932e-01
-1.979050189256668091e-01
-1.292825490236282349e-01
-3.911306560039520264e-01
9.705784171819686890e-02
-1.296636700630187988e+00
-6.040167212486267090e-01
-2.718378603458404541e-02
1.029508262872695923e-01
5.733293890953063965e-01
1.538425534963607788e-01
7.291225790977478027e-01
4.540535807609558105e-01
5.361064076423645020e-01
-5.387337207794189453e-01
-5.393282771110534668e-01
7.269335985183715820e-01
2.579080872237682343e-02
1.069089025259017944e-01
-2.063824832439422607e-01
5.694517493247985840e-01
1.360475569963455200e-01
3.849340379238128662e-01
-8.231751322746276855e-01
-3.057948648929595947e-01
7.123498618602752686e-02
-9.632480889558792114e-02
2.081830985844135284e-03
-3.300234377384185791e-01
-1.300833672285079956e-01
-7.878629118204116821e-02
1.580630429089069366e-02
-1.631075292825698853e-01
1.912936270236968994e-01
1.775782406330108643e-01
1.189775168895721436e-01
8.904486894607543945e-04
2.392834126949310303e-01
1.776226907968521118e-01
2.259778231382369995e-01
1.606724411249160767e-01
2.049305588006973267e-01
4.295337498188018799e-01
-1.337144989520311356e-03
-3.215561807155609131e-02
1.818583160638809204e-01
2.125749886035919189e-01
9.819316118955612183e-02
-4.092803001403808594e-01
-4.566163122653961182e-01
-2.476189732551574707e-01
2.881814837455749512e-01
-1.358324408531188965e+00
5.147763490676879883e-01
5.840885043144226074e-01
9.371010661125183105e-01
-3.165071904659271240e-01
4.559466242790222168e-01
-3.343351930379867554e-02
-4.339906275272369385e-01
-9.777147173881530762e-01
-4.647910594940185547e-01
-2.238862812519073486e-01
-5.863950848579406738e-01
-5.174894928932189941e-01
-4.281452596187591553e-01
1.601391434669494629e-01
5.643694996833801270e-01
-6.225494146347045898e-01
1.901275813579559326e-01
3.879211544990539551e-01
4.292826056480407715e-01
-1.343742460012435913e-01
-7.115250825881958008e-01
-6.239561438560485840e-01
-1.101539433002471924e-01
4.672507047653198242e-01
2.312610298395156860e-01
-2.046546489000320435e-01
2.020975947380065918e-01
6.389474868774414062e-02
-3.774536773562431335e-02
2.016989439725875854e-01
8.022126555442810059e-01
6.566811203956604004e-01
-3.916181325912475586e-01
-1.868691444396972656e+00
-4.310798272490501404e-02
5.431673526763916016e-01
1.864044219255447388e-01
2.108698338270187378e-01
9.331997632980346680e-01
-8.453944921493530273e-01
-7.481347024440765381e-02
-5.004631280899047852e-01
3.426380753517150879e-01
-2.815454006195068359e-01
4.775964021682739258e-01
3.594610095024108887e-01
-2.411912083625793457e-01
-4.284136295318603516e-01
-1.872234493494033813e-01
2.049381472170352936e-02
-4.951818659901618958e-02
7.066162675619125366e-02
-3.064865171909332275e-01
-3.979417979717254639e-01
-8.707112073898315430e-01
1.930045150220394135e-02
-4.675573855638504028e-02
1.260504126548767090e-02
2.038415670394897461e-01
5.724672675132751465e-01
2.256714999675750732e-01
2.496200948953628540e-01
4.071868956089019775e-01
2.983709275722503662e-01
-7.437419891357421875e-01
7.666261792182922363e-01
-4.996274411678314209e-01
2.132276594638824463e-01
-5.562915802001953125e-01
9.878525137901306152e-02
-6.777520477771759033e-02
4.308463931083679199e-01
-2.961215674877166748e-01
-7.975353002548217773e-01
1.409531682729721069e-01
-4.920347929000854492e-01
1.686060875654220581e-01
3.456538617610931396e-01
-4.865971952676773071e-02
-2.211614996194839478e-01
-3.222838938236236572e-01
1.192937977612018585e-02
2.613877356052398682e-01
-1.865791797637939453e+00
2.768605053424835205e-01
1.074005290865898132e-02
1.123147487640380859e+00
1.067332148551940918e+00
1.746610552072525024e-01
5.868272781372070312e-01
-5.840104222297668457e-01
-4.976393878459930420e-01
-5.396412014961242676e-01
-6.492731720209121704e-02
-2.695461213588714600e-01
-3.507387340068817139e-01
-3.895173668861389160e-01
-2.035536617040634155e-02
-3.595356643199920654e-01
-1.746691465377807617e-01
-4.864671230316162109e-01
5.244356766343116760e-02
-3.482303395867347717e-02
-1.340254694223403931e-01
2.244023233652114868e-01
8.626398444175720215e-02
-5.420983210206031799e-02
4.107134044170379639e-01
-3.352971971035003662e-01
2.068882882595062256e-01
4.355637431144714355e-01
7.861027121543884277e-01
-3.537219166755676270e-01
1.973823085427284241e-02
6.905873417854309082e-01
-5.630208551883697510e-02
