-2.013563662767410278e-01
-3.977597057819366455e-01
-6.180132031440734863e-01
-1.263831615447998047e+00
-1.075083255767822266e+00
-1.288854002952575684e+00
-9.469629824161529541e-02
-1.644446700811386108e-01
3.204889893531799316e-01
1.372664570808410645e-01
3.178810179233551025e-01
7.818967103958129883e-01
7.942073941230773926e-01
-1.150213778018951416e-01
-2.249247431755065918e-01
3.440959453582763672e-01
-4.235390126705169678e-01
2.640297263860702515e-02
-1.443291902542114258e-01
3.933109045028686523e-01
8.634166121482849121e-01
1.967341005802154541e-01
8.663055300712585449e-02
-2.604770064353942871e-01
-4.830190241336822510e-01
-6.640363931655883789e-01
-1.936995834112167358e-01
5.514646768569946289e-01
2.776784598827362061e-01
3.773086965084075928e-01
-7.618236541748046875e-01
-4.193220734596252441e-01
-1.023554921150207520e+00
-1.234611392021179199e+00
-5.436402559280395508e-01
-3.200013339519500732e-01
-5.961332321166992188e-01
6.595106124877929688e-01
-3.242797851562500000e-01
-1.254079490900039673e-01
-5.484250932931900024e-02
2.355378121137619019e-01
-4.038050770759582520e-01
6.068761348724365234e-01
-3.328044116497039795e-01
3.687224984169006348e-01
1.712560504674911499e-01
1.517071574926376343e-01
6.728007197380065918e-01
-4.218334704637527466e-02
-8.100954443216323853e-02
-5.265387296676635742e-01
4.595743417739868164e-01
-2.113588333129882812e+00
3.100999295711517334e-01
-8.030348271131515503e-02
9.501727223396301270e-01
-3.994854092597961426e-01
5.010697245597839355e-01
1.607000827789306641e-01
3.713104128837585449e-01
-1.916914731264114380e-01
1.016608327627182007e-01
-5.564494431018829346e-02
-1.336483657360076904e-01
8.108448237180709839e-02
5.742242187261581421e-02
2.170006483793258667e-01
-1.183742359280586243e-01
-1.128225587308406830e-03
-3.538276851177215576e-01
-2.640471756458282471e-01
-2.468643784523010254e-01
-2.531637251377105713e-01
-5.684103965759277344e-01
-6.911363601684570312e-01
-8.206384778022766113e-01
-6.566647887229919434e-01
-6.961172819137573242e-01
-4.538322687149047852e-01
-1.064525768160820007e-01
4.515361785888671875e-01
5.853679496794939041e-03
-6.763575226068496704e-02
-2.018084079027175903e-01
-1.362406462430953979e-01
1.776733100414276123e-01
-7.555919885635375977e-02
9.445620775222778320e-01
1.467030197381973267e-01
7.448332309722900391e-01
4.021157026290893555e-01
2.819632887840270996e-01
5.676237940788269043e-01
-1.926387846469879150e-01
-9.464637190103530884e-02
1.760162562131881714e-01
6.353787332773208618e-02
-3.342739120125770569e-02
4.276667535305023193e-01
-5.884780734777450562e-02
-5.069310069084167480e-01
-3.181165754795074463e-01
-4.247754514217376709e-01
-4.749322235584259033e-01
-3.656373620033264160e-01
6.474266946315765381e-02
-6.648099422454833984e-01
-1.730725169181823730e-01
-8.451292291283607483e-03
3.383611142635345459e-02
8.299343287944793701e-03
-2.104491889476776123e-01
3.537953794002532959e-01
5.679399371147155762e-01
-1.104410290718078613e-01
3.154904246330261230e-01
4.101622700691223145e-01
-6.620635390281677246e-01
4.317922294139862061e-01
-2.081722915172576904e-01
-4.626104608178138733e-03
-2.716106474399566650e-01
3.578759133815765381e-01
4.905844330787658691e-01
5.795354247093200684e-01
2.333495467901229858e-01
2.682344615459442139e-01
3.122673630714416504e-01
-3.829774856567382812e-01
1.188681423664093018e-01
-5.918406844139099121e-01
-4.702606797218322754e-01
-5.296796560287475586e-01
-3.016450107097625732e-01
-5.066714882850646973e-01
-3.858101367950439453e-01
-8.190582990646362305e-01
-4.969329535961151123e-01
-1.152849316596984863e+00
3.517990410327911377e-01
-3.836878240108489990e-01
5.262120366096496582e-01
1.743448674678802490e-01
3.770685493946075439e-01
6.490802764892578125e-01
4.065226614475250244e-01
6.731619238853454590e-01
5.966233611106872559e-01
1.112681627273559570e-01
4.621924832463264465e-02
1.840421557426452637e-01
-4.393906891345977783e-02
-1.324325948953628540e-01
-4.037435948848724365e-01
-1.473237276077270508e-01
-4.287132993340492249e-02
-3.659223020076751709e-01
3.467723727226257324e-02
2.166897207498550415e-01
1.674147695302963257e-01
2.143595963716506958e-01
-1.088186502456665039e+00
-4.316118657588958740e-01
1.749740689992904663e-01
-3.168103098869323730e-01
6.045748591423034668e-01
-2.801162004470825195e-01
-1.171578019857406616e-01
2.630214691162109375e-01
-4.681989848613739014e-01
3.055348396301269531e-01
-5.506383180618286133e-01
6.380859017372131348e-02
-5.473616123199462891e-01
2.261036336421966553e-01
2.373103201389312744e-01
-5.254228785634040833e-02
1.581793427467346191e+00
-9.830562472343444824e-01
7.043278217315673828e-01
-8.914390206336975098e-01
7.109849452972412109e-01
1.267157196998596191e-01
3.052259981632232666e-01
-7.960652709007263184e-01
-8.949572220444679260e-03
-1.095852017402648926e+00
-1.858583986759185791e-01
-1.707237958908081055e-01
2.040097862482070923e-01
4.019855558872222900e-01
-1.217007339000701904e-01
-2.760898470878601074e-01
-2.398035861551761627e-02
-3.729276955127716064e-01
-2.414204180240631104e-01
-2.111473381519317627e-01
9.901683777570724487e-02
-1.296792775392532349e-01
-1.703207045793533325e-01
6.945446729660034180e-01
7.614257186651229858e-02
6.642261147499084473e-01
2.482367902994155884e-01
1.837945729494094849e-01
3.379665613174438477e-01
7.733263373374938965e-01
3.023423850536346436e-01
-2.477132976055145264e-01
-9.788370728492736816e-01
-4.124471247196197510e-01
-4.625256657600402832e-01
2.243001200258731842e-02
-2.717794179916381836e-01
3.385804295539855957e-01
-1.049583554267883301e+00
3.694435358047485352e-01
-6.915266513824462891e-01
-6.845527142286300659e-02
-1.046513840556144714e-01
4.945652186870574951e-01
1.226507723331451416e-01
-1.905920505523681641e-01
3.297308459877967834e-02
-7.557707279920578003e-02
-5.119348168373107910e-01
-2.943897852674126625e-03
-1.137384548783302307e-01
-4.461633861064910889e-01
-2.117109000682830811e-01
4.157846793532371521e-02
7.404437065124511719e-01
4.815078079700469971e-01
4.277445375919342041e-02
9.681855142116546631e-02
-1.047726273536682129e-01
-1.003851518034934998e-01
5.592046380043029785e-01
1.740128099918365479e-01
6.414098292589187622e-02
-2.536707520484924316e-01
-7.092173099517822266e-01
-3.179186284542083740e-01
-5.144021511077880859e-01
-4.270393252372741699e-01
6.862303614616394043e-02
-1.786134093999862671e-01
-1.520681619644165039e+00
2.430752478539943695e-02
-1.141183376312255859e+00
5.722684264183044434e-01
-5.184252932667732239e-02
2.065783441066741943e-01
-8.294496685266494751e-02
1.649972647428512573e-01
-3.915421068668365479e-01
-8.248225450515747070e-01
-1.002023816108703613e+00
-4.205898344516754150e-01
1.468739360570907593e-01
-2.581867873668670654e-01
3.260632455348968506e-01
-2.588975131511688232e-01
-3.686157986521720886e-02
3.842699527740478516e-02
4.546030461788177490e-01
6.551203131675720215e-02
1.946841925382614136e-01
-3.040824458003044128e-02
4.632111191749572754e-01
-1.774229407310485840e-01
1.097487956285476685e-01
-5.204148888587951660e-01
-4.118423759937286377e-01
-6.439180374145507812e-01
-7.827961444854736328e-01
-9.876986742019653320e-01
-5.245898962020874023e-01
-7.194759845733642578e-01
4.797350168228149414e-01
2.281393408775329590e-01
7.321066856384277344e-01
4.710755944252014160e-01
3.668158650398254395e-01
8.349043130874633789e-01
1.300329267978668213e-01
5.819691419601440430e-01
4.141264557838439941e-01
3.028359413146972656e-01
6.870047748088836670e-02
-1.080553159117698669e-01
-1.387801319360733032e-01
-7.144863605499267578e-01
-5.839878320693969727e-01
-5.782982110977172852e-01
-4.243344664573669434e-01
-7.173453569412231445e-01
2.113933265209197998e-01
-1.357208788394927979e-01
1.216012164950370789e-01
2.544350922107696533e-01
-3.261475265026092529e-01
-1.563657373189926147e-01
-6.383723020553588867e-01
-4.715875089168548584e-01
-5.681742429733276367e-01
-8.039950728416442871e-01
7.978357374668121338e-02
-1.239781975746154785e+00
8.351010084152221680e-01
-4.199249744415283203e-01
7.027918696403503418e-01
4.580394327640533447e-01
6.965506672859191895e-01
3.293030261993408203e-01
4.318896234035491943e-01
9.718883037567138672e-01
2.719832956790924072e-01
6.880896538496017456e-02
-6.177525520324707031e-01
3.157039582729339600e-01
-4.856682717800140381e-01
1.000997647643089294e-01
-1.272000093013048172e-02
-4.116235673427581787e-02
-3.102982342243194580e-01
-4.039142727851867676e-01
-4.155709743499755859e-01
-4.270915687084197998e-01
1.461274772882461548e-01
-4.675430953502655029e-01
-3.579370677471160889e-01
-1.116495206952095032e-02
-3.072913587093353271e-01
-7.475669682025909424e-02
-6.735408902168273926e-01
-6.942436695098876953e-01
-3.029008507728576660e-01
-7.208103686571121216e-02
1.069114282727241516e-01
-2.316083014011383057e-01
5.550726875662803650e-02
5.039595961570739746e-01
1.055326342582702637e+00
8.799903988838195801e-01
3.547219336032867432e-01
2.054194509983062744e-01
2.710122764110565186e-01
4.280291199684143066e-01
4.009428322315216064e-01
-1.988215371966362000e-02
1.697511374950408936e-01
-1.449622511863708496e-01
3.767986595630645752e-02
-1.714746505022048950e-01
7.560865581035614014e-02
3.989264369010925293e-02
5.535129457712173462e-02
8.555223047733306885e-02
3.324590921401977539e-01
-2.326187491416931152e-01
-2.858222424983978271e-01
-8.881390839815139771e-02
-9.578827023506164551e-01
-5.735250711441040039e-01
-9.222175478935241699e-01
-9.643001556396484375e-01
-1.261341273784637451e-01
-5.825527906417846680e-01
4.650974571704864502e-01
1.409327983856201172e-01
-3.300674259662628174e-01
-4.991771653294563293e-02
-2.768631875514984131e-01
8.225959539413452148e-01
3.520042002201080322e-01
4.826392531394958496e-01
5.029317736625671387e-01
9.511611461639404297e-01
7.527923583984375000e-01
2.843846678733825684e-01
-3.182939440011978149e-02
5.865005254745483398e-01
-2.817030847072601318e-01
-4.667673110961914062e-01
-2.370421171188354492e+00
1.623786449432373047e+00
-1.229214787483215332e+00
1.005903601646423340e+00
-1.247669309377670288e-01
-5.497427582740783691e-01
-3.901726305484771729e-01
-1.071885466575622559e+00
-1.021379113197326660e+00
-1.260699272155761719e+00
-1.186099886894226074e+00
-8.071123957633972168e-01
-4.802998006343841553e-01
2.686433792114257812e-01
-6.660847663879394531e-01
9.030108451843261719e-01
-1.306110620498657227e-01
4.267809391021728516e-01
-8.049885928630828857e-02
3.738559782505035400e-01
4.223068952560424805e-01
-2.913785576820373535e-01
-3.294115364551544189e-01
-2.325822263956069946e-01
8.114154338836669922e-01
-9.399445354938507080e-02
5.799074769020080566e-01
-6.664480268955230713e-02
2.347442507743835449e-01
8.381921797990798950e-04
-8.518813252449035645e-01
-7.500901222229003906e-01
-8.583078980445861816e-01
-1.943986304104328156e-02
-3.847961872816085815e-02
8.355437964200973511e-02
-4.625224471092224121e-01
-1.615669369697570801e+00
-2.819144725799560547e-01
-3.737286329269409180e-01
-1.490232348442077637e-01
1.339434981346130371e-01
-9.059962630271911621e-01
5.119948387145996094e-01
-2.667835056781768799e-01
3.957332372665405273e-01
-2.557138502597808838e-01
5.276590585708618164e-01
-2.771727144718170166e-01
5.073113441467285156e-01
2.470100671052932739e-01
3.685711920261383057e-01
5.182125568389892578e-01
-6.649117916822433472e-02
-3.254006803035736084e-01
-4.966655671596527100e-01
-3.815129697322845459e-01
-1.075589209794998169e-01
2.538951933383941650e-01
6.204149723052978516e-01
3.194132745265960693e-01
-4.421865940093994141e-02
2.990478277206420898e-01
-6.161421909928321838e-02
-2.713467180728912354e-01
2.520532160997390747e-02
-2.596687376499176025e-01
-4.973737895488739014e-01
-1.084012389183044434e+00
-1.054706096649169922e+00
-2.048807293176651001e-01
-5.638832449913024902e-01
1.064386516809463501e-01
-5.538776516914367676e-02
7.493492364883422852e-01
4.095124900341033936e-01
3.310609757900238037e-01
-7.129931449890136719e-02
4.553817957639694214e-02
-2.383291721343994141e-01
6.227318048477172852e-01
-1.765813678503036499e-01
2.933088243007659912e-01
1.602414697408676147e-01
-9.041326493024826050e-02
5.144478678703308105e-01
-8.717896342277526855e-01
1.119508296251296997e-01
1.732774227857589722e-01
2.515468895435333252e-01
-5.323763564229011536e-02
-3.547474443912506104e-01
6.498423404991626740e-03
-4.603110551834106445e-01
-7.158394157886505127e-02
-3.530899286270141602e-01
-1.719111055135726929e-01
-5.327172279357910156e-01
-8.892405033111572266e-02
-3.155220448970794678e-01
-5.406137183308601379e-02
-6.607335209846496582e-01
-4.117601811885833740e-01
-6.676270067691802979e-02
-3.867834210395812988e-01
5.351211428642272949e-01
-6.123481318354606628e-02
-2.765467464923858643e-01
2.797641754150390625e-01
-1.787233203649520874e-01
2.217499911785125732e-01
-3.299527764320373535e-01
2.081570923328399658e-01
-4.032392501831054688e-01
1.847139000892639160e-01
2.665387988090515137e-01
4.749953150749206543e-01
5.716730952262878418e-01
3.528454303741455078e-01
2.422709614038467407e-01
3.486140072345733643e-01
6.716180443763732910e-01
9.820065647363662720e-02
-4.118760228157043457e-01
-5.049453973770141602e-01
-3.112471848726272583e-02
-6.136436462402343750e-01
