-2.448335289955139160e-01
-9.352762997150421143e-02
-5.410884022712707520e-01
-3.213311433792114258e-01
2.707569487392902374e-02
-3.720286786556243896e-01
6.545670032501220703e-01
-1.354470252990722656e-01
3.301293775439262390e-02
-4.656866490840911865e-01
8.127613067626953125e-01
-1.139173656702041626e-01
1.740603148937225342e-01
9.719354659318923950e-02
6.893932819366455078e-01
4.299104809761047363e-01
8.589702248573303223e-01
7.255364060401916504e-01
-2.705630660057067871e-01
-8.492614030838012695e-01
-2.324717491865158081e-01
1.064908131957054138e-02
-2.154314815998077393e-01
-1.629608124494552612e-01
3.638863563537597656e-01
-2.645263969898223877e-01
6.101108789443969727e-01
-5.614584088325500488e-01
-4.529887139797210693e-01
-7.048690915107727051e-01
4.177347123622894287e-01
5.963062047958374023e-01
2.688363492488861084e-01
1.821608692407608032e-01
-1.651137769222259521e-01
1.098960399627685547e+00
1.624968051910400391e+00
6.340181827545166016e-01
1.664083749055862427e-01
-2.490817159414291382e-01
-3.275077939033508301e-01
-1.434238106012344360e-01
-6.908424496650695801e-01
4.412769377231597900e-01
-1.252361983060836792e-01
6.808509230613708496e-01
5.044384002685546875e-01
-5.462721586227416992e-01
-7.250919342041015625e-01
3.017905056476593018e-01
-5.071917772293090820e-01
-1.162571907043457031e+00
-1.652138084173202515e-01
-5.556785464286804199e-01
3.375629335641860962e-02
1.315578937530517578e+00
1.096500873565673828e+00
2.165238112211227417e-01
5.271797180175781250e-01
5.293371081352233887e-01
4.880294203758239746e-02
-3.176116347312927246e-01
9.502785652875900269e-02
-4.075983464717864990e-01
6.704868078231811523e-01
-3.878566324710845947e-01
-8.483836054801940918e-01
-9.572422504425048828e-02
-4.147582054138183594e-01
-7.561451196670532227e-02
-2.883292734622955322e-01
2.503382973372936249e-02
5.410311743617057800e-02
1.529867202043533325e-01
3.270282149314880371e-01
5.507559776306152344e-01
9.318174123764038086e-01
6.002063751220703125e-01
-4.465084522962570190e-03
-6.034358143806457520e-01
-5.109814926981925964e-02
-2.275835871696472168e-01
2.144023962318897247e-02
8.234215378761291504e-01
1.856923103332519531e-01
-6.430261302739381790e-03
1.331162359565496445e-02
-5.785698071122169495e-02
1.631902456283569336e-01
5.615299940109252930e-01
4.851346611976623535e-01
6.950418353080749512e-01
6.801731586456298828e-01
-1.180708557367324829e-01
3.926593810319900513e-02
-9.308971762657165527e-01
-1.585581064224243164e+00
9.068087935447692871e-01
-3.204850554466247559e-01
-8.572322130203247070e-02
3.197415173053741455e-01
4.999844133853912354e-01
1.343700140714645386e-01
-6.896212100982666016e-01
-5.026126503944396973e-01
-2.773755788803100586e-01
6.227603554725646973e-01
1.066306382417678833e-01
4.150936007499694824e-01
-2.694155871868133545e-01
-4.624942541122436523e-01
9.431950449943542480e-01
1.259066462516784668e-01
-1.310150742530822754e+00
-4.237720072269439697e-01
1.499473601579666138e-01
5.257585644721984863e-01
6.212210059165954590e-01
4.295968264341354370e-02
1.682359576225280762e-01
4.694564044475555420e-01
5.294457077980041504e-01
-1.023039698600769043e+00
-5.375550389289855957e-01
-2.691571414470672607e-01
5.014424324035644531e-01
8.979591131210327148e-01
4.766607582569122314e-01
2.302122265100479126e-01
-9.990803003311157227e-01
1.222026422619819641e-01
9.395405650138854980e-04
2.595291435718536377e-01
-1.029432892799377441e+00
7.708569765090942383e-01
6.126084327697753906e-01
-1.251047015190124512e+00
4.275660812854766846e-01
3.550841212272644043e-01
3.905246257781982422e-01
3.903039097785949707e-01
-1.967874616384506226e-01
-3.484246134757995605e-02
-2.965578138828277588e-01
-6.922693252563476562e-01
1.243264451622962952e-01
-8.938711881637573242e-02
-7.937346100807189941e-01
5.821632146835327148e-01
-1.516006737947463989e-01
8.087485432624816895e-01
7.156409621238708496e-01
7.810014486312866211e-01
2.626092135906219482e-01
-4.026198983192443848e-01
4.382469654083251953e-01
6.601988077163696289e-01
4.948316812515258789e-01
1.531790662556886673e-02
-1.601581722497940063e-01
-1.302454248070716858e-02
6.693117320537567139e-02
-5.863394141197204590e-01
-8.668143749237060547e-01
-5.453431606292724609e-01
-2.027366161346435547e-01
1.197012186050415039e+00
1.214323863387107849e-01
-2.100001573562622070e-01
-2.950340807437896729e-01
-4.709838330745697021e-01
3.120944499969482422e-01
-7.394859194755554199e-01
2.525710761547088623e-01
-1.849746942520141602e+00
2.432194501161575317e-01
9.016048908233642578e-01
3.210625946521759033e-01
2.129406630992889404e-01
1.802398115396499634e-01
1.062107563018798828e+00
3.302674293518066406e-01
-1.212935373187065125e-01
2.815584242343902588e-01
-7.790414988994598389e-02
1.264818668365478516e+00
1.218998193740844727e+00
-2.738368809223175049e-01
-6.680548191070556641e-01
-6.838408112525939941e-01
-7.897881269454956055e-01
-1.007476210594177246e+00
4.290336072444915771e-01
-2.352774702012538910e-02
-2.504895813763141632e-02
3.053539097309112549e-01
1.863480657339096069e-01
-2.135382890701293945e-01
4.404319077730178833e-02
6.612294912338256836e-01
-7.730741053819656372e-02
-6.723668426275253296e-02
4.606702029705047607e-01
-3.410294651985168457e-01
1.454844117164611816e+00
8.118845224380493164e-01
-8.616089224815368652e-01
-2.901228610426187515e-03
-5.381674170494079590e-01
7.493386864662170410e-01
4.606284201145172119e-02
-4.721932113170623779e-03
7.903235554695129395e-01
3.390611708164215088e-01
1.049926519393920898e+00
2.823293209075927734e-01
-3.784180283546447754e-01
-3.360220491886138916e-01
-3.011149168014526367e-01
1.289895474910736084e-01
-2.069385051727294922e-01
6.874562054872512817e-02
1.765260845422744751e-01
3.547799587249755859e-01
2.007120251655578613e-01
1.137961000204086304e-01
-4.625591039657592773e-01
-3.917769789695739746e-01
-1.016102731227874756e-01
-3.205647170543670654e-01
6.774658560752868652e-01
3.868625462055206299e-01
1.552453488111495972e-01
3.032729402184486389e-02
-1.279845088720321655e-01
3.516614735126495361e-01
-4.278826713562011719e-01
-7.154726386070251465e-01
-7.583557963371276855e-01
-7.192631810903549194e-02
-2.133372724056243896e-01
1.301428556442260742e+00
4.791723191738128662e-01
1.059065818786621094e+00
-4.607539772987365723e-01
2.828928232192993164e-01
4.491399228572845459e-01
1.038647294044494629e+00
7.187488079071044922e-01
7.736244201660156250e-01
9.272922575473785400e-02
4.363586381077766418e-02
1.621906012296676636e-01
-7.290771603584289551e-01
1.018819570541381836e+00
2.350588589906692505e-01
5.674381852149963379e-01
1.074122548103332520e+00
-7.787695527076721191e-01
-3.982720673084259033e-01
-8.569632470607757568e-02
-5.301362872123718262e-01
-1.059752464294433594e+00
2.850950360298156738e-01
1.252738356590270996e+00
6.418763995170593262e-01
3.014189302921295166e-01
3.165037631988525391e-01
2.222919277846813202e-02
-1.949238181114196777e-01
-3.743075430393218994e-01
-3.747479319572448730e-01
-4.809085130691528320e-01
1.673964500427246094e+00
5.638591647148132324e-01
1.485213488340377808e-01
1.327859014272689819e-01
-1.573824733495712280e-01
-8.828695863485336304e-02
-1.586243748664855957e+00
-1.642703115940093994e-01
2.535459697246551514e-01
7.816178202629089355e-01
1.492222249507904053e-01
-6.039233803749084473e-01
-2.697838246822357178e-01
-4.354709684848785400e-01
-3.106674849987030029e-01
-7.840105891227722168e-01
1.448099732398986816e+00
6.232699155807495117e-01
4.800998568534851074e-01
1.080182671546936035e+00
6.979423165321350098e-01
-3.938701450824737549e-01
-5.350169539451599121e-01
-2.919370234012603760e-01
4.410566091537475586e-01
2.680527865886688232e-01
3.644450381398200989e-02
-2.460126727819442749e-01
1.344244360923767090e+00
6.352835893630981445e-01
9.895378351211547852e-02
8.831555955111980438e-03
-7.684228569269180298e-02
2.342880249023437500e+00
7.016150951385498047e-01
1.170712187886238098e-01
-3.963547050952911377e-01
-2.402985095977783203e-01
-4.028327167034149170e-01
-6.199308037757873535e-01
-7.822639942169189453e-01
-4.150934815406799316e-01
3.701146319508552551e-02
-4.934459030628204346e-01
-1.480775237083435059e+00
4.506521224975585938e-01
6.661021709442138672e-01
-2.945640385150909424e-01
3.791412711143493652e-01
-1.289755821228027344e+00
8.863500952720642090e-01
1.739735245704650879e+00
2.648097991943359375e+00
1.020932197570800781e+00
-2.319120168685913086e-01
-2.455434501171112061e-01
-5.948367714881896973e-01
-3.753957152366638184e-01
-6.461133956909179688e-01
3.734190464019775391e-01
1.232169985771179199e+00
5.755026936531066895e-01
2.210698127746582031e-01
-6.132039241492748260e-03
-1.102934256196022034e-01
9.258194267749786377e-02
3.384636342525482178e-02
-1.519633382558822632e-01
1.012537702918052673e-01
-4.929627478122711182e-01
1.748688101768493652e+00
1.586448699235916138e-01
-8.825024366378784180e-01
-2.482467293739318848e-01
-1.242935538291931152e+00
6.275001168251037598e-01
6.763146519660949707e-01
-3.329069614410400391e-01
-4.546461701393127441e-01
-3.568702936172485352e-01
4.815682470798492432e-01
1.851981163024902344e+00
1.549016386270523071e-01
-3.961554467678070068e-01
-6.974951028823852539e-01
-3.228137195110321045e-01
-4.909996390342712402e-01
-4.115314185619354248e-01
-7.180899381637573242e-02
-3.470906317234039307e-01
2.283352136611938477e+00
1.764515519142150879e+00
-4.754758179187774658e-01
6.160749793052673340e-01
-4.093482196331024170e-01
-3.027761876583099365e-01
-4.217994213104248047e-02
7.499311119318008423e-02
8.975028395652770996e-01
7.999608516693115234e-01
1.059005036950111389e-01
-2.623519599437713623e-01
-5.658717155456542969e-01
4.776251614093780518e-01
1.418835204094648361e-02
-3.638411164283752441e-01
-1.963800936937332153e-01
-5.027379393577575684e-01
1.705492585897445679e-01
1.243404895067214966e-01
2.788652181625366211e-01
-5.341082215309143066e-01
-1.595982909202575684e+00
-3.212348818778991699e-01
-5.514497756958007812e-01
-2.877828776836395264e-01
-5.950700044631958008e-01
7.960184216499328613e-01
4.244984090328216553e-01
8.972249627113342285e-01
7.079323530197143555e-01
-3.958295881748199463e-01
4.262372255325317383e-01
-2.146081179380416870e-01
-1.164010688662528992e-01
1.346668750047683716e-01
4.938832819461822510e-01
-5.003206897526979446e-04
7.021147012710571289e-01
5.971351861953735352e-01
6.696253418922424316e-01
-2.618115842342376709e-01
5.750488489866256714e-02
-2.650063931941986084e-01
8.913496732711791992e-01
-3.370757102966308594e-01
-7.168848514556884766e-01
4.083597958087921143e-01
7.284669280052185059e-01
2.213849574327468872e-01
-4.136278331279754639e-01
-1.667584180831909180e-01
2.914330922067165375e-02
7.693688869476318359e-01
8.550466895103454590e-01
2.746735326945781708e-02
-1.164084896445274353e-01
-4.839090257883071899e-02
-8.649596571922302246e-02
-1.147708296775817871e-01
-6.319150328636169434e-01
-8.779877424240112305e-01
1.024782299995422363e+00
1.185380578041076660e+00
3.762905597686767578e-01
-8.148216009140014648e-01
-5.368971228599548340e-01
-2.508859634399414062e-01
3.226829469203948975e-01
-9.681493788957595825e-02
8.771378546953201294e-02
-2.865118086338043213e-01
1.254756689071655273e+00
1.019561409950256348e+00
1.824357956647872925e-01
-2.552073262631893158e-02
-3.280292153358459473e-01
1.227161958813667297e-01
-1.194878369569778442e-01
-8.553674221038818359e-01
4.377214908599853516e-01
-5.780900120735168457e-01
1.046486616134643555e+00
3.759402036666870117e-01
-3.524144887924194336e-01
-1.121720373630523682e-01
-3.548386693000793457e-02
2.065460085868835449e-01
1.329887807369232178e-01
1.220688819885253906e-01
-7.053878158330917358e-02
1.089814782142639160e+00
5.556555390357971191e-01
-3.016044199466705322e-01
3.002453446388244629e-01
-5.040102601051330566e-01
-1.127303004264831543e+00
9.454671293497085571e-02
2.365640550851821899e-01
1.735113412141799927e-01
2.798033654689788818e-01
1.214889407157897949e+00
-4.540595784783363342e-02
-4.667526483535766602e-01
-5.556327104568481445e-01
-3.352019190788269043e-01
4.180730879306793213e-01
-6.166213378310203552e-02
7.332570552825927734e-01
2.939085662364959717e-01
4.445990920066833496e-02
1.520680785179138184e-01
7.417462468147277832e-01
3.140318095684051514e-01
-1.803562045097351074e-02
-1.108212947845458984e+00
6.284226775169372559e-01
-7.892765998840332031e-01
4.766202270984649658e-01
3.336969017982482910e-01
-3.031837046146392822e-01
1.249713063240051270e+00
8.255016058683395386e-03
4.018981158733367920e-01
-7.079848647117614746e-01
1.822003364562988281e+00
1.185057282447814941e+00
-5.484308600425720215e-01
-1.502216100692749023e+00
-5.578419566154479980e-01
-1.113411337137222290e-01
4.509553611278533936e-01
9.750271439552307129e-01
4.210266768932342529e-01
1.563512533903121948e-01
-1.401754021644592285e-01
2.383590340614318848e-01
-7.318790555000305176e-01
5.513072013854980469e-01
-3.214962184429168701e-01
-1.076485395431518555e+00
7.059464454650878906e-01
7.280237227678298950e-02
-4.052102863788604736e-01
-1.109989047050476074e+00
7.709272503852844238e-01
1.562807798385620117e+00
5.650886297225952148e-01
2.630071341991424561e-01
6.131569296121597290e-02
