5.425065159797668457e-01
2.754825949668884277e-01
6.189885139465332031e-01
1.092158436775207520e+00
-9.022464156150817871e-01
-7.022128105163574219e-01
-1.158932875841856003e-02
-1.843954920768737793e-01
1.857891306281089783e-02
6.701191663742065430e-01
9.217631816864013672e-02
3.240309059619903564e-01
-2.936626970767974854e-01
-3.262434154748916626e-02
1.730821877717971802e-01
-5.551262497901916504e-01
-2.490842342376708984e-01
-1.214992403984069824e-01
-4.694165289402008057e-01
1.518156379461288452e-01
-2.747936844825744629e-01
6.384117603302001953e-01
5.411996841430664062e-01
1.335381418466567993e-01
-2.944517433643341064e-01
-8.155860900878906250e-01
-5.155532360076904297e-01
-6.445497870445251465e-01
4.530632197856903076e-01
2.434758841991424561e-01
1.030619814991950989e-01
1.219770684838294983e-01
-7.965084910392761230e-01
1.602701283991336823e-02
-1.768565773963928223e-01
-4.491793811321258545e-01
-4.710718095302581787e-01
-4.139619767665863037e-01
-2.609724402427673340e-01
1.910887360572814941e-01
-1.935802996158599854e-01
-9.191676229238510132e-02
5.854162573814392090e-01
-1.260015964508056641e-01
9.491833299398422241e-02
-9.276393800973892212e-03
-4.224802553653717041e-01
1.856853365898132324e-01
-2.516734600067138672e-01
-7.701142132282257080e-02
2.131782770156860352e-01
1.622828096151351929e-01
-3.684813082218170166e-01
1.858591884374618530e-01
3.719597160816192627e-01
1.474994719028472900e-01
-2.890937328338623047e-01
-1.906130015850067139e-01
5.295230075716972351e-04
3.379156291484832764e-01
4.633030593395233154e-01
5.989843010902404785e-01
-2.403010427951812744e-01
-2.293947637081146240e-01
-7.066137790679931641e-01
-1.570873409509658813e-01
-1.094223558902740479e-01
1.440278738737106323e-01
-5.354104563593864441e-02
2.062828689813613892e-01
-2.632025778293609619e-01
-9.480267018079757690e-02
-4.122877493500709534e-02
1.072463840246200562e-01
-2.694994807243347168e-01
-6.420261263847351074e-01
-6.064927577972412109e-01
-4.630864560604095459e-01
-5.595931410789489746e-01
-4.528082907199859619e-02
-1.060810610651969910e-01
-8.353252708911895752e-02
2.570353075861930847e-02
9.703356772661209106e-04
-2.687245905399322510e-01
-4.086549952626228333e-02
-5.070632100105285645e-01
1.897616833448410034e-01
4.787445813417434692e-02
4.388462305068969727e-01
1.454757601022720337e-01
-2.401661425828933716e-01
7.532846927642822266e-01
2.005197703838348389e-01
5.604115128517150879e-01
1.503680646419525146e-01
-1.159925609827041626e-01
-6.459881067276000977e-01
5.731336474418640137e-01
-3.417456150054931641e-01
-2.885409295558929443e-01
-4.626356661319732666e-01
-7.696213573217391968e-02
-5.609106421470642090e-01
2.894521458074450493e-03
-1.836989521980285645e-01
-3.450501859188079834e-01
-2.928327955305576324e-02
1.410770416259765625e-01
-4.231598377227783203e-01
2.488702684640884399e-01
3.421997725963592529e-01
-1.018275097012519836e-01
-3.429957106709480286e-02
-2.596043050289154053e-02
2.089914381504058838e-01
3.464511036872863770e-01
-3.789559304714202881e-01
1.953759342432022095e-01
-4.634257256984710693e-01
-2.069724798202514648e-01
-3.678977489471435547e-01
-4.316928796470165253e-03
1.732543557882308960e-01
-1.172255352139472961e-01
-3.647115081548690796e-02
2.980513572692871094e-01
3.087627291679382324e-01
1.662894338369369507e-01
1.712816357612609863e-01
-3.123586177825927734e-01
-2.760491073131561279e-01
-1.967202574014663696e-01
8.344593644142150879e-02
-6.668460369110107422e-01
-2.119050472974777222e-01
-2.816738486289978027e-01
-3.749543130397796631e-01
-5.171479284763336182e-02
-5.379452109336853027e-01
-1.845800280570983887e-01
1.242612525820732117e-01
3.934604525566101074e-01
4.551266431808471680e-01
3.840966522693634033e-01
2.199526280164718628e-01
9.498023241758346558e-02
-1.937419474124908447e-01
-8.181142807006835938e-02
7.348065823316574097e-02
-1.089385822415351868e-01
-2.718196809291839600e-02
-5.262196660041809082e-01
1.355237066745758057e-01
-9.592279791831970215e-02
3.583454061299562454e-03
-3.964816033840179443e-01
-1.493055969476699829e-01
-1.224446818232536316e-01
-4.124132096767425537e-01
-1.125877350568771362e-01
-1.303123384714126587e-01
4.723563194274902344e-01
3.796420693397521973e-01
-7.810629159212112427e-02
-1.619327217340469360e-01
1.772573776543140411e-02
-2.048088610172271729e-01
1.937601268291473389e-01
-2.505446970462799072e-01
6.382017135620117188e-01
-5.821052789688110352e-01
8.990889787673950195e-02
1.862382888793945312e-01
-1.914041675627231598e-02
-5.228883624076843262e-01
-1.898921877145767212e-01
-2.634806632995605469e-01
-2.686255276203155518e-01
6.087874770164489746e-01
2.450371533632278442e-02
-1.633862555027008057e-01
-9.813745319843292236e-02
-1.605122238397598267e-01
6.705079078674316406e-01
1.018331170082092285e+00
-3.675937354564666748e-01
-1.720270812511444092e-01
-3.329401612281799316e-01
-4.353002607822418213e-01
-2.893824279308319092e-01
5.114791989326477051e-01
-4.244489222764968872e-02
1.905537396669387817e-02
-3.970509469509124756e-01
-3.224718868732452393e-01
-3.710246384143829346e-01
-2.345558255910873413e-01
-2.311941981315612793e-01
-2.508025169372558594e-01
2.234848439693450928e-01
-5.643536448478698730e-01
-2.952848374843597412e-01
5.486013889312744141e-01
2.897851467132568359e-01
2.445320636034011841e-01
8.222866058349609375e-01
-9.611870162189006805e-03
3.008300662040710449e-01
3.783113360404968262e-01
-3.422606289386749268e-01
-1.238861918449401855e+00
-6.422954201698303223e-01
2.679466605186462402e-01
4.234602749347686768e-01
4.663597419857978821e-02
3.929439932107925415e-02
-1.028143055737018585e-02
-1.933716982603073120e-01
2.510179579257965088e-01
-3.175307214260101318e-01
-5.726525187492370605e-01
-3.361913561820983887e-01
1.058346629142761230e-01
-1.842686533927917480e-01
-3.016638159751892090e-01
-1.865659356117248535e-01
-3.018392026424407959e-01
-2.906286120414733887e-01
-4.274557158350944519e-02
1.763674467802047729e-01
-2.283181995153427124e-03
-3.361871242523193359e-01
9.112975746393203735e-02
6.119112372398376465e-01
-1.922574937343597412e-01
-1.914286315441131592e-01
2.330408096313476562e-01
4.730248749256134033e-01
5.647166967391967773e-01
5.675849914550781250e-01
-6.972382962703704834e-02
-2.242356091737747192e-01
-6.955174803733825684e-01
-1.172439813613891602e+00
-1.637052297592163086e-01
-5.187212228775024414e-01
-6.181440949440002441e-01
-2.805202305316925049e-01
-5.938448309898376465e-01
2.095311433076858521e-01
-5.690814256668090820e-01
4.194215834140777588e-01
7.698344588279724121e-01
7.833021283149719238e-01
-2.930981516838073730e-01
-4.850722104310989380e-02
4.008729755878448486e-01
7.819107174873352051e-02
-7.977539300918579102e-01
-1.340664148330688477e+00
-3.709636032581329346e-01
8.286315202713012695e-02
-1.371040493249893188e-01
1.552428454160690308e-01
-3.995721638202667236e-01
-4.969472885131835938e-01
2.766612768173217773e-01
4.196044206619262695e-01
6.199929714202880859e-01
-3.466347455978393555e-01
1.039570569992065430e-01
2.076681703329086304e-01
-1.377549469470977783e-01
-1.119099855422973633e-01
-1.093939766287803650e-01
-7.877462506294250488e-01
-1.852968186140060425e-01
-7.794939279556274414e-01
-1.881590634584426880e-01
-3.017623126506805420e-01
1.215671673417091370e-01
1.641908437013626099e-01
3.327469527721405029e-01
1.759017854928970337e-01
3.732412159442901611e-01
-1.524274349212646484e-01
3.035772442817687988e-01
7.678001374006271362e-02
-8.404605090618133545e-02
-1.762690544128417969e-01
-4.328993260860443115e-01
-4.075015783309936523e-01
-1.119981184601783752e-01
2.200430929660797119e-01
-3.462815880775451660e-01
-3.887284398078918457e-01
2.250156700611114502e-01
2.486135810613632202e-01
1.731915026903152466e-01
1.831480711698532104e-01
1.865532249212265015e-02
-3.954046368598937988e-01
-4.720021486282348633e-01
-1.794638037681579590e-01
-2.249107360839843750e-01
-6.591043472290039062e-01
-3.041312694549560547e-01
-2.864629030227661133e-01
-1.464407294988632202e-01
9.517063945531845093e-02
4.017793014645576477e-02
-1.211833357810974121e-01
1.051790118217468262e-01
1.128371059894561768e-01
2.440551519393920898e-01
-3.923901021480560303e-01
3.213133513927459717e-01
-2.962697744369506836e-01
1.249610409140586853e-01
4.582863450050354004e-01
-2.542613744735717773e-01
4.543046355247497559e-01
-3.537584543228149414e-01
7.343620806932449341e-02
-1.707812249660491943e-01
4.520642757415771484e-01
-2.911645174026489258e-01
-3.268728852272033691e-01
-2.609869539737701416e-01
-5.546551942825317383e-01
-1.826965808868408203e-01
2.675742506980895996e-01
-2.661502063274383545e-01
-2.205820083618164062e-01
-2.759733498096466064e-01
-5.994293689727783203e-01
2.184791676700115204e-02
-8.488222956657409668e-01
-6.698998808860778809e-01
-5.323531627655029297e-01
-8.894280344247817993e-02
2.139361202716827393e-01
-4.435758590698242188e-01
1.282905787229537964e-01
6.956492066383361816e-01
5.780220627784729004e-01
1.011133193969726562e+00
2.643082737922668457e-01
1.421417891979217529e-01
-2.843753993511199951e-01
3.680972456932067871e-01
5.989953503012657166e-02
-6.289882957935333252e-02
1.642903313040733337e-02
-1.654094308614730835e-01
6.157108396291732788e-02
2.407464087009429932e-01
-7.864591479301452637e-02
1.537586152553558350e-01
-2.184214890003204346e-01
-1.385086625814437866e-01
5.211005359888076782e-02
-5.075011849403381348e-01
-6.223997473716735840e-01
-1.914705932140350342e-01
-6.724140644073486328e-01
-7.522925734519958496e-04
-6.438133120536804199e-01
-1.326184123754501343e-01
-4.129337370395660400e-01
-1.864255815744400024e-01
1.586674302816390991e-01
-1.620356440544128418e-01
1.753243803977966309e-01
1.207355409860610962e-01
3.416253328323364258e-01
5.957393050193786621e-01
2.836141921579837799e-02
1.792344748973846436e-01
6.745440512895584106e-02
7.142211198806762695e-01
4.693459272384643555e-01
1.527206972241401672e-02
1.897011324763298035e-02
4.858088195323944092e-01
-5.091003775596618652e-01
-7.442978620529174805e-01
2.709046006202697754e-01
3.294892311096191406e-01
6.040518879890441895e-01
2.829380929470062256e-01
-3.820466101169586182e-01
-2.919156849384307861e-01
-1.133380681276321411e-01
-4.748252928256988525e-01
-5.379360318183898926e-01
-8.742281794548034668e-01
-7.902700304985046387e-01
-2.536135315895080566e-01
3.600280731916427612e-02
9.685698151588439941e-02
-2.321399003267288208e-01
-2.304452955722808838e-01
1.717037856578826904e-01
4.449341595172882080e-01
3.129535913467407227e-02
2.361595258116722107e-02
1.416161358356475830e-01
1.239119321107864380e-01
-1.833932697772979736e-01
2.881771028041839600e-01
1.020119339227676392e-01
3.840637505054473877e-01
6.210691481828689575e-02
-4.012068808078765869e-01
-1.339716911315917969e-01
-5.054589509963989258e-01
-2.013561427593231201e-01
-5.730066895484924316e-01
-5.245719552040100098e-01
2.066738605499267578e-01
1.170443221926689148e-01
8.358496427536010742e-01
-4.320154190063476562e-01
-3.605871200561523438e-01
-2.794516682624816895e-01
-1.642469465732574463e-01
3.305180370807647705e-01
-3.610567748546600342e-01
8.661090396344661713e-04
-5.175709128379821777e-01
7.607305888086557388e-03
1.340062916278839111e-02
-4.271725192666053772e-02
3.750979527831077576e-02
-2.177385538816452026e-01
4.926680326461791992e-01
5.039309263229370117e-01
3.218537271022796631e-01
-7.819551229476928711e-02
-5.207835137844085693e-02
-2.167096287012100220e-01
-5.586463809013366699e-01
2.404556982219219208e-02
-2.338327169418334961e-01
-4.163809120655059814e-03
4.904223233461380005e-02
4.767390340566635132e-02
-3.649188280105590820e-01
3.853400647640228271e-01
1.633355766534805298e-01
-5.659756064414978027e-02
3.622306585311889648e-01
-8.372586220502853394e-02
-3.125436902046203613e-01
-7.744733691215515137e-01
-1.275714755058288574e+00
-4.036417603492736816e-01
2.122693508863449097e-01
1.989501267671585083e-01
4.143126681447029114e-02
-1.317263543605804443e-01
-4.280950874090194702e-02
-1.288289278745651245e-01
-1.235331967473030090e-01
-2.927979454398155212e-02
6.274501793086528778e-03
2.980927228927612305e-01
-9.077448248863220215e-01
6.960157752037048340e-01
-1.876872479915618896e-01
6.642320007085800171e-02
4.286003708839416504e-01
-1.317515522241592407e-01
2.219622731208801270e-01
-4.718837738037109375e-01
2.221230566501617432e-01
3.991230130195617676e-01
1.205723881721496582e-01
-4.923020899295806885e-01
-6.158528327941894531e-01
-5.240682512521743774e-02
-1.876148954033851624e-02
-3.797664046287536621e-01
1.596844792366027832e-01
-1.223454400897026062e-01
1.210761219263076782e-01
-2.989343404769897461e-01
-1.671161651611328125e-01
-9.595856070518493652e-02
-1.488121896982192993e-01
-7.003844380378723145e-01
-1.369430571794509888e-01
2.092741429805755615e-01
-5.297202244400978088e-02
3.147038519382476807e-01
-1.777136325836181641e-01
-3.130562230944633484e-02
-3.395964801311492920e-01
8.034964092075824738e-03
-4.779410064220428467e-01
7.550098001956939697e-02
2.867466509342193604e-01
-2.082720547914505005e-01
2.096810191869735718e-01
6.190802901983261108e-02
6.516323685646057129e-01
-3.660514354705810547e-01
1.407161504030227661e-01
-3.593642264604568481e-02
-4.794444516301155090e-02
-9.422327391803264618e-03
