-1.253968954086303711e+00
-3.087183237075805664e-01
-3.343434929847717285e-01
4.523202180862426758e-01
5.616078376770019531e-01
-8.163251727819442749e-02
-1.651774942874908447e-01
-4.860926568508148193e-01
1.166652590036392212e-01
-1.921536326408386230e-01
9.934013485908508301e-01
5.560712814331054688e-01
-3.053223714232444763e-02
7.084238529205322266e-01
-5.802049636840820312e-01
7.684162855148315430e-01
-3.012063205242156982e-01
2.123575098812580109e-02
9.245214611291885376e-02
8.445361256599426270e-01
-2.970557659864425659e-03
3.113587573170661926e-02
-3.201614022254943848e-01
-5.522853732109069824e-01
7.625113427639007568e-02
2.841818928718566895e-01
3.813498020172119141e-01
-1.106395050883293152e-01
1.782619655132293701e-01
-7.663351893424987793e-01
7.861188054084777832e-01
-1.054123863577842712e-01
2.733146250247955322e-01
-3.127159774303436279e-01
7.627107501029968262e-01
-6.953587532043457031e-01
8.691279888153076172e-01
-3.705767393112182617e-01
1.866889894008636475e-01
8.579585701227188110e-02
8.607478141784667969e-01
-5.546903610229492188e-01
3.854050934314727783e-01
-1.149818450212478638e-01
-1.160712391138076782e-01
2.030746787786483765e-01
2.307122796773910522e-01
3.799950182437896729e-01
1.152230277657508850e-01
-1.064077854156494141e+00
-6.060428172349929810e-02
1.887070387601852417e-01
-6.460648775100708008e-01
2.078820616006851196e-01
5.458247661590576172e-02
2.405413389205932617e-01
5.759379267692565918e-01
-7.130515575408935547e-01
-1.188759729266166687e-01
-1.154224872589111328e-01
3.355408012866973877e-01
4.027051031589508057e-01
4.746450781822204590e-01
-1.934303790330886841e-01
-6.281636953353881836e-01
-2.607029080390930176e-01
2.173973470926284790e-01
2.870103418827056885e-01
1.014209687709808350e-01
-1.341768652200698853e-01
2.906131446361541748e-01
-2.535728812217712402e-01
-6.589056253433227539e-01
6.150035858154296875e-01
-3.816783428192138672e-01
9.510988593101501465e-01
4.571487307548522949e-01
1.377679556608200073e-01
-2.606461346149444580e-01
-1.397889405488967896e-01
3.510494828224182129e-01
-1.516783535480499268e-01
9.495966434478759766e-01
1.389285642653703690e-02
-4.949820414185523987e-02
-1.026067510247230530e-01
-6.206115484237670898e-01
-8.939332365989685059e-01
1.883033066987991333e-01
-2.710293605923652649e-02
5.057898163795471191e-01
2.643410563468933105e-01
4.631344079971313477e-01
6.573377549648284912e-02
3.435784876346588135e-01
2.840059995651245117e-01
-6.989912688732147217e-02
6.020841747522354126e-02
1.780082583427429199e-01
-3.390498459339141846e-01
-3.750408068299293518e-03
-7.202278971672058105e-01
3.564045429229736328e-01
2.278691343963146210e-02
-3.289151191711425781e-01
1.752149164676666260e-01
-1.430964916944503784e-01
-3.887377977371215820e-01
-2.010436356067657471e-01
-6.797401309013366699e-01
-9.933227300643920898e-02
-4.021849334239959717e-01
-8.832579106092453003e-02
3.416107892990112305e-01
4.978639781475067139e-01
5.494706034660339355e-01
8.081049323081970215e-01
-1.881259679794311523e-01
3.175392448902130127e-01
-2.600164385512471199e-03
-2.247727476060390472e-02
-1.098892763257026672e-01
2.023246288299560547e-01
-4.791740179061889648e-01
1.221059441566467285e+00
-9.633141756057739258e-01
7.237015366554260254e-01
-8.869419693946838379e-01
1.230117321014404297e+00
-2.070069313049316406e-01
9.185810685157775879e-01
-1.633323431015014648e-01
-1.424380391836166382e-01
-1.130623072385787964e-01
-3.024600446224212646e-01
-3.836639225482940674e-01
5.467118024826049805e-01
7.574755549430847168e-01
3.370667994022369385e-01
4.883938282728195190e-02
-8.551043272018432617e-01
-4.739753156900405884e-02
-6.800844073295593262e-01
-6.727563738822937012e-01
-3.060031533241271973e-01
-4.429210722446441650e-01
-1.292873471975326538e-01
3.498748317360877991e-02
3.296222984790802002e-01
3.881863355636596680e-01
7.231469154357910156e-01
7.485962510108947754e-01
1.564229965209960938e+00
-1.992391888052225113e-03
6.963263452053070068e-02
2.423632144927978516e-01
-8.437735438346862793e-01
8.298411965370178223e-02
-2.731593549251556396e-01
-2.289765030145645142e-01
-6.834928989410400391e-01
-9.368276596069335938e-01
1.011405326426029205e-02
4.065605998039245605e-01
2.104220837354660034e-01
1.419138193130493164e+00
-7.630351185798645020e-01
-1.909146606922149658e-01
-3.047709465026855469e-01
-6.900095343589782715e-01
-1.565188467502593994e-01
7.699548602104187012e-01
-8.458622545003890991e-02
5.048484802246093750e-01
-2.964687347412109375e-01
1.884574443101882935e-01
2.369191646575927734e-01
4.020170867443084717e-01
2.731785178184509277e-01
6.199178695678710938e-01
-6.853646785020828247e-02
6.784743070602416992e-01
-1.161661744117736816e-01
9.823755919933319092e-02
-3.334290683269500732e-01
-2.017698138952255249e-01
-4.538087248802185059e-01
-1.174447536468505859e-01
-3.803377747535705566e-01
2.312035709619522095e-01
-7.454966306686401367e-01
-3.686654865741729736e-01
-1.703341305255889893e-02
-6.532081216573715210e-02
5.521352291107177734e-01
1.481690168380737305e+00
1.402205467224121094e+00
3.895839676260948181e-02
-5.481497645378112793e-01
-3.042570054531097412e-01
-5.937136411666870117e-01
3.539916574954986572e-01
-6.928555965423583984e-01
1.547297928482294083e-02
-1.516152471303939819e-01
-3.971945866942405701e-02
3.253698348999023438e-02
6.675156950950622559e-02
-9.802462905645370483e-02
1.262276470661163330e-01
1.880481690168380737e-01
-2.123024016618728638e-01
3.626112043857574463e-01
6.514310836791992188e-01
-1.197544485330581665e-01
6.629969477653503418e-01
6.798021197319030762e-01
2.811240553855895996e-01
1.189055591821670532e-01
-2.707261145114898682e-01
5.434204265475273132e-02
3.530403971672058105e-01
3.192979097366333008e-01
1.069664657115936279e-01
-4.214763641357421875e-01
-8.182170987129211426e-01
-3.455783724784851074e-01
3.046501576900482178e-01
-3.962797522544860840e-01
2.072556316852569580e-01
-7.727609872817993164e-01
-3.405166566371917725e-01
7.312218099832534790e-02
-1.495091021060943604e-01
1.937353760004043579e-01
-4.602722078561782837e-02
-2.717930078506469727e-01
-3.611519560217857361e-02
1.113778911530971527e-02
2.391487061977386475e-01
1.019586920738220215e+00
5.142457410693168640e-02
4.278576970100402832e-01
-2.573008276522159576e-02
6.185739859938621521e-02
-1.706411987543106079e-01
9.803541898727416992e-01
7.074452638626098633e-01
1.067274212837219238e+00
-6.119306012988090515e-02
-8.435019850730895996e-02
-9.957383573055267334e-02
3.890603482723236084e-01
3.380757197737693787e-02
3.991710245609283447e-01
5.223227143287658691e-01
1.507360395044088364e-02
-5.260841250419616699e-01
-3.349443674087524414e-01
-4.811813831329345703e-01
3.542847037315368652e-01
6.093997955322265625e-01
3.535586297512054443e-01
6.800694465637207031e-01
-5.152412056922912598e-01
4.858910441398620605e-01
-2.008914798498153687e-01
-3.592779040336608887e-01
-1.502860635519027710e-01
-3.022916316986083984e-01
1.273785829544067383e-01
-4.780234992504119873e-01
3.327898681163787842e-01
6.423298269510269165e-02
4.753829538822174072e-02
-2.928174138069152832e-01
-4.497627615928649902e-01
2.375062704086303711e-01
4.048992991447448730e-01
-2.990426123142242432e-01
-2.293843626976013184e-01
-3.892503678798675537e-01
2.372602075338363647e-01
-2.962170839309692383e-01
1.576162427663803101e-01
-2.164205908775329590e-01
3.217082917690277100e-01
-1.402174830436706543e-01
3.760598599910736084e-01
-3.516148328781127930e-01
6.249887943267822266e-01
2.161576598882675171e-01
8.258723020553588867e-01
-3.118023872375488281e-01
2.981409132480621338e-01
2.899459898471832275e-01
2.569980621337890625e-01
1.184345595538616180e-02
7.734249830245971680e-01
-2.698085606098175049e-01
4.771977961063385010e-01
-9.498041868209838867e-01
1.752934157848358154e-01
1.269572526216506958e-01
4.599764943122863770e-01
3.855040073394775391e-01
-4.199073314666748047e-01
-1.885534226894378662e-01
1.143730506300926208e-01
-3.976589441299438477e-01
3.979322016239166260e-01
1.340585350990295410e-01
2.718461155891418457e-01
-4.910657107830047607e-01
-6.080814599990844727e-01
-5.384669899940490723e-01
-2.760953009128570557e-01
3.066737353801727295e-01
7.242070436477661133e-01
1.064405143260955811e-01
2.366477698087692261e-01
-1.094867810606956482e-01
-6.317033171653747559e-01
1.049559786915779114e-01
3.533066213130950928e-01
1.607279032468795776e-01
7.607616782188415527e-01
3.844923973083496094e-01
3.355322778224945068e-01
-3.420880064368247986e-02
-3.190646693110466003e-02
-9.125851988792419434e-01
3.689439892768859863e-01
-2.242597937583923340e-01
4.173612296581268311e-01
-1.163077354431152344e-01
3.259669244289398193e-01
-9.745342135429382324e-01
-4.500675499439239502e-01
4.145001769065856934e-01
-3.376495838165283203e-01
-8.010922372341156006e-02
-1.287944763898849487e-01
4.564889371395111084e-01
8.900018334388732910e-01
1.023217082023620605e+00
1.593005418777465820e+00
-5.795876979827880859e-01
-2.369621694087982178e-01
-6.309945583343505859e-01
-3.167413175106048584e-02
-6.749818325042724609e-01
5.935460925102233887e-01
-5.404446125030517578e-01
-9.178826808929443359e-01
7.086736708879470825e-02
-5.269339084625244141e-01
-3.135198727250099182e-02
-3.304088115692138672e-01
2.774676084518432617e-01
5.104227662086486816e-01
9.575085043907165527e-01
4.279387295246124268e-01
2.301933616399765015e-02
-5.279682278633117676e-01
7.163539528846740723e-01
-5.149662494659423828e-01
1.827600747346878052e-01
-1.405362784862518311e-01
-3.706767559051513672e-01
2.772289216518402100e-01
-5.937278270721435547e-01
-5.622611194849014282e-02
-9.232939779758453369e-02
4.125849604606628418e-01
-5.101219937205314636e-02
1.709057390689849854e-01
3.148842155933380127e-01
-5.334448814392089844e-01
-5.357360839843750000e-01
-3.371648788452148438e-01
-2.830933332443237305e-01
-7.336924970149993896e-02
7.223928719758987427e-02
1.589841991662979126e-01
-4.067613556981086731e-02
3.433554172515869141e-01
-1.893889307975769043e-01
3.329249471426010132e-02
2.541169226169586182e-01
4.118869006633758545e-01
4.079984426498413086e-01
1.677804231643676758e+00
-1.205189585685729980e+00
1.064180374145507812e+00
-3.993284702301025391e-01
1.183507815003395081e-01
-6.588326394557952881e-02
-5.848550796508789062e-01
-6.807039380073547363e-01
7.351155281066894531e-01
1.227466702461242676e+00
6.369972229003906250e-01
-2.993774414062500000e-01
1.004566848278045654e-01
8.879686146974563599e-02
4.167781770229339600e-01
-7.569145560264587402e-01
-3.417794778943061829e-02
-6.155214458703994751e-02
5.874780416488647461e-01
-1.834005117416381836e-02
5.892393589019775391e-01
-8.669231086969375610e-02
5.925751924514770508e-01
4.864708185195922852e-01
5.136111378669738770e-01
-7.544853687286376953e-01
-1.843117177486419678e-01
7.853453159332275391e-01
-2.434191852807998657e-01
1.535188108682632446e-01
-5.416689515113830566e-01
-2.855398654937744141e-01
1.576840132474899292e-01
3.039039969444274902e-01
1.005256056785583496e+00
-5.849461555480957031e-01
-3.444691896438598633e-01
-3.549100160598754883e-01
-2.785322368144989014e-01
2.664608359336853027e-01
-2.557211220264434814e-01
2.690660655498504639e-01
2.143913358449935913e-01
9.254990220069885254e-01
-1.060646027326583862e-01
5.466305613517761230e-01
-5.421337485313415527e-02
-6.535145044326782227e-01
-1.820614337921142578e-01
-3.493385612964630127e-01
2.936401776969432831e-02
-2.420701682567596436e-01
4.614951908588409424e-01
3.227492421865463257e-02
-1.803334057331085205e-02
4.903088808059692383e-01
4.960791766643524170e-01
3.202892541885375977e-01
-1.361812651157379150e-02
3.352359831333160400e-01
-5.475527644157409668e-01
-7.803841028362512589e-03
2.371158748865127563e-01
-2.699983417987823486e-01
-9.552887827157974243e-02
-3.411817848682403564e-01
-5.504204630851745605e-01
-1.223949342966079712e-02
-7.404489815235137939e-02
2.746566236019134521e-01
-1.141607668250799179e-02
7.102429270744323730e-01
1.016010418534278870e-01
-2.095798552036285400e-01
8.102148771286010742e-02
-2.000721693038940430e-01
3.556157946586608887e-01
-1.818223446607589722e-01
5.213304162025451660e-01
-7.384203374385833740e-02
-2.941471636295318604e-01
8.249279111623764038e-02
5.209043025970458984e-01
3.049849998205900192e-03
-3.513573706150054932e-01
-6.008721590042114258e-01
7.486583292484283447e-02
2.755352109670639038e-02
7.560729980468750000e-01
3.347408771514892578e-01
2.592652440071105957e-01
1.011145830154418945e+00
-3.396098911762237549e-01
2.567492127418518066e-01
3.435781300067901611e-01
-1.909087747335433960e-01
-1.174408867955207825e-01
-5.331292152404785156e-01
2.282186448574066162e-01
5.820192098617553711e-01
1.882090568542480469e-01
1.734821349382400513e-01
-8.234604448080062866e-02
4.448799490928649902e-01
-8.297231793403625488e-01
-1.252224482595920563e-02
1.705163419246673584e-01
5.877977237105369568e-02
5.250848531723022461e-01
1.104022741317749023e+00
-1.178677201271057129e+00
-8.936905860900878906e-01
-6.993827819824218750e-01
-2.936232984066009521e-01
-7.543717324733734131e-02
1.497974872589111328e+00
5.752450227737426758e-01
-2.438789308071136475e-01
2.877653837203979492e-01
4.751266539096832275e-02
8.741950243711471558e-02
