9.332822561264038086e-01
2.420689538121223450e-02
2.358444035053253174e-01
1.485780440270900726e-02
-1.502629965543746948e-01
1.604717671871185303e-01
9.546634554862976074e-02
-9.105286598205566406e-01
-1.121372431516647339e-01
2.990407943725585938e-01
7.955145835876464844e-01
4.012607783079147339e-02
1.046662479639053345e-01
-3.457433283329010010e-01
1.019275635480880737e-01
-6.219937205314636230e-01
-2.285221815109252930e-01
-5.957118272781372070e-01
-3.073427677154541016e-01
-5.762749910354614258e-01
-3.663823902606964111e-01
-1.022940725088119507e-01
-4.716242849826812744e-01
1.081457883119583130e-01
1.106353700160980225e-01
3.637383282184600830e-01
2.224745899438858032e-01
5.798062682151794434e-01
3.488519191741943359e-01
1.017754197120666504e+00
1.341506391763687134e-01
3.978357836604118347e-02
2.200393229722976685e-01
-1.763695597648620605e+00
1.061271190643310547e+00
-9.559583067893981934e-01
-5.619778037071228027e-01
-2.039673030376434326e-01
-2.272136509418487549e-03
5.331562757492065430e-01
6.325615644454956055e-01
3.901190757751464844e-01
-5.639592409133911133e-01
-1.308996975421905518e-01
-3.068225979804992676e-01
-1.649894267320632935e-01
-9.475727081298828125e-01
-1.258907318115234375e+00
4.563980400562286377e-01
8.084256947040557861e-02
1.977163553237915039e-01
1.914564669132232666e-01
-1.452292688190937042e-02
-3.904244005680084229e-01
9.030745625495910645e-01
-2.437353879213333130e-01
-6.170979700982570648e-03
-8.949931263923645020e-01
1.004832237958908081e-01
7.766412943601608276e-02
1.378748118877410889e-01
4.373092949390411377e-01
3.189966380596160889e-01
1.572571843862533569e-01
7.452413439750671387e-02
-6.644461154937744141e-01
4.729028642177581787e-01
4.830392301082611084e-01
2.979248575866222382e-02
2.132786959409713745e-01
-1.321457475423812866e-01
7.354407757520675659e-02
-3.865661472082138062e-02
-4.990012347698211670e-01
3.977543711662292480e-01
-3.662688434123992920e-01
-5.898816585540771484e-01
-5.476121306419372559e-01
-3.273357748985290527e-01
-3.912787139415740967e-01
5.176846981048583984e-01
9.510454535484313965e-02
4.303379952907562256e-01
-2.124355584383010864e-01
-2.780202403664588928e-02
-8.695737272500991821e-02
-1.882790476083755493e-01
-1.857156157493591309e-01
3.195197507739067078e-02
-2.526555657386779785e-01
-3.946259617805480957e-01
-5.292125344276428223e-01
-4.305743873119354248e-01
-2.830003201961517334e-01
-2.378654778003692627e-01
5.286564826965332031e-01
-4.692443087697029114e-02
3.386962413787841797e-01
-3.320738077163696289e-01
9.624799489974975586e-01
-5.900374054908752441e-01
5.158376693725585938e-01
-4.482694864273071289e-01
3.282580077648162842e-01
7.374815940856933594e-01
6.199621558189392090e-01
-5.257482826709747314e-02
-6.020805239677429199e-01
-6.142582744359970093e-02
-2.407400757074356079e-01
6.547253578901290894e-02
4.272348061203956604e-02
1.281986087560653687e-01
1.153700053691864014e-01
1.781449019908905029e-01
3.622806966304779053e-01
-3.465511500835418701e-01
2.341208010911941528e-01
-2.697942554950714111e-01
4.735516309738159180e-01
-3.237797319889068604e-01
1.632532328367233276e-01
-6.636376380920410156e-01
-1.472682952880859375e-01
-2.790038585662841797e-01
-3.533802628517150879e-01
7.088403701782226562e-01
-4.791894555091857910e-01
-2.431410998106002808e-01
-3.447335064411163330e-01
-4.102534353733062744e-01
-6.282479166984558105e-01
-4.678039997816085815e-02
-2.534565702080726624e-02
9.409853070974349976e-02
3.272606432437896729e-02
3.273836672306060791e-01
-3.525940477848052979e-01
-4.417469352483749390e-02
1.423201523721218109e-02
4.659564197063446045e-01
1.599308848381042480e-01
8.524039387702941895e-02
5.038838982582092285e-01
6.249103695154190063e-02
7.267375588417053223e-01
-2.205864191055297852e-01
-5.676917731761932373e-02
-7.633060216903686523e-02
-7.856256961822509766e-01
5.775341764092445374e-02
4.246009886264801025e-02
-9.735272824764251709e-02
-6.545937657356262207e-01
4.835738614201545715e-02
-2.911534905433654785e-01
-2.780315876007080078e-01
-2.908782064914703369e-01
1.071373224258422852e-01
-4.087236244231462479e-03
5.890647172927856445e-01
6.855930089950561523e-01
1.305828094482421875e-01
5.811144113540649414e-01
-5.311570167541503906e-01
-1.493290066719055176e-01
-5.171561241149902344e-01
2.473948150873184204e-01
-2.723430395126342773e-01
6.784020364284515381e-02
-1.096704304218292236e-01
-1.228035241365432739e-01
-5.882806181907653809e-01
4.516780674457550049e-01
2.564541399478912354e-01
8.366820812225341797e-01
5.049202442169189453e-01
-2.896263599395751953e-01
-9.430768340826034546e-02
-3.316018581390380859e-01
-4.333900511264801025e-01
1.623131148517131805e-02
-3.280614912509918213e-01
4.873674809932708740e-01
-1.366343200206756592e-01
-3.994378149509429932e-01
3.564244210720062256e-01
-4.872196614742279053e-01
4.364938735961914062e-01
-1.639980673789978027e-01
3.258203268051147461e-01
6.508737802505493164e-01
1.301999688148498535e-01
-1.665577590465545654e-01
-1.166987642645835876e-01
-7.975842803716659546e-02
-2.984819114208221436e-01
-6.569045186042785645e-01
-1.061165034770965576e-01
-4.840993881225585938e-01
5.289534926414489746e-01
3.757024705410003662e-01
1.871970295906066895e-01
-3.854779303073883057e-01
-2.316300421953201294e-01
-2.799705043435096741e-02
-1.082625985145568848e-01
-3.977609872817993164e-01
3.478728234767913818e-02
2.079264372587203979e-01
-1.150305494666099548e-01
7.145520448684692383e-01
-2.393217682838439941e-01
-6.963665485382080078e-01
2.217832654714584351e-01
4.582259058952331543e-02
6.357094645500183105e-01
-4.764867722988128662e-01
6.035108566284179688e-01
3.843257427215576172e-01
2.251617014408111572e-01
5.039063096046447754e-01
-4.956511259078979492e-01
-1.654056906700134277e-01
-5.922462344169616699e-01
-4.515638649463653564e-01
-1.012111827731132507e-01
-5.466468930244445801e-01
-3.895737528800964355e-01
1.435927674174308777e-02
3.286138474941253662e-01
1.110542342066764832e-01
3.676089048385620117e-01
2.261295448988676071e-03
6.846082210540771484e-01
-4.431797862052917480e-01
-5.455443263053894043e-01
3.768486678600311279e-01
-6.192095279693603516e-01
-2.790297567844390869e-01
1.212252378463745117e+00
-4.278468713164329529e-02
8.039373904466629028e-03
2.733999490737915039e-01
-7.919038534164428711e-01
1.799071021378040314e-02
1.361446678638458252e-01
-8.030612468719482422e-01
-5.767923593521118164e-01
-3.125060498714447021e-01
-2.384079247713088989e-01
4.608275741338729858e-02
-6.212695837020874023e-01
-6.049384474754333496e-01
-1.300586819648742676e+00
1.052947640419006348e-01
8.073494434356689453e-01
2.243432402610778809e-01
6.330489516258239746e-01
2.610195428133010864e-02
2.263514250516891479e-01
-5.580347776412963867e-01
-5.702481865882873535e-01
-1.564166545867919922e-01
2.423438280820846558e-01
-4.069932103157043457e-01
-1.306724362075328827e-02
-4.056086242198944092e-01
2.069406956434249878e-01
4.613059759140014648e-01
1.750375926494598389e-01
2.172469049692153931e-01
7.370817661285400391e-01
-2.432437688112258911e-01
2.212849706411361694e-01
1.767142415046691895e-01
-4.129600524902343750e-01
-1.351558208465576172e+00
-9.397594928741455078e-01
-1.011212468147277832e+00
1.266505867242813110e-01
3.447031974792480469e-01
-8.287361264228820801e-01
-3.562557399272918701e-01
5.214483737945556641e-01
8.979446291923522949e-01
3.995375931262969971e-01
2.112311124801635742e-02
1.095139384269714355e+00
6.780843734741210938e-01
-2.672886252403259277e-01
1.687037646770477295e-01
-8.515734076499938965e-01
-2.368990033864974976e-01
-3.826678730547428131e-03
4.467538297176361084e-01
-4.754135906696319580e-01
-4.086061716079711914e-01
-3.925424814224243164e-01
-4.419188499450683594e-01
-7.166968584060668945e-01
-2.413149178028106689e-01
-1.637219905853271484e+00
9.306253790855407715e-01
5.729154944419860840e-01
1.181546971201896667e-01
2.957302927970886230e-01
-1.178898513317108154e-01
5.760183930397033691e-01
1.701016575098037720e-01
2.519948482513427734e-01
1.326764225959777832e-01
6.958507746458053589e-02
-6.950499117374420166e-02
5.438307523727416992e-01
-4.623258411884307861e-01
3.685857653617858887e-01
-1.632268577814102173e-01
-1.949120610952377319e-01
-1.396501898765563965e+00
-2.357913367450237274e-02
2.223924994468688965e-01
-1.327323198318481445e+00
6.568760275840759277e-01
-6.390426754951477051e-01
-4.090971946716308594e-01
-2.876813411712646484e-01
4.553002417087554932e-01
3.961034119129180908e-01
3.409026265144348145e-01
9.571862816810607910e-01
5.960296839475631714e-02
2.934152781963348389e-01
4.714959263801574707e-01
2.343628853559494019e-01
-2.241637855768203735e-01
-8.089672327041625977e-01
-4.118554592132568359e-01
-2.266762312501668930e-04
-4.673636518418788910e-03
2.365508526563644409e-01
-1.826079785823822021e-01
-8.268840909004211426e-01
3.775016367435455322e-01
2.669946551322937012e-01
2.420291900634765625e-01
-4.868512973189353943e-03
-5.922133326530456543e-01
-1.216794326901435852e-01
-3.856642246246337891e-01
2.034049481153488159e-01
-4.809173569083213806e-02
-1.717080473899841309e-01
-2.300179004669189453e-01
-3.058170974254608154e-01
4.365926682949066162e-01
1.570875793695449829e-01
-3.293596804141998291e-01
6.096970289945602417e-02
5.288497805595397949e-01
-1.289048939943313599e-01
2.635137438774108887e-01
4.501467347145080566e-01
-2.300360202789306641e-01
9.154787659645080566e-02
-5.467129349708557129e-01
-2.819405198097229004e-01
1.218313723802566528e-02
6.255775094032287598e-01
8.243804574012756348e-01
-2.563762664794921875e-01
5.999668501317501068e-03
-5.041786432266235352e-01
-3.625229746103286743e-02
-1.387847661972045898e-01
-6.567930430173873901e-02
4.151892960071563721e-01
-1.403661847114562988e+00
-1.118628978729248047e+00
4.955229908227920532e-02
2.496002316474914551e-01
2.685630023479461670e-01
1.783822327852249146e-01
-2.645049244165420532e-02
-1.031026542186737061e-01
5.057502985000610352e-01
6.643173694610595703e-01
2.874174416065216064e-01
6.433690190315246582e-01
-3.201308846473693848e-02
2.501783668994903564e-01
-1.472977697849273682e-01
-3.227849900722503662e-01
-2.730777263641357422e-01
-6.425905972719192505e-02
-4.175159037113189697e-01
-4.678774774074554443e-01
-9.762693196535110474e-02
6.221625022590160370e-03
-9.974493831396102905e-02
-3.535472601652145386e-02
2.179743945598602295e-01
-3.832672238349914551e-01
-9.798368066549301147e-02
-2.040048122406005859e+00
1.015576362609863281e+00
5.177873373031616211e-01
3.246410787105560303e-01
-8.920053243637084961e-01
-7.844322323799133301e-01
-1.178107634186744690e-01
2.275499701499938965e-01
1.009382367134094238e+00
-1.530322730541229248e-01
7.596563100814819336e-01
-1.289139151573181152e+00
-2.124758511781692505e-01
-2.402954697608947754e-01
2.683875262737274170e-01
4.895670711994171143e-01
9.854316711425781250e-02
-8.907111287117004395e-01
-2.712952494621276855e-01
-1.092257738113403320e+00
1.514845639467239380e-01
-5.833954215049743652e-01
4.101708158850669861e-02
8.314339816570281982e-02
2.030157595872879028e-01
5.808442831039428711e-01
-2.284467034041881561e-02
4.430212080478668213e-01
8.463258743286132812e-01
3.196322619915008545e-01
1.439743787050247192e-01
-3.736689686775207520e-02
-5.143522024154663086e-01
-3.123052120208740234e-01
1.190277189016342163e-01
-7.071553468704223633e-01
-3.599070608615875244e-01
6.765550971031188965e-01
4.844328761100769043e-02
7.277860045433044434e-01
5.318208336830139160e-01
-7.681961059570312500e-01
8.015459179878234863e-01
-7.964265942573547363e-01
8.104044944047927856e-02
-1.788315773010253906e-01
-6.797008514404296875e-01
6.887871026992797852e-02
2.816771343350410461e-02
-1.018156886100769043e+00
4.744285345077514648e-02
-1.493489295244216919e-01
2.364395707845687866e-01
3.766073584556579590e-01
1.479243040084838867e-01
9.338685870170593262e-02
-3.962889909744262695e-01
-1.543445885181427002e-01
-1.803960949182510376e-01
4.488863795995712280e-02
-5.346298813819885254e-01
-9.961309283971786499e-02
1.755772978067398071e-01
2.663966827094554901e-02
7.253257036209106445e-01
4.717808589339256287e-02
2.542943060398101807e-01
1.184257194399833679e-01
-5.673226714134216309e-01
2.104764729738235474e-01
7.125834375619888306e-02
-1.904547214508056641e-01
-6.232571005821228027e-01
-2.696106135845184326e-01
-1.895514130592346191e-01
-7.482757568359375000e-01
-4.638799726963043213e-01
-2.233630269765853882e-01
1.194066762924194336e+00
4.963517189025878906e-01
8.819361031055450439e-02
1.518807467073202133e-02
5.400155782699584961e-01
-4.846956431865692139e-01
3.092342019081115723e-01
-2.244329154491424561e-01
5.476780533790588379e-01
1.945643872022628784e-01
-1.407412737607955933e-01
-6.015899181365966797e-01
-2.161431908607482910e-01
-2.378243394196033478e-02
-5.469309091567993164e-01
-2.555858194828033447e-01
-4.243302047252655029e-01
2.187406867742538452e-01
-3.912878781557083130e-02
9.440696984529495239e-02
9.327827095985412598e-01
-3.706161379814147949e-01
-1.956511884927749634e-01
-7.922157645225524902e-01
2.107698917388916016e-01
1.415930688381195068e-01
6.728782653808593750e-01
-4.693290293216705322e-01
3.837676048278808594e-01
-3.412961959838867188e-01
-4.150007069110870361e-01
