1.961594104766845703e+00
-7.001653909683227539e-01
2.460888922214508057e-01
9.427183270454406738e-01
6.056254506111145020e-01
-2.394391298294067383e-01
-6.451285481452941895e-01
3.328932225704193115e-01
4.897083640098571777e-01
9.708423167467117310e-02
-2.144194766879081726e-02
-1.312271803617477417e-01
1.898960471153259277e-01
-4.331994950771331787e-01
3.218128904700279236e-02
-5.386114716529846191e-01
-7.094740271568298340e-01
8.244866877794265747e-02
2.731069028377532959e-01
4.593890607357025146e-01
1.228194101713597775e-03
-4.970386028289794922e-01
4.588704407215118408e-01
-1.988950520753860474e-01
-9.603849053382873535e-02
-4.336236417293548584e-01
-3.061068058013916016e-01
1.061567902565002441e+00
-8.913614749908447266e-01
4.961237609386444092e-01
-3.683477640151977539e-01
-1.106033697724342346e-01
1.578348726034164429e-01
-8.199110031127929688e-01
4.043394029140472412e-01
-6.343133747577667236e-02
-1.482459306716918945e-01
2.905020713806152344e-01
5.517703294754028320e-01
-2.429318148642778397e-03
6.676474213600158691e-01
4.299090504646301270e-01
-2.726143836975097656e+00
-9.039757251739501953e-01
3.471567332744598389e-01
-1.542382240295410156e+00
9.525537490844726562e-01
9.616713523864746094e-01
1.402174472808837891e+00
-7.229373455047607422e-01
-6.315552592277526855e-01
5.887875556945800781e-01
3.480627238750457764e-01
-1.627998948097229004e-01
5.370810627937316895e-01
2.006511688232421875e-01
5.860658735036849976e-02
-4.720812439918518066e-01
5.567488670349121094e-01
1.427987366914749146e-01
4.341914653778076172e-01
-6.180702447891235352e-01
5.193765163421630859e-01
-4.269906505942344666e-02
5.131645798683166504e-01
-6.579024791717529297e-01
5.241264104843139648e-01
1.315081715583801270e-01
1.031527202576398849e-02
5.414029359817504883e-01
-9.681653380393981934e-01
-7.071446776390075684e-01
-2.022403180599212646e-01
1.217074632644653320e+00
-1.338136672973632812e+00
-6.540729403495788574e-01
-9.945160709321498871e-03
1.002963557839393616e-01
3.961514532566070557e-01
4.131155610084533691e-01
-8.048295974731445312e-02
1.934137195348739624e-02
4.817878603935241699e-01
-4.325776994228363037e-01
-1.442233473062515259e-01
-4.109493494033813477e-01
-3.884213268756866455e-01
-3.911975026130676270e-02
5.090395212173461914e-01
-4.187517762184143066e-01
1.828310191631317139e-01
-6.467859745025634766e-01
-1.004848182201385498e-01
5.050418972969055176e-01
-5.141054987907409668e-01
5.447681546211242676e-01
-2.053398787975311279e-01
5.531228184700012207e-01
6.215362548828125000e-01
8.776841163635253906e-01
-1.597528904676437378e-01
-7.737116217613220215e-01
-4.596706032752990723e-01
-2.270942926406860352e+00
-1.372484207153320312e+00
1.079830646514892578e+00
6.823999285697937012e-01
1.942512691020965576e-01
8.636448383331298828e-01
-1.687228679656982422e-01
4.937410652637481689e-01
4.382787048816680908e-01
-2.526816725730895996e-01
-3.241107761859893799e-01
4.750978648662567139e-01
7.349216938018798828e-01
2.781042456626892090e-01
-1.941186934709548950e-01
-5.424590110778808594e-01
-1.423428505659103394e-01
-5.237753987312316895e-01
5.497961640357971191e-01
-3.320761620998382568e-01
5.648538470268249512e-01
-4.589801132678985596e-01
-6.124567985534667969e-01
6.094515323638916016e-01
2.694282233715057373e-01
-5.493827462196350098e-01
6.303691864013671875e-02
-7.042255401611328125e-01
-6.131245493888854980e-01
5.398634076118469238e-01
-2.258754968643188477e-01
3.304916024208068848e-01
-2.367444932460784912e-01
2.598607838153839111e-01
-1.295584952458739281e-03
-4.863503277301788330e-01
1.062224805355072021e-01
-4.736527204513549805e-01
1.842244863510131836e-01
4.580971002578735352e-01
-5.933420360088348389e-02
2.306383103132247925e-01
-4.975784718990325928e-01
5.029679536819458008e-01
6.426039934158325195e-01
-3.460358381271362305e-01
-2.200151383876800537e-01
6.717471033334732056e-02
-1.821332722902297974e-01
-1.191690713167190552e-01
-6.289540529251098633e-01
4.992976784706115723e-01
1.314317248761653900e-02
3.432011604309082031e-01
3.151720166206359863e-01
4.256832599639892578e-01
1.500379443168640137e-01
1.214650087058544159e-02
-6.604169607162475586e-01
-2.774464488029479980e-01
7.958576679229736328e-01
6.043621897697448730e-01
1.857397258281707764e-01
7.861272692680358887e-01
2.315442562103271484e-01
-3.356472551822662354e-01
2.150021493434906006e-01
-8.746123909950256348e-01
-1.668234109878540039e+00
-8.042241334915161133e-01
2.497269213199615479e-01
5.474462509155273438e-01
8.362923264503479004e-01
1.184535741806030273e+00
1.377089858055114746e+00
-1.280007243156433105e+00
-7.411819696426391602e-01
8.211097717285156250e-01
-2.586491107940673828e-01
2.182479202747344971e-01
4.042639136314392090e-01
7.974890470504760742e-01
4.246584177017211914e-01
8.670129179954528809e-01
-1.049627736210823059e-02
4.792926907539367676e-01
-1.309360861778259277e+00
2.547115981578826904e-01
3.006704449653625488e-01
-6.511799693107604980e-01
-4.520156681537628174e-01
5.643933266401290894e-02
1.229603029787540436e-02
-8.034568279981613159e-02
-3.982941210269927979e-01
1.892853081226348877e-01
-1.643383622169494629e+00
6.855289340019226074e-01
9.503158926963806152e-01
-1.221102833747863770e+00
2.728406190872192383e-01
7.269718647003173828e-01
-9.093404561281204224e-02
1.104132652282714844e+00
-1.049975752830505371e+00
-5.976805686950683594e-01
6.395554542541503906e-01
2.828477323055267334e-02
-2.163113802671432495e-01
1.282598823308944702e-01
3.808782100677490234e-01
6.911887526512145996e-01
3.115754425525665283e-01
-8.686519414186477661e-02
-7.319455146789550781e-01
-7.409521341323852539e-01
5.556548237800598145e-01
1.570161581039428711e-01
1.137380748987197876e-01
-3.253161311149597168e-01
4.158528745174407959e-01
2.622612118721008301e-01
-2.752811908721923828e-01
-3.262152969837188721e-01
-1.366476535797119141e+00
-1.897515058517456055e+00
2.026193141937255859e-01
3.023171126842498779e-01
9.457466006278991699e-01
9.319533705711364746e-01
3.446372449398040771e-01
5.703010559082031250e-01
-4.198505580425262451e-01
-1.752563476562500000e+00
1.259231686592102051e+00
9.027426838874816895e-01
-4.373849034309387207e-01
1.899371445178985596e-01
-9.339574724435806274e-03
7.311124354600906372e-03
-2.823036015033721924e-01
-5.021283775568008423e-02
-6.145156621932983398e-01
2.328337728977203369e-01
-1.635065525770187378e-01
-7.416106462478637695e-01
-1.525268554687500000e-01
-2.834406793117523193e-01
6.208201646804809570e-01
-5.333005785942077637e-01
2.002396732568740845e-01
-6.124972701072692871e-01
-9.698133468627929688e-01
-2.041403204202651978e-01
3.085816800594329834e-01
7.504301518201828003e-02
-3.772257268428802490e-02
4.609587788581848145e-01
3.605461120605468750e-01
5.474956035614013672e-01
-9.272829294204711914e-01
-7.459950447082519531e-01
-3.195626437664031982e-01
7.069915533065795898e-01
-6.107742786407470703e-01
5.295779705047607422e-01
-3.215886652469635010e-01
2.220730334520339966e-01
3.802721202373504639e-01
7.895773649215698242e-01
-1.005050659179687500e+00
4.464895129203796387e-01
2.009777873754501343e-01
-1.825250685214996338e-01
5.215950012207031250e-01
4.413898661732673645e-02
-2.902298867702484131e-01
-1.938533186912536621e-01
-1.015331000089645386e-01
4.973110556602478027e-01
-2.953049242496490479e-01
3.578400909900665283e-01
5.470724701881408691e-01
1.841629743576049805e-01
1.861002892255783081e-01
6.212751269340515137e-01
-2.499603778123855591e-01
-3.814072310924530029e-01
-2.146590799093246460e-01
-3.151425421237945557e-01
-1.122872233390808105e-01
1.182997375726699829e-01
4.761760532855987549e-01
-1.797186017036437988e+00
9.551418423652648926e-01
-1.349139213562011719e+00
-1.688449978828430176e+00
3.380441665649414062e-01
1.089652180671691895e+00
4.437547922134399414e-01
-2.021230310201644897e-01
-3.760648667812347412e-01
-7.818096876144409180e-02
9.483537077903747559e-01
-6.438209414482116699e-01
-5.358045175671577454e-02
-4.966354370117187500e-02
-1.395618021488189697e-01
7.747616767883300781e-01
4.344148635864257812e-01
3.460084646940231323e-02
1.212750375270843506e-01
-1.474041026085615158e-03
2.171037495136260986e-01
2.035431414842605591e-01
-2.518509626388549805e-01
-7.227815389633178711e-01
-8.434824645519256592e-02
7.979229688644409180e-01
-1.012116312980651855e+00
3.656989634037017822e-01
-2.592957019805908203e-01
9.306227415800094604e-02
-4.664837419986724854e-01
4.240669012069702148e-01
4.827004075050354004e-01
-1.380313187837600708e-01
3.272963166236877441e-01
2.698143944144248962e-03
3.284118473529815674e-01
-1.004457831382751465e+00
-1.879968523979187012e+00
7.921540737152099609e-01
-1.120575070381164551e+00
8.172754645347595215e-01
4.184072911739349365e-01
-2.671518325805664062e-01
2.021344453096389771e-01
2.365275472402572632e-01
4.408124387264251709e-01
-5.838426947593688965e-01
-1.178588032722473145e+00
8.864059448242187500e-01
8.196672052145004272e-02
9.310726821422576904e-02
1.084833502769470215e+00
9.470679163932800293e-01
1.725495010614395142e-01
2.582931220531463623e-01
3.357210159301757812e-01
-1.306162238121032715e+00
6.732799857854843140e-02
7.919885516166687012e-01
-3.569542169570922852e-01
-7.270439863204956055e-01
7.130060195922851562e-01
6.444526910781860352e-01
1.825192719697952271e-01
-8.552200198173522949e-01
-6.457566022872924805e-01
4.218705892562866211e-01
-3.453867435455322266e-01
-4.647437017410993576e-04
1.267797499895095825e-01
-4.687464833259582520e-01
7.840212583541870117e-01
-5.689516067504882812e-01
-5.045729875564575195e-01
-1.406268626451492310e-01
2.103131115436553955e-01
1.357520520687103271e-01
1.835831254720687866e-01
3.290676772594451904e-01
7.100916504859924316e-01
2.170635461807250977e-01
-7.607954740524291992e-02
1.767010092735290527e-01
4.500943422317504883e-01
1.206358335912227631e-02
1.959984302520751953e-01
7.589329481124877930e-01
5.263258218765258789e-01
2.531194984912872314e-01
2.014007233083248138e-02
-5.882412195205688477e-01
3.556110262870788574e-01
-6.455033421516418457e-01
-2.118686199188232422e+00
-7.273852825164794922e-01
4.737872481346130371e-01
7.113965153694152832e-01
1.586830466985702515e-01
-4.760625064373016357e-01
5.002692937850952148e-01
5.782037377357482910e-01
-9.603289365768432617e-01
-3.004827499389648438e-01
4.742062985897064209e-01
1.488939672708511353e-01
-6.455832123756408691e-01
-3.941347897052764893e-01
-4.161724448204040527e-02
1.369430780410766602e+00
-1.059372305870056152e+00
-1.539143770933151245e-01
1.483937621116638184e+00
-1.528669148683547974e-01
1.872346997261047363e-01
-7.948187589645385742e-01
-4.769299328327178955e-01
5.390493273735046387e-01
1.000829339027404785e+00
3.895650506019592285e-01
-1.307032227516174316e+00
-6.780337542295455933e-02
-1.325460821390151978e-01
-3.873591423034667969e-01
2.157806307077407837e-01
6.283583641052246094e-01
7.294387221336364746e-01
-7.781270146369934082e-01
-1.592759013175964355e+00
-6.964182257652282715e-01
3.746904432773590088e-01
-8.433355018496513367e-03
3.825948238372802734e-01
1.106496572494506836e+00
-3.313661813735961914e-01
-3.780883550643920898e-01
5.891185998916625977e-02
1.042721748352050781e+00
1.958219259977340698e-01
3.748809173703193665e-02
7.307698130607604980e-01
1.492339670658111572e-01
-4.326663911342620850e-01
-5.610000714659690857e-02
3.811995089054107666e-01
1.015911344438791275e-02
1.536642014980316162e-01
-4.219210147857666016e-01
-4.638628363609313965e-01
-1.899037063121795654e-01
-7.024534940719604492e-01
2.335026115179061890e-01
-1.236567124724388123e-01
-2.414138168096542358e-01
2.880822718143463135e-01
8.800267577171325684e-01
1.058850735425949097e-01
-1.966117620468139648e-01
4.858065843582153320e-01
-1.211378693580627441e+00
1.721018105745315552e-01
3.959937691688537598e-01
-8.281759917736053467e-02
6.721760034561157227e-01
-2.796542346477508545e-01
1.319253742694854736e-01
1.120107024908065796e-01
-4.403078854084014893e-01
-6.030364036560058594e-01
-5.301652848720550537e-02
5.508003234863281250e-01
2.327967882156372070e-01
3.550373017787933350e-01
-3.950651586055755615e-01
3.846367299556732178e-01
9.370033144950866699e-01
-2.367758989334106445e+00
1.039000511169433594e+00
-1.419726133346557617e+00
-1.630444049835205078e+00
2.204612046480178833e-01
7.380440831184387207e-01
1.445533156394958496e+00
9.594044089317321777e-01
7.779551297426223755e-02
1.011434420943260193e-01
-6.188430190086364746e-01
8.155604451894760132e-02
3.067225813865661621e-01
-3.771526813507080078e-01
2.506526410579681396e-01
-2.971999645233154297e-01
3.168442249298095703e-01
1.038335934281349182e-01
-4.325965642929077148e-01
1.884245276451110840e-01
-8.432970046997070312e-01
-7.605218142271041870e-02
3.416303545236587524e-02
2.212276905775070190e-01
-2.444850355386734009e-01
7.539842277765274048e-02
-1.675879061222076416e-01
-2.593213319778442383e-01
1.036722362041473389e-01
4.097644984722137451e-01
2.358627319335937500e-02
5.304932594299316406e-02
-3.699712753295898438e-01
6.907564401626586914e-01
6.893146634101867676e-01
2.204542905092239380e-01
-5.925963632762432098e-03
-9.398288130760192871e-01
-1.189971119165420532e-01
5.919192433357238770e-01
-5.521817803382873535e-01
