-3.920428454875946045e-01
5.271105766296386719e-01
-6.160917282104492188e-01
-1.009671315550804138e-01
3.979889452457427979e-01
4.138765931129455566e-01
-2.322001010179519653e-01
-1.082428395748138428e-01
3.807981610298156738e-01
-1.003633886575698853e-01
4.840566217899322510e-02
1.250071916729211807e-02
1.316845566034317017e-01
7.578984647989273071e-02
1.439304649829864502e-01
-3.380697965621948242e-02
-3.379124104976654053e-01
5.993151664733886719e-01
1.022762417793273926e+00
9.563088417053222656e-01
2.547258697450160980e-02
3.861956596374511719e-01
2.190274894237518311e-01
2.399533092975616455e-01
-5.051755905151367188e-01
-4.605334699153900146e-01
-6.647264361381530762e-01
-6.322616338729858398e-01
-1.081350445747375488e+00
5.243673920631408691e-01
-1.943727582693099976e-01
1.538514494895935059e-01
9.818600863218307495e-02
7.187559604644775391e-01
4.277896508574485779e-02
1.459895491600036621e+00
-2.467319667339324951e-01
6.674976944923400879e-01
6.051537394523620605e-01
1.865729242563247681e-01
-3.465666994452476501e-02
-5.980278253555297852e-01
-3.785712420940399170e-01
1.343057304620742798e-01
-1.369436025619506836e+00
2.992479801177978516e-01
7.514490485191345215e-01
-1.196636483073234558e-01
3.110446333885192871e-01
2.047932147979736328e-01
2.453793138265609741e-01
-1.032290309667587280e-01
-1.697381138801574707e-01
3.824232816696166992e-01
7.724354863166809082e-01
1.932934075593948364e-01
8.414346957579255104e-04
8.967133760452270508e-01
-2.488742023706436157e-01
-1.492460519075393677e-01
-5.078372359275817871e-01
-6.868048310279846191e-01
-5.985366702079772949e-01
-3.804447948932647705e-01
-7.276396751403808594e-01
1.308559030294418335e-01
3.433588147163391113e-01
3.994786143302917480e-01
8.839227557182312012e-01
5.698034167289733887e-01
-1.417879909276962280e-01
4.472979009151458740e-01
-8.366528749465942383e-01
-4.367953240871429443e-01
1.369825899600982666e-01
-6.514323353767395020e-01
7.241755723953247070e-01
5.731683373451232910e-01
-5.594285130500793457e-01
7.637742161750793457e-02
5.112252831459045410e-01
4.218005836009979248e-01
1.960143685340881348e+00
2.746790945529937744e-01
1.354302018880844116e-01
5.156039595603942871e-01
-1.057058215141296387e+00
-3.538313210010528564e-01
-2.598050236701965332e-01
-1.407203823328018188e-01
9.225800633430480957e-02
3.219986557960510254e-01
1.284507513046264648e-01
6.544027924537658691e-01
2.689691781997680664e-01
-9.832287430763244629e-01
2.523351311683654785e-01
4.002985060214996338e-01
-4.953026771545410156e-01
-4.620369672775268555e-01
9.512538313865661621e-01
5.125011205673217773e-01
-1.758913393132388592e-03
1.375796496868133545e-01
7.615513205528259277e-01
-4.163378775119781494e-01
-7.877299785614013672e-01
3.804463893175125122e-02
9.243369102478027344e-02
-1.374150216579437256e-01
1.738894879817962646e-01
-2.314293086528778076e-01
-4.626514017581939697e-02
-2.611537575721740723e-01
-8.562179803848266602e-01
-8.126147091388702393e-02
3.557751774787902832e-01
1.257858872413635254e-01
-4.539973735809326172e-01
2.285028845071792603e-01
-4.812538251280784607e-02
3.704637289047241211e-01
-1.683515906333923340e-01
1.526546329259872437e-01
7.394052147865295410e-01
2.414898127317428589e-01
9.432477504014968872e-02
6.329383850097656250e-01
-4.340243525803089142e-03
5.361940860748291016e-01
2.763652205467224121e-01
-2.009232789278030396e-01
5.411532521247863770e-01
-3.944027125835418701e-01
-6.089202761650085449e-01
4.575124680995941162e-01
1.868232190608978271e-01
-8.046895265579223633e-02
4.735332727432250977e-01
6.590737104415893555e-01
-8.196235448122024536e-02
-1.954668015241622925e-01
-4.155550897121429443e-01
-4.807147979736328125e-01
2.577184438705444336e-01
2.547129690647125244e-01
-9.846026301383972168e-01
-6.408566832542419434e-01
2.880811691284179688e-01
3.344975709915161133e-01
3.575887382030487061e-01
8.487057089805603027e-01
5.171021223068237305e-01
1.949654966592788696e-01
-6.751059293746948242e-01
-6.817033886909484863e-02
-1.573845148086547852e-01
-3.441073894500732422e-01
-3.532080352306365967e-01
-2.461642771959304810e-01
2.842136621475219727e-01
1.167258739471435547e+00
4.325797855854034424e-01
6.808610558509826660e-01
-9.494507312774658203e-02
2.919595837593078613e-01
5.053169131278991699e-01
-2.221756428480148315e-01
-1.705518960952758789e-01
-3.647674322128295898e-01
-4.159680008888244629e-01
-5.301532149314880371e-01
-6.805645823478698730e-01
1.528075635433197021e-01
-1.630637645721435547e-01
-4.249659478664398193e-01
-4.469256401062011719e-01
2.020705044269561768e-01
8.243544101715087891e-01
7.898500561714172363e-01
7.384557723999023438e-01
-2.139530181884765625e-01
4.572565555572509766e-01
7.986410260200500488e-01
-8.870077133178710938e-02
-1.127719640731811523e+00
-5.020029544830322266e-01
-2.668104767799377441e-01
-6.246288418769836426e-01
-6.152471899986267090e-01
6.666601300239562988e-01
-3.188630044460296631e-01
5.701424479484558105e-01
6.814807653427124023e-01
5.297297984361648560e-02
3.468530625104904175e-02
2.412977367639541626e-01
-9.664575755596160889e-02
-3.502620160579681396e-01
2.968458533287048340e-01
-4.872499704360961914e-01
5.496250987052917480e-01
8.484272956848144531e-01
5.370637178421020508e-01
9.628641009330749512e-01
-3.558162748813629150e-01
-9.778795838356018066e-01
-3.594176173210144043e-01
-1.057013750076293945e+00
2.634318470954895020e-01
1.532287240028381348e+00
6.641948819160461426e-01
5.730469822883605957e-01
1.874786168336868286e-01
5.337776541709899902e-01
2.970746904611587524e-02
-2.274688631296157837e-01
-1.620581746101379395e-01
-5.215414762496948242e-01
-8.111965656280517578e-01
-1.835294663906097412e-01
4.021963179111480713e-01
2.971634864807128906e-01
-5.103120803833007812e-01
-1.050362177193164825e-02
-3.185248672962188721e-01
-6.108980774879455566e-01
1.696298569440841675e-01
2.291702926158905029e-01
-1.323748230934143066e-01
-9.544113278388977051e-02
1.975897699594497681e-02
1.057200551033020020e+00
3.534031510353088379e-01
7.166057825088500977e-01
5.220730304718017578e-01
8.597329258918762207e-01
2.039352357387542725e-01
-5.142367258667945862e-02
2.503012716770172119e-01
-2.826092764735221863e-02
-3.171181380748748779e-01
-2.517184615135192871e-01
1.725148223340511322e-02
-5.871937870979309082e-01
-4.629627466201782227e-01
-1.722482442855834961e-01
9.209666401147842407e-02
-9.603591263294219971e-02
5.685759782791137695e-01
3.288164734840393066e-01
3.512522876262664795e-01
1.136015295982360840e+00
1.361822724342346191e+00
3.942483365535736084e-01
-7.509604096412658691e-03
-3.379732370376586914e-01
-4.423288702964782715e-01
-3.606669306755065918e-01
2.340389192104339600e-01
-7.987227439880371094e-01
-4.716621637344360352e-01
3.908556699752807617e-01
-1.059313653968274593e-04
2.692368328571319580e-01
2.572095096111297607e-01
-3.812910020351409912e-01
2.592296600341796875e-01
3.356766700744628906e-01
-5.166782438755035400e-02
8.692614436149597168e-01
2.919805347919464111e-01
-3.640253543853759766e-01
6.711457371711730957e-01
-5.837882868945598602e-03
-1.887247115373611450e-01
-6.350710988044738770e-01
-3.141376972198486328e-01
4.939905107021331787e-01
7.826222777366638184e-01
-7.219235897064208984e-01
2.154276371002197266e-01
-2.982424199581146240e-01
-1.149289757013320923e-01
-1.709809601306915283e-01
1.654765158891677856e-01
-4.640543758869171143e-01
-1.453641355037689209e-01
-2.432694882154464722e-01
-6.942939758300781250e-02
-2.953779324889183044e-02
4.059208929538726807e-01
1.223389625549316406e+00
4.762713909149169922e-01
-4.710675179958343506e-01
3.322617113590240479e-01
-2.903963327407836914e-01
3.264252841472625732e-01
-2.829334139823913574e-01
-4.774590134620666504e-01
1.609222739934921265e-01
-6.544164419174194336e-01
5.034238696098327637e-01
2.355346828699111938e-01
4.658369719982147217e-01
4.589654207229614258e-01
8.356196880340576172e-01
-2.796309590339660645e-01
1.506919711828231812e-01
-3.542599081993103027e-01
7.973970472812652588e-02
4.160943329334259033e-01
4.866975545883178711e-01
-4.257877767086029053e-01
-1.945296861231327057e-02
-1.625529229640960693e-01
-1.773667186498641968e-01
-7.932443171739578247e-02
2.978474497795104980e-01
4.836144745349884033e-01
-8.264763355255126953e-01
-1.929701417684555054e-01
-8.764658123254776001e-02
9.545300900936126709e-02
7.097165584564208984e-01
7.197150588035583496e-01
4.949953854084014893e-01
5.048196911811828613e-01
-3.499785959720611572e-01
3.599099218845367432e-01
-3.491434827446937561e-02
-2.557086944580078125e-01
-5.241892337799072266e-01
-2.354585528373718262e-01
-1.047712922096252441e+00
5.141741633415222168e-01
8.260431885719299316e-01
4.285977184772491455e-01
1.491987347602844238e+00
-2.391554862260818481e-01
4.009672999382019043e-01
3.816449046134948730e-01
4.297628998756408691e-01
-3.648222610354423523e-02
5.337467193603515625e-01
-2.348578572273254395e-01
3.309770524501800537e-01
-8.614106178283691406e-01
-4.753183126449584961e-01
3.874482810497283936e-01
1.895455084741115570e-02
-7.773743867874145508e-01
-3.039844334125518799e-01
1.919591724872589111e-01
-6.126097440719604492e-01
-1.573452800512313843e-01
-3.711716830730438232e-01
1.189965486526489258e+00
-3.729840517044067383e-01
4.827478528022766113e-01
6.329389810562133789e-01
4.508171081542968750e-01
8.262593299150466919e-02
-2.462086975574493408e-01
-2.740253806114196777e-01
-1.540815234184265137e+00
7.692931294441223145e-01
4.798706471920013428e-01
-2.328422386199235916e-03
-2.085073143243789673e-01
-1.523170173168182373e-01
-2.877999842166900635e-01
-5.194213390350341797e-01
-2.248357236385345459e-02
1.986193358898162842e-01
8.842433989048004150e-02
5.594672560691833496e-01
5.492119789123535156e-01
-9.192437678575515747e-02
-2.469002306461334229e-01
-3.341345191001892090e-01
2.426339089870452881e-01
-1.079012155532836914e-01
-7.588292360305786133e-01
2.283670604228973389e-01
8.924265503883361816e-01
2.401838302612304688e-01
2.112012654542922974e-01
1.156859919428825378e-01
-8.687804341316223145e-01
-5.100620985031127930e-01
1.773495823144912720e-01
5.075344443321228027e-01
-2.808620035648345947e-01
-2.345395684242248535e-01
6.223936080932617188e-01
-3.451596498489379883e-01
-3.609295934438705444e-02
-4.904509186744689941e-01
1.356193423271179199e-01
-5.653697848320007324e-01
6.332098245620727539e-01
2.618712782859802246e-01
5.635726451873779297e-01
4.037792384624481201e-01
7.878320813179016113e-01
1.011212319135665894e-01
2.621603310108184814e-01
-1.968001388013362885e-02
-6.048680841922760010e-02
4.920646250247955322e-01
3.759768903255462646e-01
6.284904479980468750e-01
1.415975242853164673e-01
-2.046662569046020508e-01
-4.619882628321647644e-02
-4.363908246159553528e-02
2.951587438583374023e-01
3.349101543426513672e-01
7.600847631692886353e-02
-3.046066462993621826e-01
-1.093408651649951935e-02
9.106555581092834473e-02
-4.113440513610839844e-01
3.947617486119270325e-02
1.680628657341003418e-01
6.408973783254623413e-02
2.946529984474182129e-01
-3.446274697780609131e-01
-2.954838275909423828e-01
-3.331911265850067139e-01
7.665166258811950684e-01
3.449316024780273438e-01
-1.989841759204864502e-01
2.860812246799468994e-01
-4.489950835704803467e-02
2.173166573047637939e-01
1.007540583610534668e+00
3.610564172267913818e-01
-2.535319626331329346e-01
-9.624987244606018066e-01
-1.688987314701080322e-01
-7.442520558834075928e-02
4.851622283458709717e-01
-9.149701595306396484e-01
1.187519654631614685e-01
4.972793627530336380e-03
4.042894244194030762e-01
4.650514423847198486e-01
2.475550472736358643e-01
2.046466171741485596e-01
2.694960832595825195e-01
-7.314438223838806152e-01
-8.094677329063415527e-01
1.854339241981506348e-01
8.850691467523574829e-02
1.740266084671020508e-01
-3.487481772899627686e-01
-3.629374206066131592e-01
-4.583929479122161865e-01
-3.318822681903839111e-01
-6.756506562232971191e-01
9.125074744224548340e-01
7.182562947273254395e-01
-3.788769543170928955e-01
2.223185598850250244e-01
9.730370640754699707e-01
1.621434330940246582e+00
1.066865563392639160e+00
7.550826668739318848e-01
9.096459299325942993e-02
3.787901401519775391e-01
-6.175873279571533203e-01
-3.298041820526123047e-01
-9.623136520385742188e-01
-3.444952666759490967e-01
-6.929289102554321289e-01
-3.382185399532318115e-01
-8.517991900444030762e-01
5.320523977279663086e-01
-7.860617339611053467e-02
-4.928448498249053955e-01
1.348437905311584473e+00
1.014864444732666016e+00
3.444889187812805176e-01
9.324260354042053223e-01
2.231627404689788818e-01
-4.046444967389106750e-02
1.073850840330123901e-01
-4.318367838859558105e-01
-3.940485417842864990e-01
2.661415338516235352e-01
6.666300296783447266e-01
6.843641400337219238e-01
2.511515021324157715e-01
-6.659014225006103516e-01
8.255944587290287018e-03
6.475554704666137695e-01
2.312111556529998779e-01
3.258851170539855957e-01
-3.059396743774414062e-01
-2.990660965442657471e-01
-4.793471395969390869e-01
-6.252436041831970215e-01
3.942249119281768799e-01
2.222090959548950195e-01
-4.129565507173538208e-02
-3.762967586517333984e-01
3.972286880016326904e-01
2.616201899945735931e-02
-5.708945542573928833e-02
-2.163950651884078979e-01
-5.027685761451721191e-01
