1.064183712005615234e-01
3.954984247684478760e-01
-2.983339726924896240e-01
2.517316043376922607e-01
4.483181834220886230e-01
-7.331516146659851074e-01
-1.639440804719924927e-01
-2.917200624942779541e-01
-1.878597289323806763e-01
4.030809104442596436e-01
-5.000429153442382812e-01
7.564734220504760742e-01
-1.479167863726615906e-02
6.689341664314270020e-01
-1.655974686145782471e-01
5.183917284011840820e-01
-3.132007643580436707e-02
-1.322888582944869995e-01
4.467402398586273193e-01
1.350897997617721558e-01
4.739662408828735352e-01
1.837293952703475952e-01
-4.452747404575347900e-01
-3.195888698101043701e-01
1.634184643626213074e-02
-6.048347949981689453e-01
-2.558555006980895996e-01
3.207800909876823425e-02
9.189644455909729004e-01
1.186498999595642090e+00
7.933279275894165039e-01
7.256369590759277344e-01
8.180140703916549683e-02
5.612624287605285645e-01
-1.546318233013153076e-01
2.808208465576171875e-01
-1.250377058982849121e+00
-4.215053617954254150e-01
-8.055340051651000977e-01
-1.285946741700172424e-02
-5.740956664085388184e-01
3.016904890537261963e-01
-9.067860245704650879e-02
4.181159734725952148e-01
1.377525568008422852e+00
1.027489900588989258e+00
4.946940541267395020e-01
4.071931838989257812e-01
1.556219011545181274e-01
3.385003805160522461e-01
-2.647951543331146240e-01
4.070142209529876709e-01
1.587778478860855103e-01
-1.016732335090637207e+00
-5.087677240371704102e-01
-8.159843087196350098e-01
6.514179706573486328e-01
-5.027472972869873047e-01
-2.726400196552276611e-01
6.020746827125549316e-01
-6.617880463600158691e-01
-1.255245506763458252e-01
6.706007570028305054e-02
3.694006800651550293e-02
9.886906296014785767e-02
-3.588318526744842529e-01
5.866428613662719727e-01
4.203177690505981445e-01
-1.007372364401817322e-01
1.960681825876235962e-01
4.658701419830322266e-01
-3.628908991813659668e-01
-3.451146483421325684e-01
6.694823503494262695e-01
7.058522105216979980e-01
1.453285664319992065e-02
7.023937702178955078e-01
4.825393483042716980e-02
1.718510985374450684e-01
6.434484124183654785e-01
-6.945283710956573486e-02
-1.693837940692901611e-01
-9.633074402809143066e-01
1.093832589685916901e-02
-7.447166442871093750e-01
3.088444769382476807e-01
-3.835068270564079285e-02
2.054460532963275909e-02
9.213355779647827148e-01
3.596959710121154785e-01
1.063182711601257324e+00
7.939086556434631348e-01
7.336013913154602051e-01
9.218692779541015625e-02
5.643766522407531738e-01
-6.297851800918579102e-01
1.767664551734924316e-01
-1.122387886047363281e+00
-7.642994523048400879e-01
-3.856306374073028564e-01
-4.066829383373260498e-01
4.365135729312896729e-01
-6.676194667816162109e-01
1.114969402551651001e-01
-7.820484638214111328e-01
-2.663169205188751221e-01
8.011198639869689941e-01
2.406313866376876831e-01
5.318074822425842285e-01
5.605068802833557129e-01
2.967245504260063171e-02
-3.330520987510681152e-01
3.427450358867645264e-01
6.674062609672546387e-01
1.635921597480773926e-01
-5.142947435379028320e-01
1.492221653461456299e-01
2.361545711755752563e-01
3.770034015178680420e-02
-1.073767468333244324e-01
-2.340975254774093628e-01
1.123756617307662964e-01
-7.061291933059692383e-01
-4.865877628326416016e-01
2.174110710620880127e-01
2.145404517650604248e-01
-2.464373111724853516e-01
-5.822489857673645020e-01
-1.116702035069465637e-01
7.338396906852722168e-01
9.489549398422241211e-01
8.061603307723999023e-01
3.944027423858642578e-01
5.082011818885803223e-01
1.142243385314941406e+00
5.149054527282714844e-01
6.334260106086730957e-01
7.204348444938659668e-01
-8.347185701131820679e-02
-6.821349859237670898e-01
-5.171440243721008301e-01
-9.324541091918945312e-01
-8.016995787620544434e-01
-8.459376096725463867e-01
-6.466665863990783691e-01
-1.410590708255767822e-01
-3.197857439517974854e-01
-1.422536671161651611e-01
5.734409689903259277e-01
2.913999855518341064e-01
6.626148223876953125e-01
1.596429347991943359e-01
1.391891986131668091e-01
1.661299616098403931e-01
-2.943911850452423096e-01
2.140239924192428589e-01
-5.775378942489624023e-01
1.963264793157577515e-01
2.735221087932586670e-01
-1.928016990423202515e-01
6.549097299575805664e-01
9.058288931846618652e-01
8.978342413902282715e-01
6.674834489822387695e-01
-3.549033403396606445e-01
-7.157521247863769531e-01
1.019058346748352051e+00
3.916497901082038879e-02
-9.115632176399230957e-01
-2.597801685333251953e-01
-5.728452801704406738e-01
-1.105357520282268524e-02
5.308545827865600586e-01
-1.804926097393035889e-01
-7.957482337951660156e-01
-4.761922061443328857e-01
-2.460159063339233398e-01
2.809289395809173584e-01
8.021249771118164062e-01
1.353123426437377930e+00
1.990648508071899414e+00
-3.362569808959960938e-01
-1.297013044357299805e+00
5.262175574898719788e-02
-6.921015977859497070e-01
2.431218326091766357e-01
8.197607994079589844e-01
-9.891087189316749573e-03
7.067473530769348145e-01
1.237156689167022705e-01
1.855896115303039551e-01
-1.538743674755096436e-01
3.034406900405883789e-01
-2.918946323916316032e-03
1.794236749410629272e-01
-6.238629817962646484e-01
1.653535962104797363e-01
-3.622678220272064209e-01
-3.798363208770751953e-01
3.040498793125152588e-01
8.983574509620666504e-01
2.240099668502807617e+00
-5.782342553138732910e-01
6.890599131584167480e-01
4.592091441154479980e-01
-1.290227890014648438e+00
8.127151131629943848e-01
1.011011600494384766e+00
3.577403724193572998e-01
7.064677029848098755e-02
3.702613711357116699e-01
-8.305392265319824219e-01
-6.282562017440795898e-01
-5.622638463973999023e-01
-8.344292044639587402e-01
3.688007891178131104e-01
-1.058075055480003357e-01
6.980051994323730469e-01
-1.081292033195495605e+00
1.169227436184883118e-01
-2.625395357608795166e-01
6.094357967376708984e-01
2.263028323650360107e-01
-1.091106534004211426e-01
3.068036437034606934e-01
5.009801313281059265e-02
2.973556816577911377e-01
1.465856879949569702e-01
2.762494683265686035e-01
-5.788345262408256531e-02
6.367338895797729492e-01
-4.033540785312652588e-01
7.318546772003173828e-01
-9.799515455961227417e-02
2.017484009265899658e-01
4.384393990039825439e-01
1.478982716798782349e-01
3.106543123722076416e-01
4.285760521888732910e-01
-7.158031463623046875e-01
6.034637689590454102e-01
-5.980816483497619629e-01
-2.396230101585388184e-01
1.009000420570373535e+00
-3.545800149440765381e-01
-4.331493079662322998e-01
4.630476236343383789e-01
6.265484690666198730e-01
2.719686627388000488e-01
1.003111243247985840e+00
1.162704750895500183e-01
1.615401059389114380e-01
2.370766252279281616e-01
-6.252487003803253174e-02
5.455362200736999512e-01
2.205851078033447266e-01
-2.355772554874420166e-01
-4.479064941406250000e-01
-8.142012357711791992e-02
3.291711807250976562e-01
1.404011696577072144e-01
9.314865618944168091e-02
1.491308361291885376e-01
5.587598681449890137e-01
7.592319250106811523e-01
1.390258688479661942e-02
5.693247914314270020e-02
-1.381780654191970825e-01
-1.604668423533439636e-02
2.746089696884155273e-01
-6.013728976249694824e-01
9.981205314397811890e-02
-9.720852971076965332e-01
7.137495279312133789e-02
2.199566960334777832e-01
4.735242724418640137e-01
-1.320626139640808105e-01
-1.520708352327346802e-01
-2.973345816135406494e-01
6.152057051658630371e-01
3.957701027393341064e-01
-6.104997396469116211e-01
-6.504505276679992676e-01
3.168642222881317139e-01
-2.597008347511291504e-01
-3.121214732527732849e-02
6.342023611068725586e-03
6.987105607986450195e-01
6.384842842817306519e-02
8.116171956062316895e-01
7.408251762390136719e-01
1.026198744773864746e+00
4.463493525981903076e-01
9.125613570213317871e-01
-3.791748583316802979e-01
-3.408030271530151367e-01
-1.747141182422637939e-01
2.399111986160278320e-01
-4.376147091388702393e-01
5.558594465255737305e-01
-7.186570167541503906e-01
3.394424319267272949e-01
1.391881704330444336e+00
-7.878216505050659180e-01
-9.535956382751464844e-01
-7.608528733253479004e-01
1.902364939451217651e-01
1.096110343933105469e+00
1.701110601425170898e+00
9.353703856468200684e-01
3.032374382019042969e+00
1.308135867118835449e+00
-1.631659269332885742e+00
1.625204235315322876e-01
-8.352715373039245605e-01
-5.786052942276000977e-01
-8.245949149131774902e-01
6.907216906547546387e-01
-3.584756702184677124e-02
6.529814004898071289e-01
-6.581673026084899902e-01
8.179190754890441895e-01
-3.951344266533851624e-02
7.795161753892898560e-02
1.024651885032653809e+00
7.618386745452880859e-01
1.348325490951538086e+00
3.914740085601806641e-01
2.315955013036727905e-01
1.411740481853485107e-01
-3.780359923839569092e-01
-4.085696116089820862e-02
-8.371539711952209473e-01
4.144369810819625854e-02
-7.650321722030639648e-01
2.099360823631286621e-01
5.252194032073020935e-02
3.970190584659576416e-01
-1.205856800079345703e+00
2.841772437095642090e-01
-6.769233196973800659e-02
1.589330554008483887e+00
6.913366913795471191e-01
2.325202077627182007e-01
-4.065539687871932983e-02
-5.972186326980590820e-01
1.695757061243057251e-01
1.740820556879043579e-01
-2.137391716241836548e-01
-2.840993106365203857e-01
4.446053206920623779e-01
-4.681224226951599121e-01
3.072504103183746338e-01
7.579317092895507812e-01
4.195426404476165771e-01
5.230578184127807617e-01
-6.122640371322631836e-01
-6.012319922447204590e-01
-4.232341647148132324e-01
5.985736474394798279e-02
-2.273611873388290405e-01
3.107595443725585938e-01
-5.901049971580505371e-01
4.851533174514770508e-01
-2.331475019454956055e-01
-1.081435084342956543e-01
7.371238619089126587e-02
-1.084222719073295593e-01
8.608429878950119019e-02
6.599807143211364746e-01
5.527284741401672363e-01
3.780067861080169678e-01
2.740563750267028809e-01
-3.884097039699554443e-01
3.134489431977272034e-02
5.001281499862670898e-01
3.445003330707550049e-01
-3.519707545638084412e-02
1.687580905854701996e-02
-7.676752805709838867e-01
-4.939858019351959229e-01
-2.951400876045227051e-01
-7.427621483802795410e-01
-1.280080974102020264e-01
-1.205101087689399719e-01
-4.509852826595306396e-01
4.031920135021209717e-01
2.605834603309631348e-01
-3.176953792572021484e-01
1.561507675796747208e-02
-3.513101488351821899e-02
2.481505721807479858e-01
1.369766145944595337e-01
3.176536560058593750e-01
1.675487495958805084e-02
4.229805767536163330e-01
-3.652347922325134277e-01
-1.722588837146759033e-01
-1.664023101329803467e-01
6.426966190338134766e-01
2.182307466864585876e-02
1.187834978103637695e+00
6.918241381645202637e-01
1.018602967262268066e+00
1.257025599479675293e-01
-2.250228375196456909e-01
-2.199019193649291992e-01
2.243308275938034058e-01
-4.214774370193481445e-01
-5.290843248367309570e-01
-7.854082584381103516e-01
5.011752247810363770e-01
4.428738653659820557e-01
2.014686107635498047e+00
1.538086652755737305e+00
-4.665896892547607422e-01
9.719712138175964355e-01
6.043453216552734375e-01
8.952907286584377289e-03
-2.073195725679397583e-01
-5.457692742347717285e-01
-1.323839664459228516e+00
-5.237016677856445312e-01
-2.328345030546188354e-01
-2.107919752597808838e-01
2.293775826692581177e-01
-6.084573864936828613e-01
1.155548334121704102e+00
-2.716811299324035645e-01
4.763154089450836182e-01
9.725570678710937500e-01
-3.413062691688537598e-01
4.625906944274902344e-01
-2.434819191694259644e-01
-3.001545667648315430e-01
4.724792242050170898e-01
3.028101623058319092e-01
8.267655968666076660e-02
6.016008853912353516e-01
-4.997950494289398193e-01
-5.220705270767211914e-01
-8.269743621349334717e-02
-1.278667598962783813e-01
1.148331761360168457e+00
4.044817686080932617e-01
2.138000726699829102e-01
1.287685781717300415e-01
2.037641853094100952e-01
6.747624874114990234e-01
2.003434747457504272e-01
3.834544718265533447e-01
-2.929945290088653564e-01
-2.095252424478530884e-01
-6.379330158233642578e-01
7.415477037429809570e-01
1.077073663473129272e-01
-4.715338945388793945e-01
-9.242562949657440186e-02
-2.683857083320617676e-01
-1.712952256202697754e-01
5.417381525039672852e-01
2.350330539047718048e-02
2.491977810859680176e-01
-3.982453346252441406e-01
1.230541393160820007e-01
-5.699160099029541016e-01
4.800470173358917236e-01
-5.601780116558074951e-02
6.241316199302673340e-01
1.060518980026245117e+00
-3.425996303558349609e-01
2.265315353870391846e-01
-7.345649003982543945e-01
3.894176483154296875e-01
-2.171641401946544647e-02
2.261565774679183960e-01
8.927352428436279297e-01
2.598052322864532471e-01
7.166053056716918945e-01
-2.132738381624221802e-01
-6.838248372077941895e-01
-5.048807263374328613e-01
6.137197613716125488e-01
-8.210368156433105469e-01
3.225870430469512939e-01
-6.163053512573242188e-01
3.323631286621093750e-01
1.261734843254089355e+00
3.329042792320251465e-01
-3.642044961452484131e-02
-1.098326802253723145e+00
-2.740938663482666016e-01
-7.057152688503265381e-02
-3.288016095757484436e-02
-3.210044801235198975e-01
6.854016780853271484e-01
-3.392950817942619324e-02
-4.396474063396453857e-01
8.241572976112365723e-01
7.125777006149291992e-01
-1.086544871330261230e+00
2.094110399484634399e-01
1.430180668830871582e+00
5.849604606628417969e-01
3.965582847595214844e-01
-8.387008309364318848e-02
9.071765840053558350e-02
5.708882212638854980e-01
-6.472108364105224609e-01
-5.100845694541931152e-01
-4.271999299526214600e-01
-2.185155302286148071e-01
-3.954715132713317871e-01
