-1.877065151929855347e-01
-2.503494918346405029e-01
-4.258815348148345947e-01
-3.160526752471923828e-01
-1.040677070617675781e+00
-1.000783324241638184e+00
-2.737653851509094238e-01
-7.251935005187988281e-01
8.809852004051208496e-01
3.950791954994201660e-01
1.376073241233825684e+00
2.613790333271026611e-01
4.424977302551269531e-01
1.144941970705986023e-01
-1.125871241092681885e-01
3.392946720123291016e-01
4.582119882106781006e-01
2.400119602680206299e-01
-1.324962824583053589e-01
8.076801300048828125e-01
1.177423834800720215e+00
2.330474108457565308e-01
-9.294124692678451538e-02
-5.146307125687599182e-02
-7.074534893035888672e-01
-2.400784790515899658e-01
-1.196803808212280273e+00
-5.881700664758682251e-02
2.756067514419555664e-01
1.003486011177301407e-02
7.273159623146057129e-01
1.180570572614669800e-01
2.803409993648529053e-01
-4.300789237022399902e-01
-2.473028376698493958e-03
-6.932909488677978516e-01
-6.871832609176635742e-01
3.114600479602813721e-01
-2.257633209228515625e-01
3.525991141796112061e-01
-9.970562160015106201e-02
3.856851160526275635e-01
-1.367733478546142578e-01
1.037967085838317871e+00
2.035074532032012939e-01
-4.076840728521347046e-02
4.472969472408294678e-01
4.784237444400787354e-01
8.657529354095458984e-01
8.213244676589965820e-01
9.999908804893493652e-01
8.000229299068450928e-02
-1.012237191200256348e+00
-5.145102739334106445e-01
-8.402865529060363770e-01
6.958439350128173828e-01
7.171336561441421509e-02
-4.528090357780456543e-02
8.746511936187744141e-01
-4.760800302028656006e-01
-7.907845973968505859e-01
-1.201149448752403259e-02
-5.002005696296691895e-01
1.992864161729812622e-01
-3.470396399497985840e-01
4.970682263374328613e-01
-1.059903129935264587e-01
-2.319419831037521362e-01
-6.771028637886047363e-01
4.858469963073730469e-01
-3.694016039371490479e-01
-3.477495312690734863e-01
-4.291909933090209961e-01
8.133409023284912109e-01
1.036081433296203613e+00
9.005304574966430664e-01
3.325980603694915771e-01
-2.307337075471878052e-01
1.768970638513565063e-01
-1.107806444168090820e+00
-7.321763038635253906e-01
-9.889898449182510376e-02
1.063903570175170898e+00
5.459774136543273926e-01
3.645204305648803711e-01
3.778133392333984375e-01
3.264339566230773926e-01
6.828822493553161621e-01
7.137857079505920410e-01
2.167866677045822144e-01
7.952808737754821777e-01
3.889379203319549561e-01
2.017146497964859009e-01
4.529262781143188477e-01
-7.463905811309814453e-01
-6.207650303840637207e-01
-1.082655549049377441e+00
-6.452945470809936523e-01
-5.698095560073852539e-01
-5.589724183082580566e-01
2.019400447607040405e-01
9.876808524131774902e-02
2.300924994051456451e-02
-5.878806710243225098e-01
-7.925883531570434570e-01
6.837920546531677246e-01
4.218626320362091064e-01
-2.212403267621994019e-01
-1.465319395065307617e-01
4.531313851475715637e-02
-1.487014591693878174e-01
4.168348014354705811e-01
-8.416562527418136597e-02
1.497319340705871582e-01
-4.116510450839996338e-01
-6.511976569890975952e-02
-5.903727412223815918e-01
4.912956357002258301e-01
1.175322830677032471e-01
1.047367930412292480e+00
8.998588323593139648e-01
2.318398468196392059e-02
-5.820992588996887207e-01
1.546387374401092529e-01
6.663303375244140625e-01
5.455726981163024902e-01
-1.137903928756713867e-01
9.629619866609573364e-02
-1.549432873725891113e-01
1.583889275789260864e-01
-2.350140176713466644e-02
-3.473776206374168396e-02
1.757852733135223389e-02
4.815781116485595703e-01
1.682157516479492188e-01
-8.838903307914733887e-01
6.664170026779174805e-01
5.175256133079528809e-01
9.811393916606903076e-02
6.210628151893615723e-01
1.452929824590682983e-01
-6.983947157859802246e-01
-1.105403155088424683e-01
-5.541720390319824219e-01
-5.362564325332641602e-01
-8.036865592002868652e-01
-8.763648271560668945e-01
-4.669399559497833252e-01
-2.459064722061157227e-01
3.847418129444122314e-01
6.507264375686645508e-01
6.892869472503662109e-01
8.003526926040649414e-01
-7.346740365028381348e-02
1.516999155282974243e-01
1.681093871593475342e-01
2.245123088359832764e-01
7.982022166252136230e-01
1.335566639900207520e-01
5.108703374862670898e-01
1.360469311475753784e-01
-2.442795485258102417e-01
-1.069923043251037598e+00
-1.330573707818984985e-01
-7.913028597831726074e-01
4.771923720836639404e-01
9.751622080802917480e-01
4.369658231735229492e-01
3.249412477016448975e-01
4.150773212313652039e-02
-7.754356861114501953e-01
-1.938295513391494751e-01
-8.615213036537170410e-01
-1.113609194755554199e+00
-8.368428349494934082e-01
-3.837538659572601318e-01
-1.203160583972930908e-01
7.662299275398254395e-01
6.081061363220214844e-01
7.163193225860595703e-01
2.089190334081649780e-01
-1.201808571815490723e+00
5.244274139404296875e-01
-2.245207875967025757e-01
3.105020895600318909e-02
1.605194434523582458e-02
2.169930189847946167e-01
5.267769694328308105e-01
9.338260889053344727e-01
-3.170592486858367920e-01
1.819628179073333740e-01
-1.695224046707153320e-01
1.184985280036926270e+00
8.512700796127319336e-01
-7.022123932838439941e-01
-2.499059773981571198e-04
-7.590371370315551758e-01
-1.208529472351074219e-01
-7.077893614768981934e-01
4.289328157901763916e-01
-1.838119328022003174e-01
4.426719844341278076e-01
-6.194421052932739258e-01
2.184703201055526733e-01
-5.396155714988708496e-01
1.576658725738525391e+00
1.762126445770263672e+00
1.264381408691406250e+00
4.910225868225097656e-01
-1.500093340873718262e+00
-4.087611734867095947e-01
-4.033055305480957031e-01
-1.656627207994461060e-01
-4.682907462120056152e-01
9.003386497497558594e-01
8.912116289138793945e-01
1.118098020553588867e+00
-7.030056118965148926e-01
-1.038751006126403809e+00
-4.340649843215942383e-01
-5.543044805526733398e-01
-1.761977374553680420e-01
-5.393247008323669434e-01
-7.810627818107604980e-01
-7.673291563987731934e-01
-3.849201202392578125e-01
-4.742784425616264343e-03
4.422248601913452148e-01
7.110273241996765137e-01
5.088852643966674805e-01
2.614955306053161621e-01
7.683752775192260742e-01
8.913802504539489746e-01
5.728638172149658203e-01
4.274070262908935547e-01
7.321439385414123535e-01
4.686949253082275391e-01
5.799261927604675293e-01
-3.806501924991607666e-01
1.790619492530822754e-01
-3.851156830787658691e-01
-1.241193115711212158e-01
4.927413165569305420e-01
-9.183018207550048828e-01
-1.084742069244384766e+00
1.789168566465377808e-01
3.070477545261383057e-01
2.624915838241577148e-01
1.953439712524414062e-01
9.469012022018432617e-01
-4.194771647453308105e-01
6.990299820899963379e-01
-2.584038376808166504e-01
5.438662767410278320e-01
5.653240084648132324e-01
8.080714344978332520e-01
9.613551199436187744e-02
1.246864423155784607e-01
-7.160592079162597656e-01
-3.929314911365509033e-01
5.022202134132385254e-01
4.964127838611602783e-01
-3.195932507514953613e-01
8.661419153213500977e-01
6.811524629592895508e-01
2.053071260452270508e-01
2.509962916374206543e-01
2.771508991718292236e-01
5.221492648124694824e-01
-1.281232293695211411e-02
3.343660831451416016e-01
-4.427253007888793945e-01
-2.431880980730056763e-01
-6.864306926727294922e-01
-1.570895761251449585e-01
-6.814798712730407715e-01
1.390196382999420166e-01
-6.736807227134704590e-01
2.579438984394073486e-01
-1.942152976989746094e-01
-1.354386508464813232e-01
-4.725687801837921143e-01
1.793075054883956909e-01
-1.893200725317001343e-01
-3.207592666149139404e-02
5.458183884620666504e-01
4.908360913395881653e-02
6.977214217185974121e-01
8.738755583763122559e-01
7.368264198303222656e-01
8.452497720718383789e-01
4.828791022300720215e-01
1.064743638038635254e+00
1.807721406221389771e-01
-5.320543050765991211e-01
-2.247560322284698486e-01
1.155540905892848969e-02
-9.062243700027465820e-01
-3.723523020744323730e-01
-7.929413765668869019e-02
-5.155763030052185059e-01
-8.669485896825790405e-02
-4.188606441020965576e-01
-8.174381256103515625e-01
2.399142980575561523e-01
-4.110562801361083984e-01
6.347563862800598145e-01
4.383412301540374756e-01
4.802053272724151611e-01
2.690432071685791016e-01
-3.130386471748352051e-01
-1.203300198540091515e-04
4.736333787441253662e-01
5.876103639602661133e-01
1.153903841972351074e+00
1.417126774787902832e+00
1.864847064018249512e+00
1.054055094718933105e-01
5.456869602203369141e-01
1.787680983543395996e-01
-9.339109063148498535e-01
4.090598821640014648e-01
-1.275658249855041504e+00
7.361193895339965820e-01
-4.900972843170166016e-01
1.154405832290649414e+00
7.093539237976074219e-01
8.100126981735229492e-01
1.213886976242065430e+00
1.692165434360504150e-01
-4.958926439285278320e-01
-7.524033188819885254e-01
-1.266135215759277344e+00
-1.186994165182113647e-01
-5.375989675521850586e-01
4.530781209468841553e-01
3.059515543282032013e-02
-6.853467822074890137e-01
9.402523189783096313e-02
6.164860129356384277e-01
8.577399253845214844e-01
8.690596818923950195e-01
-1.731156557798385620e-01
7.351266741752624512e-01
-7.542918920516967773e-01
2.725352942943572998e-01
-2.666105143725872040e-02
-2.085286080837249756e-01
-2.369010597467422485e-01
5.266543626785278320e-01
2.484307736158370972e-01
3.352640271186828613e-01
1.977226138114929199e-01
2.470568269491195679e-01
2.445217818021774292e-01
-3.705230653285980225e-01
6.587593257427215576e-02
-1.127382293343544006e-01
-4.791582822799682617e-01
-1.492486357688903809e+00
-4.365711510181427002e-01
-5.296358466148376465e-01
-5.124946236610412598e-01
-2.040229551494121552e-02
-1.082235947251319885e-01
5.525378137826919556e-02
6.042862534523010254e-01
7.845234870910644531e-02
5.048868060111999512e-01
7.805459499359130859e-01
8.218346238136291504e-01
1.051675438880920410e+00
1.915918886661529541e-01
6.971034407615661621e-02
1.267465949058532715e-01
-9.022554159164428711e-01
-4.556249976158142090e-01
-3.329154253005981445e-01
9.063681215047836304e-02
-9.296349287033081055e-01
-9.611088633537292480e-01
3.958104848861694336e-01
-9.516047686338424683e-02
7.355879545211791992e-01
-2.732401490211486816e-01
1.056815013289451599e-01
4.018720984458923340e-01
3.264722526073455811e-01
1.443084478378295898e-01
-3.648660778999328613e-01
-1.124795377254486084e-01
-5.022980570793151855e-01
-2.280780375003814697e-01
-6.406114101409912109e-01
-3.363513648509979248e-01
-5.660901963710784912e-02
-7.703776955604553223e-01
4.604651592671871185e-03
2.042166441679000854e-01
3.246559202671051025e-01
1.598797887563705444e-01
6.083015203475952148e-01
1.653843559324741364e-02
6.438814401626586914e-01
4.293799027800559998e-02
9.829239249229431152e-01
7.975291609764099121e-01
1.654738783836364746e+00
6.017367243766784668e-01
-3.306724131107330322e-02
8.095802664756774902e-01
1.636718213558197021e-01
1.427347302436828613e+00
1.115738630294799805e+00
5.847703218460083008e-01
1.174667716026306152e+00
-1.032979846000671387e+00
4.517619907855987549e-01
-4.708957672119140625e-01
5.510916709899902344e-01
-4.364071488380432129e-01
1.423445791006088257e-01
-2.724419236183166504e-01
-9.384242892265319824e-01
-2.866275310516357422e-01
-1.091161131858825684e+00
-4.452143013477325439e-01
7.092533707618713379e-01
-7.341118454933166504e-01
1.138368964195251465e+00
7.139871120452880859e-01
1.196019649505615234e+00
-8.158463835716247559e-01
5.909951329231262207e-01
-5.087110996246337891e-01
1.047410815954208374e-01
-6.661199331283569336e-01
1.677230894565582275e-01
4.313436523079872131e-02
-9.476024508476257324e-01
8.881507813930511475e-02
8.225755393505096436e-02
9.103545546531677246e-01
1.410426259040832520e+00
7.711389064788818359e-01
8.650189638137817383e-01
3.654254078865051270e-01
6.194033622741699219e-01
-4.183175563812255859e-01
3.203309476375579834e-01
-3.936008810997009277e-01
6.210055574774742126e-02
-1.546591818332672119e-01
-3.197434246540069580e-01
-9.480440616607666016e-02
1.378009617328643799e-01
7.980412989854812622e-02
-3.036796450614929199e-01
-9.877461194992065430e-01
1.397431641817092896e-01
2.825092375278472900e-01
5.360111966729164124e-02
-2.647420167922973633e-01
-2.142435014247894287e-01
-4.047533571720123291e-01
-2.770884037017822266e-01
-4.829079285264015198e-02
-1.148676350712776184e-01
3.344557881355285645e-01
-1.791867054998874664e-02
-2.869773507118225098e-01
5.054175257682800293e-01
2.289302274584770203e-02
1.759475320577621460e-01
-3.102490007877349854e-01
3.559958338737487793e-01
-4.456538856029510498e-01
-2.194437831640243530e-01
3.558056056499481201e-01
-1.739356219768524170e-01
8.064240962266921997e-02
5.472435951232910156e-01
6.038107275962829590e-01
6.652773618698120117e-01
4.891047179698944092e-01
1.022175177931785583e-01
4.115097522735595703e-01
-1.720658838748931885e-01
9.112430810928344727e-01
5.433954000473022461e-01
-3.756951987743377686e-01
1.626445353031158447e-01
-2.879216372966766357e-01
2.031230032444000244e-01
2.779265306890010834e-02
5.913026332855224609e-01
-1.612335741519927979e-01
-1.528394073247909546e-01
-5.303211808204650879e-01
-3.435304164886474609e-01
-1.298321932554244995e-01
7.909574508666992188e-01
1.099764779210090637e-01
2.151824533939361572e-02
5.599481463432312012e-01
7.285301685333251953e-01
1.948133558034896851e-01
-8.830680251121520996e-01
-9.675421714782714844e-01
-1.321047663688659668e+00
-1.035389184951782227e+00
-2.796376943588256836e-01
-1.392219424247741699e+00
