4.424220323562622070e-01
5.716995596885681152e-01
4.387012422084808350e-01
7.324066162109375000e-01
-3.929138779640197754e-01
4.768811166286468506e-01
2.680051624774932861e-01
4.104226529598236084e-01
-8.722414076328277588e-02
2.692486643791198730e-01
6.557390093803405762e-01
8.823322057723999023e-01
-4.045337811112403870e-02
7.312282919883728027e-01
-5.955446958541870117e-01
1.117763742804527283e-01
-1.151557266712188721e-02
-1.117874160408973694e-01
-6.375495791435241699e-01
5.714169889688491821e-02
-9.966746717691421509e-02
-2.286679148674011230e-01
2.794849872589111328e-02
-6.751739233732223511e-02
-1.093302294611930847e-01
-2.956625521183013916e-01
-5.346856713294982910e-01
-5.792821049690246582e-01
-6.656910181045532227e-01
3.496746420860290527e-01
-5.400888249278068542e-02
5.878359675407409668e-01
4.283215403556823730e-01
1.631448566913604736e-01
1.090982556343078613e+00
5.756961703300476074e-01
-2.145841419696807861e-01
7.904954552650451660e-01
4.620967209339141846e-01
-6.685295104980468750e-01
-6.617929339408874512e-01
-3.124110102653503418e-01
2.644554078578948975e-01
-4.569686651229858398e-01
1.899894475936889648e-01
-1.931803300976753235e-03
9.900022149085998535e-01
1.194247007369995117e+00
-1.967352479696273804e-01
1.185897111892700195e+00
-1.344692409038543701e-01
2.195822894573211670e-01
-1.163688600063323975e-01
-3.748076558113098145e-01
-9.565866589546203613e-01
1.806923896074295044e-01
-4.475835263729095459e-01
-6.223143637180328369e-02
-1.238521784543991089e-01
-8.023573458194732666e-02
-6.904985010623931885e-02
3.337286114692687988e-01
2.298239320516586304e-01
5.872324109077453613e-01
1.992156961932778358e-03
1.027899086475372314e-01
1.105709001421928406e-01
1.327869389206171036e-02
-8.713339269161224365e-02
1.978705674409866333e-01
-7.271283119916915894e-02
-1.457397341728210449e-01
-4.463832080364227295e-02
9.711733460426330566e-02
6.155897304415702820e-02
3.932285606861114502e-01
-2.757513821125030518e-01
-1.218340620398521423e-01
6.965864449739456177e-02
-3.972784802317619324e-02
1.878347396850585938e-01
4.891033172607421875e-01
3.416638076305389404e-01
-6.602436900138854980e-01
-5.317912697792053223e-01
5.448710918426513672e-01
1.172924041748046875e+00
5.563306808471679688e-01
2.778317332267761230e-01
3.454559147357940674e-01
1.434403806924819946e-01
-1.120638940483331680e-02
2.521928250789642334e-01
-3.942410051822662354e-01
7.438933849334716797e-01
2.306742593646049500e-03
6.118108034133911133e-01
-3.889930546283721924e-01
-6.133725121617317200e-02
-2.152686715126037598e-01
-4.348139464855194092e-01
-8.541606068611145020e-01
-1.543874889612197876e-01
-3.609048724174499512e-01
-3.562429249286651611e-01
-5.915561914443969727e-01
-9.806538820266723633e-01
1.756283938884735107e-01
1.420198827981948853e-01
2.971151284873485565e-02
3.613978326320648193e-01
6.325885653495788574e-01
1.042316675186157227e+00
5.711166858673095703e-01
-7.303079217672348022e-02
9.644216895103454590e-01
1.134597659111022949e-01
-4.614556133747100830e-01
4.317983984947204590e-01
3.369776606559753418e-01
4.056773781776428223e-01
-2.570161819458007812e-01
-6.740645319223403931e-02
-5.677316784858703613e-01
-8.214497566223144531e-02
-3.721984922885894775e-01
4.239205420017242432e-01
1.355846077203750610e-01
3.215814828872680664e-01
1.996724903583526611e-01
3.866438195109367371e-02
1.676104813814163208e-01
-5.289925634860992432e-02
-3.121091052889823914e-02
1.225838959217071533e-01
-1.272174417972564697e-01
2.261433303356170654e-01
-5.049237608909606934e-02
3.694055601954460144e-02
-3.890823572874069214e-02
1.988237202167510986e-01
3.153682649135589600e-01
1.494581997394561768e-01
2.645365893840789795e-01
2.737184166908264160e-01
3.979387283325195312e-01
-5.631098896265029907e-02
4.731889665126800537e-01
-5.130159258842468262e-01
1.453222185373306274e-01
-3.206057846546173096e-01
3.766487240791320801e-01
-5.952356457710266113e-01
-3.634563088417053223e-01
-4.084089398384094238e-01
-3.185464739799499512e-01
-2.310866862535476685e-01
-7.664754241704940796e-02
-2.183308303356170654e-01
4.333082213997840881e-02
7.079432159662246704e-02
-4.404826462268829346e-01
-6.010330915451049805e-01
-6.517429947853088379e-01
1.967483609914779663e-01
-2.329815924167633057e-01
6.478125452995300293e-01
1.014773964881896973e+00
-3.052062392234802246e-01
1.243899464607238770e-01
5.638606548309326172e-01
3.742003142833709717e-01
6.874299049377441406e-01
7.663710713386535645e-01
3.485064208507537842e-01
2.609474658966064453e-01
4.652216732501983643e-01
3.986880481243133545e-01
-1.175393462181091309e-01
3.659711182117462158e-01
-6.043749451637268066e-01
-8.063748478889465332e-02
-8.266696929931640625e-01
3.351126313209533691e-01
-4.582964181900024414e-01
-3.960369229316711426e-01
-4.425217509269714355e-01
-2.840010216459631920e-03
-5.794233083724975586e-02
-1.956270486116409302e-01
1.265447139739990234e-01
4.165023565292358398e-01
1.707493811845779419e-01
1.525658965110778809e-01
-2.011928111314773560e-01
-4.945171177387237549e-01
-8.374429941177368164e-01
-7.242275476455688477e-01
1.727582067251205444e-01
-4.667785465717315674e-01
-3.035092353820800781e-01
-2.655192315578460693e-01
-1.710534542798995972e-01
8.745637536048889160e-01
2.878594696521759033e-01
4.337764382362365723e-01
5.748782753944396973e-01
2.635189592838287354e-01
3.682035952806472778e-02
8.774710297584533691e-01
6.316995620727539062e-01
5.761098861694335938e-01
-7.202957570552825928e-02
-2.066498994827270508e-01
1.020431444048881531e-01
3.071781098842620850e-01
-1.794916689395904541e-01
6.785792708396911621e-01
4.073863029479980469e-01
3.237825036048889160e-01
1.265985071659088135e-01
-1.156859397888183594e-01
-3.638926744461059570e-01
-1.205178573727607727e-01
-8.295401930809020996e-03
1.609977483749389648e-01
3.915535211563110352e-01
-2.023283541202545166e-01
-3.403220772743225098e-01
-5.082237720489501953e-01
-8.022051453590393066e-01
-5.746442675590515137e-01
-3.240318596363067627e-01
2.666363716125488281e-01
8.984685540199279785e-01
2.640590965747833252e-01
-4.232101738452911377e-01
-9.939630031585693359e-01
-2.486113458871841431e-01
-3.074040412902832031e-01
6.995773315429687500e-01
3.610752522945404053e-01
1.859081506729125977e+00
4.907521605491638184e-01
6.992015242576599121e-02
1.350235641002655029e-01
5.036779046058654785e-01
-7.959374189376831055e-01
8.430924415588378906e-01
4.576939940452575684e-01
4.804658591747283936e-01
1.693505644798278809e+00
9.338740706443786621e-01
1.161798000335693359e+00
-1.087664254009723663e-02
-4.601425230503082275e-01
1.247378066182136536e-01
-4.399212300777435303e-01
-3.678013682365417480e-01
-1.454386264085769653e-01
4.774023294448852539e-01
2.706200182437896729e-01
2.061485648155212402e-01
1.521407663822174072e-01
-7.275353670120239258e-01
-7.509706020355224609e-01
-9.225240945816040039e-01
2.282949090003967285e-01
-2.296006977558135986e-01
1.003328323364257812e+00
6.351382136344909668e-01
3.928726315498352051e-01
-3.405910134315490723e-01
1.729881614446640015e-01
-1.210259795188903809e-01
2.178168147802352905e-01
-7.237188816070556641e-01
-4.689625799655914307e-01
-5.346811413764953613e-01
1.182714179158210754e-01
-1.210418120026588440e-01
-2.590348571538925171e-02
5.504517555236816406e-01
-3.575545251369476318e-01
1.450369507074356079e-01
3.305110335350036621e-01
1.705347895622253418e-01
-2.448849752545356750e-02
5.103747248649597168e-01
8.072106838226318359e-01
5.310432910919189453e-01
4.274016320705413818e-01
1.411685943603515625e-01
-9.453490376472473145e-02
-5.694190859794616699e-01
-8.504831045866012573e-02
-1.689589023590087891e-01
-4.091422855854034424e-01
-3.703986406326293945e-01
1.459816098213195801e-01
-2.334289252758026123e-01
7.019897103309631348e-01
1.250908672809600830e-01
6.597344279289245605e-01
1.421359181404113770e-01
-4.744720458984375000e-02
2.911365032196044922e-01
5.090335607528686523e-01
-1.987995505332946777e-01
-5.778161808848381042e-02
-5.940222144126892090e-01
3.057936429977416992e-01
1.519287824630737305e-01
-3.170598149299621582e-01
2.988469898700714111e-01
1.599379479885101318e-01
1.288758814334869385e-01
4.579348564147949219e-01
8.822593688964843750e-01
-3.055403232574462891e-01
5.341654419898986816e-01
-2.043958157300949097e-01
2.791411876678466797e-01
-3.032493591308593750e-01
2.177269309759140015e-01
6.679356843233108521e-02
-3.143237531185150146e-01
2.734937937930226326e-03
-3.287555649876594543e-02
-8.278127014636993408e-02
-1.614564955234527588e-01
-3.231927454471588135e-01
-4.524767026305198669e-02
-1.437775343656539917e-01
4.091470837593078613e-01
1.736947745084762573e-01
3.970040977001190186e-01
-2.373460829257965088e-01
-8.396426588296890259e-02
2.742258012294769287e-01
1.864793747663497925e-01
-2.100669741630554199e-01
1.235074624419212341e-01
1.955149620771408081e-01
4.823812544345855713e-01
1.975662261247634888e-01
-9.204284846782684326e-02
-2.112172357738018036e-02
-1.720532327890396118e-01
-9.552253782749176025e-02
2.673362195491790771e-01
-3.014151155948638916e-01
1.086680591106414795e-01
1.848538173362612724e-03
-6.378561854362487793e-01
-2.021875083446502686e-01
-5.099921822547912598e-01
-3.671626746654510498e-02
-8.008611947298049927e-02
3.928382396697998047e-01
3.464395180344581604e-02
1.402045600116252899e-02
4.480566382408142090e-01
2.005624920129776001e-01
-9.796524792909622192e-02
5.104389786720275879e-01
-9.380432963371276855e-02
2.483825832605361938e-01
2.253415733575820923e-01
1.078969985246658325e-01
-5.790014937520027161e-02
4.681775867938995361e-01
-1.701210886240005493e-01
3.891143202781677246e-02
-1.702803075313568115e-01
-3.153330683708190918e-01
-2.143251448869705200e-01
-3.326818048954010010e-01
-4.368253424763679504e-02
-1.660128533840179443e-01
-2.207502722740173340e-01
-8.531029224395751953e-01
-5.370914936065673828e-01
-5.061975717544555664e-01
-1.336007416248321533e-01
1.017462760210037231e-01
3.067975640296936035e-01
-1.417050361633300781e-01
-3.054394125938415527e-01
5.232241377234458923e-02
7.992159575223922729e-02
4.585385322570800781e-01
2.979033291339874268e-01
1.477797050029039383e-04
9.508163332939147949e-01
2.113156467676162720e-01
1.891147643327713013e-01
3.995721340179443359e-01
6.224044561386108398e-01
-2.202360332012176514e-01
3.127491176128387451e-01
3.563735187053680420e-01
3.255994021892547607e-01
2.324202060699462891e-01
1.736328154802322388e-01
-1.061223167926073074e-02
2.096249908208847046e-01
-9.272681176662445068e-02
-8.817032575607299805e-01
-2.211791463196277618e-02
-2.560560703277587891e-01
-1.865758746862411499e-01
-4.770365059375762939e-01
-2.031088918447494507e-01
4.470731914043426514e-01
6.289770007133483887e-01
1.174422621726989746e+00
8.151344060897827148e-01
7.283511757850646973e-01
4.217156469821929932e-01
1.504105925559997559e-01
-3.973290920257568359e-01
-8.237214684486389160e-01
-5.174735784530639648e-01
-5.955454111099243164e-01
-6.694471836090087891e-01
-3.188517987728118896e-01
-4.848584830760955811e-01
2.499432861804962158e-01
6.757016777992248535e-01
9.086442589759826660e-01
3.445430994033813477e-01
7.899665236473083496e-01
-1.191828995943069458e-01
9.811017513275146484e-01
-6.646318733692169189e-02
3.924155607819557190e-02
-7.009390592575073242e-01
2.447650432586669922e-01
-2.450089752674102783e-01
6.940647959709167480e-02
-1.706762015819549561e-01
-1.333187669515609741e-01
-3.202164471149444580e-01
1.167319118976593018e-01
7.552641630172729492e-02
3.317400515079498291e-01
2.460835427045822144e-01
4.736752808094024658e-01
9.074402041733264923e-03
1.807042509317398071e-01
3.164947628974914551e-01
2.808978855609893799e-01
3.771836757659912109e-01
3.374285399913787842e-01
2.538443207740783691e-01
3.493073582649230957e-01
6.571803987026214600e-02
-3.085927292704582214e-02
-6.671556830406188965e-02
-1.735709905624389648e-01
-3.256811797618865967e-01
-6.352634727954864502e-02
-2.219900637865066528e-01
-6.988005042076110840e-01
-3.728294074535369873e-01
-6.841688603162765503e-02
1.458739191293716431e-01
-1.742065548896789551e-01
-5.310627222061157227e-01
4.954344034194946289e-01
-1.322509199380874634e-01
-1.956260353326797485e-01
3.610940277576446533e-01
-6.070409417152404785e-01
2.258103489875793457e-01
7.768582701683044434e-01
2.622689962387084961e+00
1.218159217387437820e-03
7.287574410438537598e-01
4.978063330054283142e-02
5.941808223724365234e-01
5.674054622650146484e-01
9.416373074054718018e-02
5.154340267181396484e-01
-1.140129044651985168e-01
4.060334265232086182e-01
-2.972601912915706635e-02
2.961939945816993713e-02
4.772461485117673874e-03
2.294482439756393433e-01
-4.538733046501874924e-03
7.365844249725341797e-01
-2.388744652271270752e-01
-5.794524028897285461e-02
-3.877579569816589355e-01
3.708468973636627197e-01
1.583900451660156250e-01
9.608542174100875854e-02
-8.493300080299377441e-01
-2.737386822700500488e-01
-1.165520846843719482e-01
-1.778354793787002563e-01
-2.851168513298034668e-01
-1.874903589487075806e-01
-8.504935353994369507e-02
-2.315079718828201294e-01
4.594024121761322021e-01
-1.724203824996948242e-01
-1.546133011579513550e-01
1.815517991781234741e-01
-9.763962030410766602e-02
-5.944133177399635315e-02
