-8.626817166805267334e-02
3.098632991313934326e-01
8.528313785791397095e-02
2.675367519259452820e-02
1.857357472181320190e-01
-3.567831590771675110e-02
-3.850563764572143555e-01
1.764587014913558960e-01
-8.482479453086853027e-01
6.311609745025634766e-01
7.913905382156372070e-02
4.163126051425933838e-01
-3.320062160491943359e-01
3.874483108520507812e-01
-1.259028762578964233e-01
9.046925604343414307e-02
-4.374116361141204834e-01
-9.188695996999740601e-02
3.895057439804077148e-01
1.538615860044956207e-02
-9.221174567937850952e-02
7.203894853591918945e-01
3.197216093540191650e-01
1.578163206577301025e-01
-2.336312979459762573e-01
-5.601478219032287598e-01
4.200456142425537109e-01
-9.974442720413208008e-01
-4.371044337749481201e-01
-8.536643385887145996e-01
-7.387434244155883789e-01
-2.069004297256469727e+00
-1.480776906013488770e+00
-7.974301278591156006e-02
-1.187469065189361572e-02
1.044332504272460938e+00
6.618281602859497070e-01
8.333020806312561035e-01
5.601775646209716797e-01
9.185315966606140137e-01
7.806425690650939941e-01
6.458968520164489746e-01
-1.066407486796379089e-01
-1.268307805061340332e+00
-4.249992370605468750e-01
-4.923472702503204346e-01
-4.894291758537292480e-01
-4.009118080139160156e-01
-5.323046445846557617e-01
-3.969075381755828857e-01
-8.067317605018615723e-01
4.137547612190246582e-01
3.171060383319854736e-01
1.023747086524963379e+00
6.312146186828613281e-01
2.743770182132720947e-02
4.081017971038818359e-01
4.188352823257446289e-01
-5.207570195198059082e-01
3.723853230476379395e-01
4.876989871263504028e-02
3.820323050022125244e-01
-3.051265478134155273e-01
3.837495744228363037e-01
4.424702525138854980e-01
-2.685040794312953949e-02
-3.583140969276428223e-01
5.835977569222450256e-02
-3.683837503194808960e-02
-7.810788750648498535e-01
-2.078564912080764771e-01
-4.612151160836219788e-02
-5.129856243729591370e-02
7.961446791887283325e-02
-9.790621697902679443e-02
-3.431890010833740234e-01
-1.096983790397644043e+00
-4.438673853874206543e-01
-1.536738157272338867e+00
2.388201355934143066e-01
5.300011038780212402e-01
4.659567177295684814e-01
1.654435247182846069e-01
7.782608270645141602e-01
2.122527956962585449e-01
7.777424454689025879e-01
6.077915057539939880e-02
-9.749940782785415649e-02
-5.401341710239648819e-03
-1.912560872733592987e-02
-4.991533756256103516e-01
-4.177440106868743896e-01
-2.818315029144287109e-01
-8.373981714248657227e-01
9.100389666855335236e-03
-3.080101609230041504e-01
3.398669958114624023e-01
7.749065756797790527e-02
2.940855324268341064e-01
2.190806120634078979e-01
-8.004418760538101196e-02
3.919219374656677246e-01
-1.481869220733642578e-01
-3.826412558555603027e-01
2.599240243434906006e-01
-2.688531875610351562e-01
8.943986892700195312e-02
-9.894704073667526245e-02
1.771421879529953003e-01
1.258314959704875946e-02
6.266429424285888672e-01
1.193167194724082947e-01
-8.858822286128997803e-02
-1.173477023839950562e-01
4.311740398406982422e-01
1.154234446585178375e-02
-5.457492917776107788e-02
-2.725348770618438721e-01
-9.253711439669132233e-03
-4.857935607433319092e-01
-5.126361846923828125e-01
4.072405397891998291e-01
4.585746228694915771e-01
2.126593589782714844e-01
-3.355242609977722168e-01
-1.276625394821166992e-01
5.373398065567016602e-01
4.297480285167694092e-01
-8.226808905601501465e-02
-3.962898552417755127e-01
-8.624025583267211914e-01
-2.450406551361083984e-01
-3.480208218097686768e-01
-1.824920475482940674e-01
-8.077052831649780273e-01
-2.072416841983795166e-01
-1.285941600799560547e+00
-6.742051243782043457e-02
1.587153077125549316e-01
-2.164798825979232788e-01
3.098486959934234619e-01
1.003641843795776367e+00
6.771319508552551270e-01
8.933093547821044922e-01
6.417645215988159180e-01
4.465858042240142822e-01
7.113859057426452637e-02
5.728654190897941589e-02
-3.899111151695251465e-01
-2.503104805946350098e-01
-2.342626452445983887e-01
-1.432690769433975220e-01
-3.892619907855987549e-01
2.575876936316490173e-02
-2.263675183057785034e-01
5.365828983485698700e-03
-8.099710941314697266e-02
-4.369008243083953857e-01
2.227566689252853394e-01
-3.668633699417114258e-01
4.344578683376312256e-01
3.148566186428070068e-02
1.024378761649131775e-01
-7.726747393608093262e-01
-1.196642369031906128e-01
-6.111838817596435547e-01
-6.330288648605346680e-01
4.129774868488311768e-02
1.613438725471496582e-01
5.105762481689453125e-01
3.044365048408508301e-01
-3.480290472507476807e-01
1.460717618465423584e-01
3.473976254463195801e-01
6.417428851127624512e-01
1.489025503396987915e-01
1.395758539438247681e-01
-2.201585918664932251e-01
1.725966334342956543e-01
5.027237534523010254e-01
3.651880025863647461e-01
9.290751218795776367e-01
-3.572052121162414551e-01
1.633967310190200806e-01
-1.268272638320922852e+00
-2.467457652091979980e-01
-3.374763727188110352e-01
-2.520478069782257080e-01
2.080785334110260010e-01
1.379144787788391113e-01
2.523916959762573242e-01
7.485111951828002930e-01
-1.019717931747436523e+00
-1.940124630928039551e-01
2.983320057392120361e-01
-1.069983169436454773e-01
2.288544625043869019e-01
2.909493446350097656e-01
-8.057534694671630859e-02
-4.180918633937835693e-01
-1.022735357284545898e+00
4.158837497234344482e-01
-4.497819840908050537e-01
1.743908524513244629e-01
4.894566535949707031e-01
-2.888875454664230347e-02
-7.759124040603637695e-01
-4.867980256676673889e-02
1.983040571212768555e-01
1.090692207217216492e-01
1.796860098838806152e-01
1.974723637104034424e-01
3.162523508071899414e-01
2.091614753007888794e-01
-3.886834084987640381e-01
-3.906185626983642578e-01
-1.114336699247360229e-01
3.785547018051147461e-01
2.495635449886322021e-01
1.153776645660400391e-01
5.434848666191101074e-01
-1.491704285144805908e-01
-1.189499869942665100e-01
2.658163569867610931e-02
1.218041554093360901e-01
-4.626533687114715576e-01
2.195662120357155800e-03
-1.474128067493438721e-01
-1.478296518325805664e-01
2.121896445751190186e-01
4.773869514465332031e-01
-1.442037522792816162e-01
-8.387995511293411255e-02
7.111296057701110840e-02
3.765962086617946625e-03
-3.889964818954467773e-01
-3.283424973487854004e-01
-1.456509996205568314e-02
-4.623100161552429199e-02
-4.191124439239501953e-01
-1.085741911083459854e-02
1.449931506067514420e-02
-1.326693177223205566e+00
-8.630611002445220947e-02
-3.473445177078247070e-01
-1.215850710868835449e-01
-2.632974684238433838e-01
7.950103841722011566e-03
1.291361749172210693e-01
-2.085767835378646851e-01
5.847180485725402832e-01
2.076067924499511719e-01
3.115603625774383545e-01
-5.628862380981445312e-01
-6.965619325637817383e-01
-3.123464584350585938e-01
4.495588243007659912e-01
-5.580033659934997559e-01
7.569411993026733398e-01
2.490338981151580811e-01
-2.205557227134704590e-01
-4.216108471155166626e-02
-9.006213396787643433e-03
-2.234741151332855225e-01
2.982158362865447998e-01
4.667466282844543457e-01
1.128075048327445984e-01
-4.620313048362731934e-01
-2.893658280372619629e-01
-1.736862510442733765e-01
-3.720835447311401367e-01
-2.380174845457077026e-01
-1.127519011497497559e+00
-3.277516961097717285e-01
-9.444364905357360840e-02
1.687708795070648193e-01
4.007619619369506836e-01
3.110372722148895264e-01
2.825073301792144775e-01
4.385809600353240967e-01
4.939447939395904541e-01
5.222494602203369141e-01
1.563249081373214722e-01
-4.135371185839176178e-03
3.406268358230590820e-01
1.558014657348394394e-02
-1.546130627393722534e-01
-6.919136047363281250e-01
-6.215339303016662598e-01
-7.703009247779846191e-01
-3.192666471004486084e-01
-3.002452254295349121e-01
-2.794442772865295410e-01
-1.104519516229629517e-01
4.591672420501708984e-01
-2.033276110887527466e-02
-1.812738776206970215e-01
2.160477787256240845e-01
1.587030738592147827e-01
2.086577266454696655e-01
1.806617826223373413e-01
-8.708619475364685059e-01
2.581081986427307129e-01
-9.800695776939392090e-01
8.034999668598175049e-02
-1.661972999572753906e-01
-1.849839985370635986e-01
-1.731667667627334595e-01
-4.428165033459663391e-02
-1.847367137670516968e-01
4.818136394023895264e-01
1.662002205848693848e-01
3.583311140537261963e-01
4.151807129383087158e-01
2.523447573184967041e-01
8.593271374702453613e-01
1.825486421585083008e-01
9.793336689472198486e-02
-3.636296987533569336e-01
-8.508754521608352661e-02
4.917626827955245972e-02
-6.499914526939392090e-01
-1.884565800428390503e-01
-2.788819074630737305e-01
-2.464360743761062622e-01
-8.233183622360229492e-01
-1.214993819594383240e-01
-3.875949680805206299e-01
1.784061640501022339e-01
-4.326348900794982910e-01
-3.782716989517211914e-01
-6.241492033004760742e-01
4.086353257298469543e-02
-4.254328459501266479e-02
1.635109782218933105e-01
-2.917017638683319092e-01
-5.353450775146484375e-03
7.293907999992370605e-01
5.849436521530151367e-01
8.922185897827148438e-01
1.113755851984024048e-01
3.535279929637908936e-01
-1.175579130649566650e-01
-4.540067613124847412e-01
-7.805575430393218994e-02
-3.531568944454193115e-01
-4.285708367824554443e-01
7.813467830419540405e-02
1.989105939865112305e-01
3.202326893806457520e-01
1.895398199558258057e-01
5.652146786451339722e-02
1.406640261411666870e-01
-1.545743346214294434e-01
9.716369956731796265e-02
5.328441262245178223e-01
-2.105524837970733643e-01
1.913067251443862915e-01
1.584199666976928711e-01
2.691961526870727539e-01
-7.765316963195800781e-01
-1.590658128261566162e-01
-2.064297199249267578e-01
4.555003717541694641e-03
-9.407847374677658081e-02
1.033541336655616760e-01
-3.841967284679412842e-01
3.304981291294097900e-01
-6.221201419830322266e-01
-1.582272946834564209e-01
-5.857662558555603027e-01
2.536198794841766357e-01
2.871523201465606689e-01
3.209856450557708740e-01
3.956676274538040161e-02
-4.257896170020103455e-02
-9.788991510868072510e-02
3.296352550387382507e-02
3.696250617504119873e-01
-6.894975900650024414e-02
-4.250264465808868408e-01
3.080649673938751221e-01
3.865729272365570068e-01
6.963911056518554688e-01
5.394694209098815918e-01
2.655431926250457764e-01
-2.890650629997253418e-01
1.241887286305427551e-01
-1.316740810871124268e-01
-6.786554306745529175e-02
-2.009994685649871826e-01
-4.122597873210906982e-01
-5.532372593879699707e-01
1.129933968186378479e-01
3.152933344244956970e-02
-1.344671100378036499e-01
3.048805296421051025e-01
-8.479049429297447205e-04
-2.379021942615509033e-01
-1.513111144304275513e-01
-1.101773306727409363e-01
-3.104700148105621338e-01
-3.408046960830688477e-01
-7.150755822658538818e-02
-2.691847383975982666e-01
-5.229214429855346680e-01
-4.073587656021118164e-01
-7.855298370122909546e-02
1.325132399797439575e-01
6.174453496932983398e-01
-4.242312908172607422e-01
7.520641088485717773e-01
-1.414519309997558594e+00
1.123424470424652100e-01
2.848562002182006836e-01
5.472352355718612671e-02
1.628446727991104126e-01
1.753250360488891602e-01
-4.212293401360511780e-02
-2.257437556982040405e-01
-2.611865401268005371e-01
-4.816913604736328125e-01
-2.509865462779998779e-01
8.393539488315582275e-02
-3.863992989063262939e-01
7.141082882881164551e-01
-1.600508540868759155e-01
1.050654873251914978e-01
6.245192289352416992e-01
-1.513139754533767700e-01
2.820321023464202881e-01
-6.953660845756530762e-01
4.688893631100654602e-02
-2.856605648994445801e-01
9.084122627973556519e-02
-2.991741001605987549e-01
1.173756271600723267e-01
-3.952258527278900146e-01
-2.485883235931396484e-01
1.261605471372604370e-01
-1.008410751819610596e-01
2.025903910398483276e-01
8.982516825199127197e-02
1.504524201154708862e-01
4.606962203979492188e-01
-1.466373801231384277e-01
-4.552228152751922607e-01
-7.221066355705261230e-01
-3.754389882087707520e-01
-4.849408268928527832e-01
2.191868871450424194e-01
3.401421606540679932e-01
1.273968964815139771e-01
4.969040155410766602e-01
1.044009923934936523e+00
2.893471717834472656e-01
-3.343875706195831299e-01
-2.414925098419189453e-01
2.250797301530838013e-01
-1.670778840780258179e-01
-2.546728551387786865e-01
-1.194392815232276917e-01
-7.317330688238143921e-02
-6.925546564161777496e-03
2.015504091978073120e-01
1.389110237360000610e-01
1.519946157932281494e-01
1.113022714853286743e-01
-2.343986183404922485e-01
-3.153507113456726074e-01
-2.438865900039672852e-01
-1.482843279838562012e+00
-1.588567852973937988e+00
4.745517671108245850e-01
-3.930068314075469971e-01
-4.023644141852855682e-04
1.712781190872192383e-01
9.675338119268417358e-02
1.428868919610977173e-01
5.654906630516052246e-01
1.655034124851226807e-01
-2.878858447074890137e-01
1.547156721353530884e-01
8.560343086719512939e-02
8.463386297225952148e-01
-3.598454222083091736e-02
-3.381164669990539551e-01
1.210816055536270142e-01
-6.631386280059814453e-01
-3.593100234866142273e-02
3.797826170921325684e-01
-7.308668494224548340e-01
-2.477323412895202637e-01
-7.168438285589218140e-02
-1.806250363588333130e-01
4.846183210611343384e-02
1.098510980606079102e+00
-1.195080876350402832e+00
3.481368348002433777e-02
-2.402970381081104279e-02
1.728482842445373535e-01
-7.337693572044372559e-01
4.043859541416168213e-01
8.607179671525955200e-02
2.398993633687496185e-02
-9.912758320569992065e-02
6.452484428882598877e-02
6.017759442329406738e-01
-1.952038556337356567e-01
7.775374650955200195e-01
-2.291033416986465454e-02
-1.270105689764022827e-01
7.053802013397216797e-01
