-2.535175681114196777e-01
4.903194010257720947e-01
-2.214839309453964233e-01
-1.271201223134994507e-01
1.924424618482589722e-01
7.984734326601028442e-02
-4.490426480770111084e-01
-3.235538005828857422e-01
7.821013033390045166e-02
5.988737940788269043e-01
2.128689140081405640e-01
4.731190204620361328e-01
-2.943551912903785706e-02
1.786958724260330200e-01
2.336703091859817505e-01
-2.135516330599784851e-02
-1.889396607875823975e-01
4.566368758678436279e-01
1.093388319015502930e+00
5.901062488555908203e-01
4.013356268405914307e-01
1.440386325120925903e-01
-1.603147387504577637e-01
-2.162974625825881958e-01
-3.654854297637939453e-01
-3.889553993940353394e-02
-2.241381257772445679e-01
-5.891013145446777344e-01
-6.414389014244079590e-01
-3.194332122802734375e-03
-1.511655896902084351e-01
2.645170986652374268e-01
1.225962638854980469e-01
7.885764241218566895e-01
3.969357907772064209e-02
4.619718194007873535e-01
-2.487482726573944092e-01
2.240041196346282959e-01
-5.635838955640792847e-02
2.018363773822784424e-01
-2.278350293636322021e-01
-3.840962648391723633e-01
-2.275649160146713257e-01
8.946442976593971252e-03
-4.997548758983612061e-01
4.163517355918884277e-01
1.136359930038452148e+00
8.982878923416137695e-01
9.613098502159118652e-01
6.873887181282043457e-01
4.698254168033599854e-02
-2.818012833595275879e-01
-2.882077693939208984e-01
4.638579487800598145e-01
1.019224286079406738e+00
-1.216746866703033447e-01
7.173766195774078369e-02
3.718719780445098877e-01
-1.554568260908126831e-01
-1.757233887910842896e-01
-3.313105702400207520e-01
-7.936343550682067871e-01
-3.310174643993377686e-01
-1.553333997726440430e-01
-6.504892706871032715e-01
7.858353853225708008e-02
-1.145823523402214050e-01
1.347627788782119751e-01
9.103985130786895752e-02
9.531851857900619507e-02
-4.546279087662696838e-02
3.247362375259399414e-01
-4.888779520988464355e-01
-4.008778557181358337e-02
7.995640039443969727e-01
-1.849438399076461792e-01
4.022498130798339844e-01
6.665183901786804199e-01
1.745189428329467773e-01
5.193119645118713379e-01
3.428352177143096924e-01
4.080738127231597900e-01
5.789322257041931152e-01
-3.387767374515533447e-01
-3.131458908319473267e-02
4.949348866939544678e-01
-5.259314551949501038e-02
3.242271486669778824e-03
-1.106529962271451950e-03
1.923359930515289307e-01
-2.996598742902278900e-02
7.403273135423660278e-02
-1.463576108217239380e-01
-2.016784548759460449e-01
1.290896683931350708e-01
-3.423554897308349609e-01
2.745455205440521240e-01
-1.737234443426132202e-01
-2.557831704616546631e-01
-3.975760936737060547e-01
4.289010167121887207e-01
7.329969406127929688e-01
2.485767155885696411e-01
1.754774451255798340e-01
9.227554798126220703e-01
-1.628318578004837036e-01
-2.886579334735870361e-01
2.135258354246616364e-02
1.639181375503540039e-01
3.072313964366912842e-01
8.082980662584304810e-02
-6.165535002946853638e-02
1.766965091228485107e-01
-1.885352879762649536e-01
-6.069149374961853027e-01
-5.582340359687805176e-01
-3.450926840305328369e-01
-2.993566095829010010e-01
-2.979980409145355225e-01
-1.629475131630897522e-02
6.149243935942649841e-02
1.788543909788131714e-01
7.089683413505554199e-02
-1.843207329511642456e-01
2.527279593050479889e-02
7.146342992782592773e-01
-1.456948220729827881e-01
8.853881359100341797e-01
7.520163655281066895e-01
6.047825813293457031e-01
5.765242576599121094e-01
3.027154207229614258e-01
4.024230241775512695e-01
1.834660582244396210e-02
-1.916908770799636841e-01
3.534533679485321045e-01
-2.648880472406744957e-03
4.078264813870191574e-03
2.497695088386535645e-01
-7.598137855529785156e-02
1.676596701145172119e-01
-1.047996282577514648e-01
-1.683138310909271240e-01
-5.063405036926269531e-01
-1.525604128837585449e-01
-2.639039158821105957e-01
-6.269774436950683594e-01
-2.412684820592403412e-02
3.404424190521240234e-01
5.400469899177551270e-01
1.626763641834259033e-01
3.232437372207641602e-01
-1.881355536170303822e-03
1.909662783145904541e-01
-4.096433818340301514e-01
7.829163223505020142e-03
-3.582502901554107666e-02
-3.251585960388183594e-01
-3.793044388294219971e-01
3.006659448146820068e-02
4.575731158256530762e-01
8.393558859825134277e-01
5.015191435813903809e-01
9.625425934791564941e-02
-2.233438938856124878e-01
4.412734210491180420e-01
8.330314755439758301e-01
1.454207897186279297e-01
1.798025369644165039e-01
-2.481023669242858887e-01
-4.549785330891609192e-02
-2.598023712635040283e-01
-3.526000976562500000e-01
-1.765365004539489746e-01
-7.660765945911407471e-02
-2.919082343578338623e-01
-4.304981976747512817e-02
1.455048322677612305e-01
4.106495678424835205e-01
2.193140834569931030e-01
-5.897614359855651855e-02
3.479076176881790161e-02
-1.189806498587131500e-02
2.711897492408752441e-01
-1.060592830181121826e-01
-2.301830351352691650e-01
-7.899821549654006958e-02
3.628222644329071045e-01
-1.431149542331695557e-01
-3.697240352630615234e-01
-1.254404336214065552e-02
-2.623229324817657471e-01
-1.741031706333160400e-01
2.318299561738967896e-01
-4.237114638090133667e-02
1.888125240802764893e-01
1.032338012009859085e-02
2.874585986137390137e-01
-4.067880660295486450e-02
1.203065738081932068e-01
1.421259790658950806e-01
2.694238126277923584e-01
4.558758437633514404e-01
1.490101069211959839e-01
1.420006006956100464e-01
-1.798167228698730469e-01
-3.633120283484458923e-02
-1.135885715484619141e-02
-8.797057718038558960e-02
1.665287315845489502e-01
7.937802672386169434e-01
4.987685084342956543e-01
3.786287307739257812e-01
-2.622496783733367920e-01
3.027412891387939453e-01
2.235949188470840454e-01
2.479249238967895508e-01
2.142223566770553589e-01
1.296401023864746094e-01
-6.377465128898620605e-01
-2.466223984956741333e-01
-5.037764906883239746e-01
-3.153055608272552490e-01
-4.685532450675964355e-01
-2.737273871898651123e-01
-2.829041182994842529e-01
-1.554281413555145264e-01
-5.465485155582427979e-02
4.720257222652435303e-01
9.403974562883377075e-02
4.825649037957191467e-02
3.066673874855041504e-01
3.302421271800994873e-01
6.607919335365295410e-01
1.014321208000183105e+00
1.801178306341171265e-01
5.804017186164855957e-01
7.612025737762451172e-02
-1.021531373262405396e-01
-2.924034297466278076e-01
-2.630924247205257416e-02
7.083175331354141235e-02
-4.273548126220703125e-01
1.244774460792541504e-01
-1.139766275882720947e-01
1.301639080047607422e-01
-3.983270004391670227e-02
2.723867893218994141e-01
1.911610215902328491e-01
2.683182358741760254e-01
3.175927102565765381e-01
5.876497551798820496e-02
9.464725852012634277e-01
1.133784651756286621e+00
9.160563349723815918e-01
3.869577050209045410e-01
2.084826081991195679e-01
5.405699089169502258e-02
-3.216299712657928467e-01
-3.550887703895568848e-01
-6.162454485893249512e-01
-2.187656462192535400e-01
2.315387502312660217e-02
6.573656946420669556e-02
-2.846363186836242676e-01
2.110565081238746643e-02
-9.993621706962585449e-02
2.737329900264739990e-02
-8.467190712690353394e-02
-2.522314488887786865e-01
4.907580018043518066e-01
4.479994773864746094e-01
-1.118957474827766418e-01
2.395629435777664185e-01
4.198765456676483154e-01
2.798549532890319824e-01
4.951525032520294189e-01
1.361336559057235718e-01
1.284191459417343140e-01
-1.665446311235427856e-01
4.149978980422019958e-02
2.884126007556915283e-01
6.840396672487258911e-02
6.170270219445228577e-02
4.238097369670867920e-02
-4.629451408982276917e-02
-3.390726447105407715e-01
2.207320630550384521e-01
-2.051598858088254929e-03
1.425612270832061768e-01
1.158602461218833923e-01
-1.240824535489082336e-01
-7.076501380652189255e-03
1.012209057807922363e-01
1.571868807077407837e-01
8.444654941558837891e-02
-2.449111491441726685e-01
1.322457790374755859e-01
-5.874144434928894043e-01
-4.664921760559082031e-01
-1.064104214310646057e-01
1.527045816183090210e-01
1.001796841621398926e+00
2.299045026302337646e-01
3.148150742053985596e-01
5.965757649391889572e-03
4.395935535430908203e-01
-1.193296816200017929e-02
5.151209831237792969e-01
-5.965048074722290039e-01
6.239539384841918945e-01
2.992995381355285645e-01
6.970609426498413086e-01
5.802536606788635254e-01
1.104520186781883240e-01
1.232340652495622635e-02
-1.334418207406997681e-01
-2.104189246892929077e-01
1.599523574113845825e-01
6.910336613655090332e-01
-2.674023509025573730e-01
1.179783493280410767e-01
1.320409476757049561e-01
-3.200368583202362061e-01
2.743216753005981445e-01
-6.820166110992431641e-02
3.029832243919372559e-01
-3.924576938152313232e-01
-5.866977572441101074e-01
-3.026537001132965088e-01
-2.283220589160919189e-01
-1.776377856731414795e-02
-1.211776286363601685e-01
-7.124555110931396484e-02
-1.655697524547576904e-01
3.451199233531951904e-01
7.447696924209594727e-01
3.492246866226196289e-01
5.697917342185974121e-01
2.054786384105682373e-01
1.123177632689476013e-01
4.849607646465301514e-01
2.882065773010253906e-01
-3.477440476417541504e-01
-5.760827660560607910e-02
-7.395447045564651489e-02
-6.069558486342430115e-02
5.041868612170219421e-02
2.668167091906070709e-02
5.632548928260803223e-01
7.020632028579711914e-01
-2.132716029882431030e-01
3.521993160247802734e-01
1.362952739000320435e-01
4.412287101149559021e-02
9.966313838958740234e-02
-8.286095410585403442e-02
-2.337197773158550262e-02
-1.630079746246337891e-01
-2.536852955818176270e-01
-5.909574031829833984e-01
-1.237210035324096680e-01
-3.357455432415008545e-01
-1.669663637876510620e-01
-1.173965409398078918e-01
-1.717829108238220215e-01
2.577014267444610596e-01
2.444726675748825073e-01
-2.076368778944015503e-01
-7.065864652395248413e-02
3.258197903633117676e-01
6.013521179556846619e-02
3.471456170082092285e-01
1.032258749008178711e+00
9.889399409294128418e-01
2.966876327991485596e-01
3.750583529472351074e-01
1.363651752471923828e-01
9.265034645795822144e-02
-4.254496395587921143e-01
-4.310472011566162109e-01
-7.825711369514465332e-01
-7.111972570419311523e-01
-8.806187510490417480e-01
-5.637124776840209961e-01
-2.816166877746582031e-01
-9.010724723339080811e-02
1.739772111177444458e-01
5.554133057594299316e-01
-4.680846258997917175e-02
1.478501558303833008e-01
1.602131575345993042e-01
4.907631874084472656e-01
1.494148373603820801e-01
2.297921478748321533e-01
8.851957321166992188e-01
-2.816781587898731232e-02
-5.152859911322593689e-02
3.112217485904693604e-01
4.305574595928192139e-01
-7.028885930776596069e-02
2.169068604707717896e-01
-6.382740288972854614e-02
1.068023666739463806e-01
2.454466074705123901e-01
-1.958294957876205444e-02
-6.957744061946868896e-02
-6.251532584428787231e-02
-3.489225208759307861e-01
-1.980184465646743774e-01
-3.736567497253417969e-02
3.109017573297023773e-02
4.171467721462249756e-01
3.323460519313812256e-01
-2.051825821399688721e-01
8.043880015611648560e-02
1.359776258468627930e-01
5.345590710639953613e-01
6.688563227653503418e-01
4.665107727050781250e-01
-1.390606164932250977e-01
2.195206582546234131e-01
-4.272342622280120850e-01
-3.935717940330505371e-01
-4.375929236412048340e-01
2.325607091188430786e-02
1.941048353910446167e-01
7.366724014282226562e-01
-5.600523203611373901e-02
-3.398672938346862793e-01
3.428973257541656494e-01
8.164649009704589844e-01
6.628339886665344238e-01
-3.761408627033233643e-01
-2.290857285261154175e-01
-8.539254963397979736e-02
6.037520244717597961e-02
5.006819367408752441e-01
6.826637387275695801e-01
1.755523830652236938e-01
-1.679674908518791199e-02
-1.262447703629732132e-02
-3.347125351428985596e-01
4.861441254615783691e-02
-5.294378995895385742e-01
-2.704755663871765137e-01
1.050026938319206238e-01
-2.011004239320755005e-01
-1.159651577472686768e-02
-1.132561266422271729e-01
-5.726364254951477051e-02
1.182699427008628845e-01
-2.615205645561218262e-01
-3.288738429546356201e-01
5.136162042617797852e-01
8.748110532760620117e-01
3.724893331527709961e-01
3.165241777896881104e-01
-6.873752921819686890e-02
-1.656179428100585938e-01
3.015724197030067444e-02
-9.042584151029586792e-02
7.346606850624084473e-01
5.390787720680236816e-01
1.520647015422582626e-02
2.549789845943450928e-01
4.507017135620117188e-01
4.947002530097961426e-01
3.010832369327545166e-01
4.692933857440948486e-01
2.386345267295837402e-01
4.770455658435821533e-01
-1.243820935487747192e-01
-4.025493860244750977e-01
-7.142859697341918945e-01
-9.565801620483398438e-01
-5.542933344841003418e-01
-4.934537410736083984e-01
-6.598367691040039062e-01
2.202177494764328003e-01
3.096621483564376831e-02
5.065315365791320801e-01
1.329835653305053711e+00
4.130542576313018799e-01
1.745085716247558594e-01
6.647483706474304199e-01
5.896344780921936035e-01
2.233115136623382568e-01
1.383230388164520264e-01
-4.009065628051757812e-01
-5.716542601585388184e-01
-6.395825743675231934e-02
1.634288430213928223e-01
-8.813504129648208618e-03
6.274400353431701660e-01
-7.135034352540969849e-02
3.807989060878753662e-01
6.950110793113708496e-01
5.500997304916381836e-01
3.320106863975524902e-01
2.613110244274139404e-01
-2.077711187303066254e-02
1.283314377069473267e-01
-7.850607037544250488e-01
-4.228819012641906738e-01
6.323588639497756958e-02
-3.007923066616058350e-01
-2.691570520401000977e-01
-3.954320773482322693e-02
2.237791270017623901e-01
3.221104666590690613e-02
-2.326834648847579956e-01
-4.272548854351043701e-01
