8.825499415397644043e-01
-9.054191410541534424e-02
4.766000807285308838e-01
3.483240604400634766e-01
1.461186632513999939e-02
2.859191596508026123e-01
-5.834241583943367004e-02
-5.026798695325851440e-03
-8.714894950389862061e-02
1.019590258598327637e+00
-7.465137541294097900e-02
8.957213163375854492e-02
-3.502632081508636475e-01
-2.636584639549255371e-01
-4.623466134071350098e-01
-4.334176480770111084e-01
-1.043382167816162109e+00
-3.194610774517059326e-01
-1.027853012084960938e+00
1.059672459959983826e-01
-3.584455847740173340e-01
7.157877683639526367e-01
2.187850922346115112e-01
2.762568593025207520e-01
1.167173087596893311e-01
-1.003810688853263855e-01
3.413531780242919922e-01
-7.617080956697463989e-02
6.450725197792053223e-01
-4.751051962375640869e-01
-8.898490667343139648e-02
-8.562710881233215332e-02
-7.227293252944946289e-01
6.709877401590347290e-02
-1.601592451333999634e-01
-1.174539476633071899e-01
-4.140481054782867432e-01
-4.858785867691040039e-01
-5.192819237709045410e-01
-1.528972536325454712e-01
-1.442893743515014648e-01
-1.272205859422683716e-01
2.734844386577606201e-01
7.209204435348510742e-01
2.690372467041015625e-01
9.340831637382507324e-02
-2.064688354730606079e-01
-4.875685572624206543e-01
-5.092443227767944336e-01
-7.811971306800842285e-01
-3.224297165870666504e-01
-1.430652439594268799e-01
-3.439151942729949951e-01
-9.507308155298233032e-02
7.868165373802185059e-01
4.010150581598281860e-02
6.781910359859466553e-02
-6.786601245403289795e-02
9.978434443473815918e-02
-1.877079345285892487e-02
1.518486291170120239e-01
3.630093932151794434e-01
-2.983404994010925293e-01
2.394209057092666626e-01
-3.599718213081359863e-01
-1.024174466729164124e-01
-1.467157751321792603e-01
8.256421238183975220e-02
-8.065780997276306152e-02
2.467658072710037231e-01
2.383386641740798950e-01
4.290087223052978516e-01
3.118380345404148102e-02
-4.707593917846679688e-01
-2.927035391330718994e-01
-5.115506052970886230e-01
-1.882465183734893799e-01
-2.347036004066467285e-01
3.860579058527946472e-02
7.084695994853973389e-02
-2.559829056262969971e-01
-1.632692068815231323e-01
-3.423244059085845947e-01
1.286448091268539429e-01
-2.667266130447387695e-01
-4.422133564949035645e-01
-8.737264275550842285e-01
-1.059107929468154907e-01
-4.820685461163520813e-02
-2.418069839477539062e-01
-4.580595493316650391e-01
-3.535820543766021729e-01
1.989684998989105225e-01
5.635248869657516479e-02
3.082399666309356689e-01
1.312992572784423828e-01
7.867925763130187988e-01
1.000934764742851257e-01
9.618937373161315918e-01
-1.417191177606582642e-01
-3.692012727260589600e-01
-6.893617101013660431e-04
2.715435028076171875e-01
-1.815665066242218018e-01
-4.079248309135437012e-01
7.650221139192581177e-02
-5.792070627212524414e-01
-4.457917064428329468e-02
-1.281001120805740356e-01
-3.398233056068420410e-01
2.697701156139373779e-01
-7.399675250053405762e-02
2.680115401744842529e-01
-3.367553055286407471e-01
3.892709314823150635e-01
3.307157661765813828e-03
-2.473974227905273438e-02
-1.381017267704010010e-01
4.006317257881164551e-01
2.859478890895843506e-01
-2.364799380302429199e-01
-2.946254909038543701e-01
-1.904302835464477539e-01
-2.405411154031753540e-01
-5.296338796615600586e-01
-2.272437065839767456e-01
-4.940678477287292480e-01
-5.469622611999511719e-01
-4.097954332828521729e-01
-2.007860988378524780e-01
-4.256684184074401855e-01
-1.723481714725494385e-02
5.136650800704956055e-02
2.859841883182525635e-01
2.220770865678787231e-01
4.447004199028015137e-02
1.290480196475982666e-01
-9.384173154830932617e-02
-2.607625722885131836e-01
4.490646123886108398e-01
9.215166568756103516e-01
5.016378760337829590e-01
4.836637154221534729e-02
8.251088857650756836e-01
2.237228304147720337e-01
-1.398130357265472412e-01
-3.056839108467102051e-01
-6.212321575731039047e-03
-6.005281209945678711e-01
-6.746933460235595703e-01
-4.783426523208618164e-01
-4.810056984424591064e-01
-1.002078294754028320e+00
-2.066093087196350098e-01
-2.924060225486755371e-01
-1.356607973575592041e-01
-1.270754635334014893e-01
8.486028015613555908e-02
4.594667349010705948e-03
-8.721580356359481812e-02
-2.520683109760284424e-01
-1.217204928398132324e-01
4.409788846969604492e-01
2.822604477405548096e-01
3.373778164386749268e-01
1.473141163587570190e-01
8.068411946296691895e-01
5.251079052686691284e-02
-1.419483684003353119e-02
4.176160395145416260e-01
5.150234699249267578e-02
-1.842765212059020996e-01
-2.309360355138778687e-01
7.435225695371627808e-02
2.368953078985214233e-01
1.584333181381225586e-01
-5.311843752861022949e-02
-2.965545356273651123e-01
-3.241986036300659180e-01
-5.820932388305664062e-01
-2.778880894184112549e-01
1.626145839691162109e-01
2.294658720493316650e-01
5.095278024673461914e-01
-4.064010083675384521e-01
1.078277677297592163e-01
-2.936074137687683105e-01
2.064692415297031403e-02
6.324384808540344238e-01
-1.284514963626861572e-01
-3.226052522659301758e-01
-4.462656378746032715e-01
-2.505050301551818848e-01
-5.815033912658691406e-01
-5.914350226521492004e-02
1.762419380247592926e-02
-7.535503059625625610e-02
5.259624719619750977e-01
1.734728738665580750e-02
-4.859098233282566071e-03
-1.323104649782180786e-01
-5.177209377288818359e-01
-5.355697274208068848e-01
1.549915522336959839e-01
-6.869636178016662598e-01
2.881969325244426727e-02
3.074758648872375488e-01
-1.671550720930099487e-01
4.905145168304443359e-01
-1.260855346918106079e-01
1.706349134445190430e+00
-6.457448005676269531e-01
7.667341828346252441e-02
2.001158893108367920e-01
-6.334292888641357422e-01
1.630513817071914673e-01
-6.115838885307312012e-01
-6.341807842254638672e-01
-4.735268354415893555e-01
-5.757801532745361328e-01
-3.775400817394256592e-01
-1.702302247285842896e-01
-3.523102402687072754e-01
2.838338166475296021e-02
-1.629948467016220093e-01
7.231295704841613770e-01
9.020469337701797485e-02
3.166562691330909729e-02
-2.006321698427200317e-01
1.773341596126556396e-01
-2.816987037658691406e-01
6.250596046447753906e-01
7.924159057438373566e-03
6.661679744720458984e-01
-5.297876596450805664e-01
-2.876680493354797363e-01
7.389212399721145630e-02
-1.002246066927909851e-01
3.219583928585052490e-01
-4.543191492557525635e-01
-5.263766646385192871e-01
-1.752053946256637573e-01
6.172090768814086914e-02
-3.158734738826751709e-01
2.722468078136444092e-01
-3.422043621540069580e-01
-3.357818424701690674e-01
-1.180705428123474121e-02
1.307342946529388428e-01
-4.030566215515136719e-01
2.000032961368560791e-01
-3.314645588397979736e-01
-9.215868115425109863e-01
-3.704124689102172852e-01
-5.685777068138122559e-01
-5.835996866226196289e-01
-7.363387346267700195e-01
-4.900491237640380859e-02
-1.084991469979286194e-01
5.518652796745300293e-01
5.532500147819519043e-01
1.112152040004730225e-01
-1.749496310949325562e-01
-6.128681823611259460e-02
-4.370741844177246094e-01
-2.663051187992095947e-01
-2.641015946865081787e-01
4.771597310900688171e-02
2.782982289791107178e-01
-4.071863740682601929e-02
3.568034991621971130e-02
3.512445688247680664e-01
4.288015663623809814e-01
-5.130383968353271484e-01
-2.684016525745391846e-01
-5.684661269187927246e-01
3.365553021430969238e-01
3.546752035617828369e-01
2.359010130167007446e-01
-9.962202608585357666e-02
-5.550329089164733887e-01
2.433126978576183319e-02
-1.456389278173446655e-01
-7.119853794574737549e-02
1.201802641153335571e-01
4.182991981506347656e-01
-6.948785185813903809e-01
2.496535778045654297e-01
1.917958855628967285e-01
1.231160521507263184e+00
-2.069617509841918945e-01
-8.908672928810119629e-01
-1.124102115631103516e+00
-7.427752614021301270e-01
4.142966270446777344e-01
-3.264731541275978088e-02
-1.080500707030296326e-01
2.194445952773094177e-02
-2.619261145591735840e-01
-4.385781288146972656e-01
-5.905873700976371765e-02
-9.676288813352584839e-02
-2.144618481397628784e-01
-2.265765368938446045e-01
-2.255886793136596680e-02
-3.694308400154113770e-01
9.383806586265563965e-02
-6.477691531181335449e-01
3.683346509933471680e-01
-3.243361413478851318e-01
-3.249226883053779602e-02
-2.281284332275390625e-02
7.834486896172165871e-04
4.304211586713790894e-03
1.945582181215286255e-01
-2.414236664772033691e-01
6.521794199943542480e-01
-4.441469311714172363e-01
-4.346567690372467041e-01
-3.531022071838378906e-01
9.792931675910949707e-01
-2.648786306381225586e-01
-3.425253629684448242e-01
-2.130555063486099243e-01
5.794873237609863281e-01
-6.775488853454589844e-01
-4.282894134521484375e-01
-3.349897563457489014e-01
3.300166875123977661e-02
1.070623621344566345e-01
-5.456125140190124512e-01
3.025515973567962646e-01
5.850026607513427734e-01
-7.140626013278961182e-02
-2.657024264335632324e-01
-2.744308710098266602e-01
-6.686499118804931641e-01
-7.247250676155090332e-01
-1.775575876235961914e-01
-1.125938817858695984e-01
-1.538406610488891602e-01
1.676369905471801758e-01
-4.431613981723785400e-01
4.371634423732757568e-01
-2.523289062082767487e-03
7.692201137542724609e-01
-3.585599958896636963e-01
6.548327207565307617e-02
-2.060047686100006104e-01
-2.267594784498214722e-01
-3.152631819248199463e-01
-3.817312419414520264e-01
7.599645256996154785e-01
-7.084892392158508301e-01
2.678671777248382568e-01
1.039448976516723633e+00
-3.358536362648010254e-01
-8.471428602933883667e-02
3.654957413673400879e-01
-3.612358570098876953e-01
-4.785976707935333252e-01
3.930291533470153809e-01
8.473697118461132050e-03
-2.820456624031066895e-01
-1.023560017347335815e-01
-4.756504297256469727e-01
-2.060069292783737183e-01
1.902485787868499756e-01
2.565554082393646240e-01
-3.162872791290283203e-01
4.796550609171390533e-03
-7.714789360761642456e-02
-1.784021854400634766e-01
9.282577782869338989e-03
-6.022874265909194946e-02
2.637098077684640884e-03
-1.662225425243377686e-01
-3.768373280763626099e-02
-2.513053119182586670e-01
-3.060653507709503174e-01
-4.699217379093170166e-01
-2.725098431110382080e-01
-2.210278064012527466e-02
3.075997233390808105e-01
-4.489701241254806519e-04
4.631152749061584473e-01
1.559321209788322449e-02
3.154849708080291748e-01
8.216016888618469238e-01
2.005836516618728638e-01
7.428754568099975586e-01
-1.944515705108642578e-01
-4.033865034580230713e-02
-3.225921988487243652e-01
-2.675773501396179199e-01
3.685147687792778015e-02
-1.723474562168121338e-01
-4.260158911347389221e-02
-4.449268877506256104e-01
-4.078789949417114258e-01
-1.778799109160900116e-02
-4.019211828708648682e-01
2.026405744254589081e-02
-1.776363611221313477e+00
-5.218377113342285156e-01
-1.879236847162246704e-01
2.087116390466690063e-01
8.375921845436096191e-01
6.745691895484924316e-01
-3.323125243186950684e-01
-4.351565614342689514e-02
-3.078521490097045898e-01
-2.340477108955383301e-01
-4.701198041439056396e-01
8.251017928123474121e-01
-8.986562490463256836e-01
-5.513837337493896484e-01
-1.371272802352905273e+00
-8.538694977760314941e-01
-4.047331213951110840e-01
-8.328393101692199707e-01
-4.433878958225250244e-01
-3.563012182712554932e-01
6.249571442604064941e-01
1.505195498466491699e-01
6.516841650009155273e-01
5.279197096824645996e-01
3.634937107563018799e-01
1.057114720344543457e+00
2.429179847240447998e-03
4.849333763122558594e-01
5.105676054954528809e-01
7.617604732513427734e-02
-4.662133455276489258e-01
1.539603434503078461e-02
-8.711614608764648438e-01
-6.031873226165771484e-01
-3.015645444393157959e-01
-9.966503977775573730e-01
-3.385071456432342529e-01
-5.186343789100646973e-01
-9.299352020025253296e-02
-2.560122311115264893e-01
5.911955237388610840e-02
-1.148980259895324707e-01
-2.811512649059295654e-01
-5.086417794227600098e-01
1.109249517321586609e-01
-4.090161919593811035e-01
8.833857178688049316e-01
5.858522057533264160e-01
3.498134911060333252e-01
9.193972349166870117e-01
-6.712029874324798584e-02
-3.535414934158325195e-01
-1.271742731332778931e-01
-9.610699117183685303e-02
-4.694982171058654785e-01
-8.041276037693023682e-02
-1.830629855394363403e-01
-3.670801222324371338e-01
-5.190151333808898926e-01
-4.953518509864807129e-01
-2.459757775068283081e-01
-3.011890351772308350e-01
-1.445667445659637451e-01
3.315038979053497314e-02
1.355620145797729492e+00
-1.555763632059097290e-01
-4.564037919044494629e-01
-5.865376591682434082e-01
-6.963421106338500977e-01
-2.144034206867218018e-01
3.880065679550170898e-01
-1.664658933877944946e-01
2.530734837055206299e-01
5.295964479446411133e-01
1.758778542280197144e-01
3.280874788761138916e-01
-1.271273661404848099e-02
-1.574254155158996582e+00
-4.922118186950683594e-01
-2.578642591834068298e-02
3.531598746776580811e-01
3.811902999877929688e-01
8.173046708106994629e-01
-1.035902798175811768e-01
-1.505368947982788086e-01
3.748479485511779785e-02
-3.058212697505950928e-01
-7.464302331209182739e-02
-5.955835580825805664e-01
-2.129728496074676514e-01
-6.298118233680725098e-01
-2.650875747203826904e-01
-6.778814196586608887e-01
-3.337211608886718750e-01
-4.034347236156463623e-01
-2.879642546176910400e-01
-2.929783761501312256e-01
-3.162561058998107910e-01
-4.492014050483703613e-01
4.098019003868103027e-02
7.824339866638183594e-01
4.498493298888206482e-02
-1.156066283583641052e-01
2.389517724514007568e-01
5.194959640502929688e-01
-3.205218613147735596e-01
1.110654234886169434e+00
3.168110549449920654e-01
5.053527951240539551e-01
4.811546206474304199e-01
