1.280562132596969604e-01
-1.195565238595008850e-02
1.055424451828002930e+00
7.979758977890014648e-01
2.851352989673614502e-01
2.960283756256103516e-01
-2.282077074050903320e-01
1.998711843043565750e-03
6.648279726505279541e-02
2.498666644096374512e-01
1.982342600822448730e-01
3.806139528751373291e-01
-3.740478754043579102e-01
1.106280088424682617e-01
-4.423590004444122314e-01
1.837085038423538208e-01
-2.904677391052246094e-01
-1.884208470582962036e-01
-1.276528090238571167e-01
-2.069647982716560364e-02
-3.128821253776550293e-01
2.499942183494567871e-01
3.144690990447998047e-01
-3.123530149459838867e-01
4.291572272777557373e-01
-7.949868440628051758e-01
-1.901089102029800415e-01
-2.233156561851501465e-01
-1.007763296365737915e-01
-1.167422011494636536e-01
1.584524512290954590e-01
-4.014841616153717041e-01
-9.890091419219970703e-01
-4.809213876724243164e-01
2.614907920360565186e-01
-3.176579475402832031e-01
-8.875586837530136108e-02
-4.629063308238983154e-01
-7.356684803962707520e-01
-7.490244694054126740e-03
5.133741348981857300e-02
2.574084401130676270e-01
1.025359705090522766e-02
1.276040226221084595e-01
4.706290662288665771e-01
-2.777473330497741699e-01
2.873436082154512405e-03
-1.373909115791320801e+00
-3.802787065505981445e-01
-1.986090987920761108e-01
2.564251720905303955e-01
8.099516630172729492e-01
3.234318792819976807e-01
5.648980140686035156e-01
5.330770015716552734e-01
6.954607963562011719e-01
-4.682767689228057861e-01
2.860206961631774902e-01
-2.661410868167877197e-01
-2.803940474987030029e-01
-6.611711531877517700e-02
5.480554327368736267e-02
-1.034014150500297546e-01
-7.141006737947463989e-02
-4.640932083129882812e-01
3.074699640274047852e-01
-3.334634602069854736e-01
-2.172458320856094360e-01
-2.458271980285644531e-01
-2.197444438934326172e-01
-2.233867198228836060e-01
-3.016906976699829102e-01
4.010843932628631592e-01
-1.713987141847610474e-01
-1.826008260250091553e-01
-3.792113363742828369e-01
-2.639715671539306641e-01
2.144732475280761719e-01
4.127897694706916809e-02
9.504099935293197632e-02
-3.691096603870391846e-01
-3.089061379432678223e-01
-4.025955498218536377e-01
-1.772895455360412598e-02
-2.649674415588378906e-01
-1.204107552766799927e-01
-1.431226078420877457e-02
2.954612970352172852e-01
-5.975089222192764282e-02
-4.761689342558383942e-04
-8.772069215774536133e-02
2.973867580294609070e-03
4.199663698673248291e-01
-5.119868367910385132e-02
7.207710146903991699e-01
2.088693529367446899e-01
-2.832285761833190918e-01
-6.155237555503845215e-01
1.018180027604103088e-01
-9.915320873260498047e-01
-6.457111835479736328e-01
-1.247935369610786438e-02
2.217794954776763916e-01
-2.504102885723114014e-01
-1.325700879096984863e-01
4.527538120746612549e-01
-1.419965028762817383e-01
-9.599544107913970947e-02
1.643728911876678467e-01
-2.365316003561019897e-01
2.517234385013580322e-01
1.012001559138298035e-01
1.172420233488082886e-01
4.190642833709716797e-01
4.113029837608337402e-01
1.830670088529586792e-01
-1.398132562637329102e+00
-9.026349186897277832e-01
-1.274481564760208130e-01
-6.392131745815277100e-02
4.510705918073654175e-02
-1.932007968425750732e-01
3.525814116001129150e-01
1.075385659933090210e-01
3.696336746215820312e-01
-1.577578634023666382e-01
5.221840143203735352e-01
-2.991658449172973633e-01
-3.104437887668609619e-01
-2.013843059539794922e-01
1.146940439939498901e-01
-7.521645724773406982e-02
-2.338484972715377808e-01
3.196328282356262207e-01
-3.689338564872741699e-01
-4.477426707744598389e-01
-5.877053737640380859e-01
-5.788692831993103027e-01
-5.110775232315063477e-01
-5.087260603904724121e-01
-2.070777416229248047e-01
2.484972029924392700e-02
-2.569267898797988892e-02
3.480299711227416992e-01
1.098293736577033997e-01
4.922116100788116455e-01
-1.472174078226089478e-01
-2.270677387714385986e-01
-1.746721863746643066e-01
1.473793387413024902e-01
5.829497054219245911e-02
5.231320858001708984e-01
-3.386047482490539551e-01
9.143407344818115234e-01
3.315839767456054688e-01
2.775260210037231445e-01
-1.054737567901611328e-01
-2.920491099357604980e-01
4.364981353282928467e-01
-6.648483872413635254e-02
-1.477206796407699585e-01
-4.659506678581237793e-01
-2.770057022571563721e-01
-1.596467792987823486e-01
3.674867749214172363e-01
5.963982343673706055e-01
-6.785346269607543945e-01
-7.684847712516784668e-01
-1.081023454666137695e+00
-1.716015577316284180e+00
-4.092854261398315430e-01
-2.937449812889099121e-01
3.860544413328170776e-02
-3.117835223674774170e-01
-4.579785093665122986e-02
5.087515115737915039e-01
1.001439929008483887e+00
-3.015276193618774414e-01
-3.269539177417755127e-01
2.786588668823242188e-01
1.526089608669281006e-01
1.151103973388671875e+00
-1.167184934020042419e-01
-1.359509378671646118e-01
-5.569143295288085938e-01
1.983641535043716431e-01
-2.092699892818927765e-02
-5.900399014353752136e-02
-1.696553975343704224e-01
2.165421992540359497e-01
8.178201317787170410e-01
-3.441692888736724854e-01
-5.204005241394042969e-01
-3.046349585056304932e-01
-2.934187650680541992e-01
-4.224171638488769531e-01
2.335479669272899628e-02
6.199470162391662598e-01
7.339227795600891113e-01
3.700038492679595947e-01
9.964033365249633789e-01
2.847186625003814697e-01
-1.025524735450744629e+00
-3.309598937630653381e-02
-1.061187028884887695e+00
-2.296277284622192383e-01
-5.120972990989685059e-01
-2.331266850233078003e-01
-6.628786921501159668e-01
-3.262570798397064209e-01
1.026107147336006165e-01
8.315349370241165161e-02
-4.279235005378723145e-01
-2.396929860115051270e-01
-4.104684665799140930e-02
8.347529172897338867e-02
-2.460552006959915161e-01
3.711078763008117676e-01
-4.926306009292602539e-01
4.210740029811859131e-01
-3.922177851200103760e-01
-1.551658809185028076e-01
-3.293222486972808838e-01
5.936705470085144043e-01
1.005201600492000580e-02
-2.055560946464538574e-01
-1.987098008394241333e-01
-3.839375674724578857e-01
9.997601807117462158e-02
1.475778669118881226e-01
-3.369983136653900146e-01
3.023360073566436768e-01
5.944626331329345703e-01
1.059833645820617676e+00
-5.742757916450500488e-01
-9.845880270004272461e-01
-4.896269738674163818e-01
-5.745078623294830322e-02
6.395834684371948242e-01
1.434000022709369659e-02
1.908381730318069458e-01
-1.834400892257690430e-01
-3.812805712223052979e-01
-3.684656322002410889e-01
4.060194790363311768e-01
1.130375359207391739e-02
-3.443328738212585449e-01
-3.587741255760192871e-01
-1.036753058433532715e-01
-7.179929018020629883e-01
-3.049922287464141846e-01
-4.418040215969085693e-01
1.821185946464538574e-01
-3.041259944438934326e-01
-1.461688578128814697e-01
-1.696572601795196533e-01
5.821676850318908691e-01
-6.148535013198852539e-01
-3.658887147903442383e-01
-6.981606036424636841e-02
-4.801326431334018707e-03
-2.882322371006011963e-01
-2.466519474983215332e-01
-3.608740568161010742e-01
-2.397693544626235962e-01
4.911047816276550293e-01
6.074769794940948486e-02
1.380599886178970337e-01
2.397104352712631226e-01
1.205592513084411621e+00
-5.904427170753479004e-01
-2.095891386270523071e-01
-2.852130234241485596e-01
-1.223965436220169067e-01
1.280547976493835449e-01
2.157073020935058594e-01
-1.799339503049850464e-01
-2.657691240310668945e-01
-3.826171457767486572e-01
-1.723801903426647186e-02
-3.073331713676452637e-01
4.399674534797668457e-01
-2.901747524738311768e-01
-2.425488084554672241e-01
3.918133378028869629e-01
-2.111518383026123047e-01
-2.098392695188522339e-01
-1.152599453926086426e-01
-2.331441733986139297e-03
-3.424924314022064209e-01
-2.127601504325866699e-01
1.898248563520610332e-03
-2.698467969894409180e-01
-1.302944570779800415e-01
-1.076621934771537781e-02
4.532347917556762695e-01
-2.386513650417327881e-01
-7.120170630514621735e-03
1.322829443961381912e-02
-5.610767006874084473e-02
-3.710365295410156250e-01
3.360420465469360352e-01
-4.790899753570556641e-01
-3.702915310859680176e-01
1.507203932851552963e-02
3.061727285385131836e-01
1.391811519861221313e-01
-3.272488415241241455e-01
-3.975717350840568542e-02
-1.347580552101135254e-01
-2.317246645689010620e-01
5.644273161888122559e-01
-4.038897156715393066e-01
-4.560600817203521729e-01
-5.076409131288528442e-02
-2.126655727624893188e-01
2.057046294212341309e-01
7.337633520364761353e-03
-2.653320133686065674e-01
-1.011239409446716309e+00
1.701123714447021484e-01
-4.864400625228881836e-01
1.107856333255767822e-01
-3.621200621128082275e-01
3.326010406017303467e-01
-3.820428848266601562e-01
-2.876350283622741699e-01
2.456675469875335693e-01
-5.557473748922348022e-02
-5.128756165504455566e-02
2.667288295924663544e-03
2.167092114686965942e-01
2.373884618282318115e-01
-8.257167041301727295e-02
3.175213038921356201e-01
-7.010402530431747437e-02
5.821790173649787903e-02
-1.725655496120452881e-01
7.951439023017883301e-01
-6.458728760480880737e-02
-4.656884372234344482e-01
-1.660149395465850830e-01
-1.448743790388107300e-02
-1.455461233854293823e-01
-1.421944051980972290e-01
-5.208966135978698730e-01
-7.483823895454406738e-01
-2.339823693037033081e-01
-2.778252363204956055e-01
1.016678586602210999e-01
-2.191998064517974854e-01
-5.495904013514518738e-02
-6.326032429933547974e-02
2.739616036415100098e-01
-8.242196589708328247e-02
3.932099044322967529e-01
-5.627474188804626465e-02
5.575274229049682617e-01
-3.304415941238403320e-02
2.536381185054779053e-01
-1.921886578202247620e-02
4.838584959506988525e-01
1.273221969604492188e-01
-4.412518441677093506e-01
-1.909476667642593384e-01
1.395445764064788818e-01
-5.719338655471801758e-01
2.563176453113555908e-01
-2.340410798788070679e-01
-4.695663452148437500e-01
-1.879964470863342285e-01
-2.553576231002807617e-01
-3.086177706718444824e-01
-1.740997433662414551e-01
-8.407413959503173828e-02
-7.138391584157943726e-02
2.691628932952880859e-01
1.956820338964462280e-01
-2.363272756338119507e-01
-1.984584331512451172e-01
-3.142932951450347900e-01
-9.149061143398284912e-02
9.183496832847595215e-01
4.890708923339843750e-01
1.318767666816711426e+00
-3.335912823677062988e-01
-5.053319409489631653e-02
-1.701669096946716309e-01
1.405662596225738525e-01
1.700370609760284424e-01
2.173355817794799805e-01
8.077026009559631348e-01
-1.599331647157669067e-01
2.763403952121734619e-01
-9.278243035078048706e-02
-7.126003503799438477e-01
1.011221334338188171e-01
-3.324398994445800781e-01
-7.067053318023681641e-01
-1.081343531608581543e+00
-5.099926590919494629e-01
-1.910442560911178589e-01
-2.832382023334503174e-01
-5.800393968820571899e-02
-2.842279970645904541e-01
-3.914160728454589844e-01
-6.390922516584396362e-02
-4.396874606609344482e-01
-4.821232259273529053e-01
5.228136181831359863e-01
-3.209861740469932556e-02
4.132641851902008057e-01
5.627142190933227539e-01
9.925287961959838867e-01
2.003624737262725830e-01
-1.901289913803339005e-03
2.991483807563781738e-01
-3.975555002689361572e-01
-1.014145612716674805e-01
-1.399545431137084961e+00
-1.292168378829956055e+00
-7.278465032577514648e-01
-1.521689146757125854e-01
2.348224073648452759e-01
2.110715359449386597e-01
5.222138762474060059e-01
1.168559789657592773e+00
2.581262290477752686e-01
4.030212759971618652e-01
-6.286987066268920898e-01
-4.788404703140258789e-01
-6.605153083801269531e-01
-1.092076897621154785e+00
-1.346073389053344727e+00
-1.718149930238723755e-01
-2.028191804885864258e+00
-8.384914994239807129e-01
-1.977195739746093750e-01
8.963037133216857910e-01
9.301742911338806152e-01
5.439226627349853516e-01
-2.668073773384094238e-01
2.859353423118591309e-01
6.084210053086280823e-02
6.562688946723937988e-01
-2.248902320861816406e-01
-5.418485999107360840e-01
-2.237595468759536743e-01
-1.423848271369934082e-01
-4.294269382953643799e-01
-9.224395453929901123e-02
-9.577737003564834595e-02
-1.884376704692840576e-01
-2.435473054647445679e-01
2.358853816986083984e-01
-3.325650393962860107e-01
-2.113097012042999268e-01
-5.957534909248352051e-02
3.261107504367828369e-01
2.126897573471069336e-01
-2.937871217727661133e-01
-1.921515911817550659e-01
3.249754607677459717e-01
-3.531965017318725586e-01
1.078223064541816711e-02
7.116494178771972656e-01
1.921537891030311584e-02
5.950587391853332520e-01
3.931323587894439697e-01
-1.778377890586853027e-01
1.059459075331687927e-01
-3.054699897766113281e-01
1.429187506437301636e-01
2.425148636102676392e-01
-1.880982518196105957e-01
-9.108335375785827637e-01
-1.028717637062072754e+00
-1.904339432716369629e+00
-1.094602584838867188e+00
-3.993557691574096680e-01
-4.539166986942291260e-01
-1.811349391937255859e-02
-3.133165463805198669e-02
5.876385569572448730e-01
5.031951665878295898e-01
6.342675685882568359e-01
-2.301855087280273438e-01
1.505889296531677246e-01
-1.065546497702598572e-01
2.628608644008636475e-01
3.877278789877891541e-02
-1.249005347490310669e-01
6.197574734687805176e-02
-1.584258824586868286e-01
4.762064814567565918e-01
-3.334218263626098633e-01
-5.360950231552124023e-01
-1.435198783874511719e-01
-3.078467845916748047e-01
-3.912080228328704834e-01
7.091502547264099121e-01
1.677449196577072144e-01
-5.704084783792495728e-02
3.147384226322174072e-01
-2.304289191961288452e-01
3.909253329038619995e-02
9.538840055465698242e-01
-1.453998237848281860e-01
-4.835278093814849854e-01
-4.813200235366821289e-01
-3.932418674230575562e-02
-1.074034571647644043e+00
-1.338755935430526733e-01
