2.020501494407653809e-01
3.515209257602691650e-01
-2.077572047710418701e-02
1.308022141456604004e-01
7.812710851430892944e-02
2.984737157821655273e-01
4.885859787464141846e-01
-3.124287351965904236e-02
8.474180698394775391e-01
2.136885225772857666e-01
-3.991729617118835449e-01
-3.308176994323730469e-01
-4.964685812592506409e-02
9.138286858797073364e-02
-1.290752768516540527e+00
-9.406891465187072754e-01
-2.025083452463150024e-01
-4.145826697349548340e-01
-2.819846272468566895e-01
-2.550901472568511963e-01
4.974163174629211426e-01
1.875039041042327881e-01
-5.519484356045722961e-02
2.016674727201461792e-01
-1.161710321903228760e-01
-1.831736974418163300e-02
4.339734837412834167e-02
6.388582587242126465e-01
2.405959516763687134e-01
9.993143677711486816e-01
-2.829057276248931885e-01
-1.401957869529724121e-01
-4.937269389629364014e-01
-9.097745418548583984e-01
-3.117527067661285400e-01
4.166685640811920166e-01
-2.806139886379241943e-01
-3.302938342094421387e-01
-2.608914971351623535e-01
1.361410468816757202e-01
3.892761468887329102e-01
1.796627938747406006e-01
-2.785533964633941650e-01
2.679000496864318848e-01
-2.193311750888824463e-01
-6.254202127456665039e-01
-2.003652751445770264e-01
2.073455303907394409e-01
4.461525380611419678e-01
-3.583599030971527100e-01
-3.098165094852447510e-01
5.277935862541198730e-01
3.664435818791389465e-02
-2.086332887411117554e-01
-1.457180827856063843e-01
-1.825323700904846191e-01
-2.079850733280181885e-01
-7.525437474250793457e-01
-3.188138827681541443e-03
-1.908228546380996704e-01
-2.344981767237186432e-02
2.713108360767364502e-01
2.770460247993469238e-01
-2.398020029067993164e-01
-1.440034210681915283e-01
-4.361192584037780762e-01
2.286920845508575439e-01
5.046576261520385742e-01
2.125162184238433838e-01
7.167968153953552246e-01
3.405962511897087097e-02
-1.064359582960605621e-02
-1.897828280925750732e-01
9.921332448720932007e-02
7.099197506904602051e-01
-1.000327393412590027e-01
-6.611132621765136719e-01
-6.090179681777954102e-01
2.964592874050140381e-01
1.971024423837661743e-01
1.141848638653755188e-01
1.945409327745437622e-01
-1.395617365837097168e+00
-4.330335259437561035e-01
-4.185006618499755859e-01
7.875690609216690063e-02
-6.019576638936996460e-02
-7.775087654590606689e-02
-1.283303499221801758e-01
-2.340427488088607788e-01
-9.442516416311264038e-02
-6.231665611267089844e-01
-1.026597619056701660e+00
-3.645083680748939514e-02
-6.269137561321258545e-02
5.401678085327148438e-01
-1.498460322618484497e-01
2.119159698486328125e-01
2.029090374708175659e-01
5.767670869827270508e-01
-7.631751149892807007e-02
-2.746202982962131500e-02
-5.745835304260253906e-01
9.131394028663635254e-01
3.215308189392089844e-01
5.425456762313842773e-01
5.066841244697570801e-01
-3.191921114921569824e-01
-4.273899644613265991e-02
-3.774982318282127380e-02
5.648317337036132812e-01
6.198781132698059082e-01
-1.084161281585693359e+00
-1.402703762054443359e+00
6.936746835708618164e-02
-2.495857179164886475e-01
-1.632357574999332428e-02
9.462166577577590942e-03
1.206363812088966370e-01
-1.201019883155822754e-01
-4.875774085521697998e-01
4.518856108188629150e-02
-6.565248370170593262e-01
1.737061589956283569e-01
-1.979698240756988525e-02
-4.809600114822387695e-01
-4.483886659145355225e-01
1.703993827104568481e-01
-2.892155945301055908e-01
-1.552612185478210449e-01
-8.375088870525360107e-02
5.301623139530420303e-03
7.218807935714721680e-01
9.223647713661193848e-01
7.140964865684509277e-01
-5.687112808227539062e-01
-3.982724249362945557e-01
-1.799414902925491333e-01
-2.613571286201477051e-01
-4.668870866298675537e-01
-5.741965174674987793e-01
-7.023733854293823242e-01
2.675764821469783783e-02
-1.130191516131162643e-02
5.097087025642395020e-01
1.768002957105636597e-01
-1.393629312515258789e-01
5.040660500526428223e-01
3.985979855060577393e-01
2.205692529678344727e-01
3.210855424404144287e-01
-4.892722889780998230e-02
-2.395639717578887939e-01
1.978433579206466675e-01
-6.131887435913085938e-01
8.701484650373458862e-02
-4.653187692165374756e-01
-1.998191699385643005e-02
5.619379132986068726e-02
-1.980435550212860107e-01
-3.186883926391601562e-01
-4.910084307193756104e-01
1.036501228809356689e-01
5.347179248929023743e-04
1.398903280496597290e-01
7.246709614992141724e-02
2.079397737979888916e-01
-3.975071609020233154e-01
-1.859400570392608643e-01
-3.567558154463768005e-02
4.187602996826171875e-01
-8.942010998725891113e-02
-1.733861118555068970e-01
7.335315346717834473e-01
1.700828671455383301e-01
5.598365664482116699e-01
-8.909837156534194946e-02
-2.586334049701690674e-01
-1.079123854637145996e+00
-1.045863851904869080e-01
-6.712576150894165039e-01
-4.404608625918626785e-04
2.359156608581542969e-01
-2.835444509983062744e-01
2.837107181549072266e-01
3.308128118515014648e-01
5.770958662033081055e-01
-3.271360099315643311e-01
4.803682565689086914e-01
-2.171227484941482544e-01
-3.589852154254913330e-01
-4.776121079921722412e-01
7.995668053627014160e-01
-2.985850274562835693e-01
2.507990002632141113e-01
1.484968811273574829e-01
-1.890039741992950439e-01
-4.713175296783447266e-01
-2.234785705804824829e-01
-1.188887655735015869e-02
-3.434074223041534424e-01
2.794477939605712891e-01
-1.296405643224716187e-01
-5.930882096290588379e-01
3.893336355686187744e-01
-3.198475241661071777e-01
9.815863519906997681e-02
2.321197390556335449e-01
-1.625241786241531372e-01
-7.332293689250946045e-02
-6.325304508209228516e-01
-1.713779419660568237e-01
7.555881887674331665e-02
2.687338739633560181e-03
9.272001981735229492e-01
2.326391637325286865e-01
7.603307254612445831e-03
4.059366583824157715e-01
-4.308935999870300293e-01
3.330233693122863770e-01
-6.856819987297058105e-01
-3.155619502067565918e-01
2.361584305763244629e-01
-1.775512844324111938e-01
-3.824568986892700195e-01
-7.504807114601135254e-01
-6.569603681564331055e-01
1.164842545986175537e-01
-3.274437785148620605e-01
-4.171637296676635742e-01
3.796372711658477783e-01
-4.994453489780426025e-02
2.294524163007736206e-01
-1.026617810130119324e-01
1.563317775726318359e-01
5.828299522399902344e-01
1.023269668221473694e-01
-4.118966683745384216e-02
4.815455973148345947e-01
3.383155465126037598e-01
-3.676937520503997803e-01
1.558519154787063599e-01
-3.019491136074066162e-01
2.137347459793090820e-01
-1.202805116772651672e-01
8.663658797740936279e-02
-3.089365065097808838e-01
-6.771988868713378906e-01
-7.469670176506042480e-01
5.831462144851684570e-02
-9.775194525718688965e-01
6.872759014368057251e-02
-3.304892480373382568e-01
-1.675819456577301025e-01
-4.445759057998657227e-01
3.286946564912796021e-02
1.898344978690147400e-02
4.125947654247283936e-01
1.454748678952455521e-02
1.570785418152809143e-02
-3.936327695846557617e-01
-2.193199992179870605e-01
2.089280337095260620e-01
2.136863768100738525e-01
-8.180602788925170898e-01
-8.463771343231201172e-01
5.693903565406799316e-01
7.548043727874755859e-01
9.049941301345825195e-01
7.169269323348999023e-01
-4.822999835014343262e-01
-5.366604030132293701e-02
-6.944568594917654991e-04
-3.337763547897338867e-01
3.394996821880340576e-01
4.598476290702819824e-01
-1.541736841201782227e+00
-5.114930868148803711e-01
1.920865178108215332e-01
1.202289089560508728e-01
4.243294298648834229e-01
-5.340084433555603027e-01
2.737652659416198730e-01
-2.228844016790390015e-01
-1.712422370910644531e-01
4.942953884601593018e-01
-2.187581658363342285e-01
1.230828836560249329e-01
-3.549452722072601318e-01
1.601659953594207764e-01
-7.615972757339477539e-01
-3.626509010791778564e-01
-4.428599476814270020e-01
-4.584397375583648682e-01
-9.304010868072509766e-01
2.231164574623107910e-01
-4.924759864807128906e-01
2.146594785153865814e-02
3.011149466037750244e-01
1.072451114654541016e+00
2.949113547801971436e-01
-7.956246845424175262e-04
6.924251317977905273e-01
-2.854027152061462402e-01
-1.579204350709915161e-01
-7.639886140823364258e-01
-1.575520187616348267e-01
3.833572864532470703e-01
1.324823126196861267e-02
-4.071300625801086426e-01
5.043603181838989258e-01
-1.418990343809127808e-01
-1.279911994934082031e-01
-2.931050024926662445e-02
1.186378598213195801e+00
-1.551859825849533081e-01
7.853456139564514160e-01
-4.167381227016448975e-01
-4.053585231304168701e-01
-5.245566368103027344e-01
-8.004023432731628418e-01
3.877346217632293701e-01
-6.332725286483764648e-01
2.411753088235855103e-01
-5.409450531005859375e-01
-2.770280092954635620e-02
-2.978217005729675293e-01
-2.291871905326843262e-01
4.725903868675231934e-01
-3.819214999675750732e-01
-1.770420745015144348e-02
-9.924840331077575684e-01
-1.003129035234451294e-01
-2.611381113529205322e-01
-2.076327800750732422e-02
3.050967454910278320e-01
-4.690810739994049072e-01
7.377915829420089722e-02
-2.819898724555969238e-01
5.804660320281982422e-01
2.364810854196548462e-01
-3.379123806953430176e-01
8.049263358116149902e-01
2.740690112113952637e-01
3.300384581089019775e-01
1.556581705808639526e-01
-1.148899272084236145e-01
4.096245765686035156e-02
6.542453914880752563e-02
5.622366070747375488e-01
-1.218057423830032349e-01
-2.317067682743072510e-01
2.367490530014038086e-01
1.602857261896133423e-01
-3.128421008586883545e-01
-7.698353379964828491e-02
6.578664183616638184e-01
-4.725165665149688721e-01
-2.813366055488586426e-01
-2.785403132438659668e-01
-7.277279347181320190e-02
-5.185192227363586426e-01
-1.926932930946350098e-01
-7.552930712699890137e-02
-1.124005556106567383e+00
-1.190344572067260742e+00
-6.712842583656311035e-01
-7.720960974693298340e-01
-2.025061398744583130e-01
3.012162446975708008e-01
9.936544299125671387e-01
8.622522950172424316e-01
5.247455835342407227e-01
3.427153229713439941e-01
7.866712808609008789e-01
7.767817378044128418e-01
4.322422742843627930e-01
3.427917063236236572e-01
-3.730111718177795410e-01
-5.714963078498840332e-01
-2.218693643808364868e-01
-1.886984854936599731e-01
-3.803175091743469238e-01
1.926349401473999023e-01
-2.566554546356201172e-01
-1.575217545032501221e-01
3.489505350589752197e-01
-7.403273880481719971e-02
1.558951288461685181e-01
-1.277122348546981812e-01
1.977249514311552048e-03
5.220499262213706970e-02
-1.528689712285995483e-01
-4.367257058620452881e-01
-2.982510626316070557e-01
2.671895027160644531e-01
-4.600075483322143555e-01
6.554124951362609863e-01
-1.448407769203186035e-01
-4.351808726787567139e-01
-3.917919993400573730e-01
1.175501942634582520e-01
-8.085060715675354004e-01
-5.025765299797058105e-01
-9.453783631324768066e-01
2.182661443948745728e-01
2.583415210247039795e-01
9.756171107292175293e-01
5.528471469879150391e-01
1.031509399414062500e+00
1.493820995092391968e-01
-7.393559068441390991e-02
5.647872686386108398e-01
-2.271983958780765533e-02
2.145526111125946045e-01
-2.552026510238647461e-01
-4.261313676834106445e-01
-3.981653749942779541e-01
-3.184749782085418701e-01
-1.544426232576370239e-01
-8.828647732734680176e-01
-1.979541182518005371e-01
-5.298944711685180664e-01
2.699328064918518066e-01
3.944987058639526367e-01
-2.260882854461669922e-01
-1.922210901975631714e-01
-2.259457558393478394e-01
-6.295694708824157715e-01
4.590016305446624756e-01
-1.957881748676300049e-01
-3.605615198612213135e-01
1.062294363975524902e+00
7.325392961502075195e-01
8.414481282234191895e-01
3.679361939430236816e-01
-5.875009298324584961e-01
-3.439680635929107666e-01
-1.282383650541305542e-01
-7.231284976005554199e-01
4.158525764942169189e-01
-2.557086944580078125e-01
-4.537566304206848145e-01
6.371546983718872070e-01
7.944710552692413330e-02
7.881045937538146973e-01
1.891211420297622681e-01
-2.119950205087661743e-01
-1.745462417602539062e-01
-4.885854125022888184e-01
-1.233788609504699707e+00
-8.147776126861572266e-01
3.795445859432220459e-01
-2.925581037998199463e-01
1.762892603874206543e-01
5.014124792069196701e-03
1.606410145759582520e-01
-2.277560830116271973e-01
7.677977532148361206e-02
-3.209549933671951294e-02
8.938723206520080566e-01
1.759485155344009399e-02
-1.501364111900329590e-01
-2.923765182495117188e-01
-1.173289120197296143e-01
-4.473671317100524902e-01
2.817659378051757812e-01
4.964511394500732422e-01
4.106493890285491943e-01
-1.709860712289810181e-01
-5.767673850059509277e-01
4.724428355693817139e-01
-7.896929383277893066e-01
-6.386072933673858643e-02
-2.693671882152557373e-01
-3.726648688316345215e-01
-5.343594551086425781e-01
-1.556425727903842926e-02
1.208587922155857086e-02
8.767912983894348145e-01
4.532500803470611572e-01
8.571340143680572510e-02
5.495882630348205566e-01
4.141417741775512695e-01
-4.423238039016723633e-01
-1.692109107971191406e-01
1.231562718749046326e-02
-8.687661886215209961e-01
-4.175737500190734863e-01
-2.530796527862548828e-01
-3.007789850234985352e-01
5.370107889175415039e-01
-4.202690124511718750e-01
-1.256778985261917114e-01
1.739315688610076904e-02
1.560013294219970703e-01
3.866880536079406738e-01
-4.288525581359863281e-01
2.179047912359237671e-01
-1.467815786600112915e-01
6.124250218272209167e-02
-1.777381449937820435e-01
-3.643493056297302246e-01
1.444298923015594482e-01
2.528313361108303070e-02
-5.101013779640197754e-01
4.802406430244445801e-01
9.084053337574005127e-02
3.166216611862182617e-01
-5.450129508972167969e-02
-4.481666088104248047e-01
2.571355104446411133e-01
-6.441888809204101562e-01
