6.740612983703613281e-01
-1.915456503629684448e-01
2.146551460027694702e-01
-1.103867292404174805e-01
-3.193511441349983215e-02
-2.700369358062744141e-01
-2.401498258113861084e-01
-3.749071657657623291e-01
1.595537662506103516e-01
1.484600007534027100e-01
2.091350965201854706e-02
1.287710815668106079e-01
9.808901548385620117e-01
-7.159767150878906250e-01
4.518194124102592468e-03
-1.274659484624862671e-01
6.283441931009292603e-02
-2.321799993515014648e-01
2.177596539258956909e-01
1.887432485818862915e-01
-4.833882451057434082e-01
2.649683952331542969e-01
-5.187492966651916504e-01
1.871559768915176392e-01
3.078368306159973145e-01
4.362740516662597656e-01
7.005078345537185669e-02
-7.354459166526794434e-02
-1.691766083240509033e-01
-6.535339951515197754e-01
-3.594481647014617920e-01
9.826526641845703125e-01
-4.664557874202728271e-01
2.701619267463684082e-02
1.398372292518615723e+00
-6.064873337745666504e-01
2.548599243164062500e-01
-2.849580347537994385e-01
-8.454992175102233887e-01
8.676953911781311035e-01
-2.849524915218353271e-01
-1.678766608238220215e+00
5.115367770195007324e-01
1.243746280670166016e+00
-4.099151119589805603e-02
-1.715374141931533813e-01
4.610539078712463379e-01
7.154303789138793945e-01
-6.101114749908447266e-01
-7.351403832435607910e-01
2.048403322696685791e-01
-1.456496864557266235e-01
6.399667263031005859e-01
-2.868597209453582764e-01
-1.018050312995910645e+00
-8.050730824470520020e-01
-1.595294475555419922e-01
-5.310287233442068100e-04
5.089820623397827148e-01
-3.712133765220642090e-01
3.664121627807617188e-01
-4.884572029113769531e-01
-8.468971252441406250e-01
-1.783042997121810913e-01
4.124474525451660156e-01
-1.947442293167114258e-01
-1.672905534505844116e-01
6.931738853454589844e-01
1.487935185432434082e+00
1.217497289180755615e-01
-3.970156311988830566e-01
8.553601801395416260e-03
3.811686635017395020e-01
2.921401262283325195e-01
-5.745711922645568848e-01
1.638269275426864624e-01
-7.314050793647766113e-01
5.383520387113094330e-03
4.167641401290893555e-01
-1.590452343225479126e-02
-7.294272780418395996e-01
-6.390285491943359375e-01
-2.773165404796600342e-01
-2.987153232097625732e-01
1.085522770881652832e+00
1.178194284439086914e-01
8.754620701074600220e-02
-1.485553979873657227e-01
5.985540151596069336e-01
3.351866900920867920e-01
-2.038186639547348022e-01
4.963549226522445679e-02
5.622845292091369629e-01
-1.166131049394607544e-01
-5.386808514595031738e-01
-8.387985080480575562e-02
-7.650445103645324707e-01
8.343521952629089355e-01
-6.615509986877441406e-01
-6.942250132560729980e-01
1.414704471826553345e-01
7.670435123145580292e-03
6.333343386650085449e-01
-8.510997295379638672e-01
3.269894421100616455e-01
3.786886930465698242e-01
-1.861774325370788574e-01
2.941352128982543945e-02
9.261355549097061157e-02
5.649451911449432373e-02
-1.149224758148193359e+00
-8.970835804939270020e-02
1.205350086092948914e-01
-4.687059819698333740e-01
1.692887306213378906e+00
7.622076272964477539e-01
-3.659585118293762207e-01
-6.157577037811279297e-01
7.102293968200683594e-01
-5.823534131050109863e-01
-3.003968894481658936e-01
1.813677847385406494e-01
3.819655776023864746e-01
2.571824491024017334e-01
-1.071046590805053711e+00
3.193920850753784180e-01
2.574190497398376465e-01
-6.593438386917114258e-01
5.380914732813835144e-02
4.340820312500000000e-01
-1.351875662803649902e-01
-2.121465206146240234e-01
-8.080539107322692871e-02
2.583011388778686523e-01
-3.780092298984527588e-01
-1.694323420524597168e-01
7.263121008872985840e-01
-9.972442984580993652e-01
-1.392974052578210831e-02
-1.125306561589241028e-01
-8.528897762298583984e-01
2.088400721549987793e-01
4.626619219779968262e-01
-2.479944974184036255e-01
6.130570173263549805e-01
7.244397997856140137e-01
-1.580206871032714844e+00
3.295596361160278320e+00
6.651391983032226562e-01
-9.262441396713256836e-01
3.459976613521575928e-01
-1.656654715538024902e+00
-9.912217501550912857e-04
1.275944471359252930e+00
-8.666900396347045898e-01
-5.903791189193725586e-01
1.411942362785339355e+00
7.457180321216583252e-02
-1.862613856792449951e-01
3.518908917903900146e-01
-1.408597469329833984e+00
-5.047874897718429565e-02
1.157594621181488037e-01
-1.363209843635559082e+00
-6.002177000045776367e-01
-3.799090683460235596e-01
-6.331827044486999512e-01
-4.562355577945709229e-01
2.859673500061035156e-01
4.776920676231384277e-01
2.096084952354431152e-01
-3.450827002525329590e-01
-2.206112295389175415e-01
8.738203048706054688e-01
-9.078555703163146973e-01
-7.328469753265380859e-01
1.003956794738769531e+00
-2.803335189819335938e-01
3.082308359444141388e-02
8.922799825668334961e-01
-3.637842535972595215e-01
3.149709403514862061e-01
2.364388555288314819e-01
-3.416440486907958984e-01
-1.260021477937698364e-01
4.662680625915527344e-01
4.398591816425323486e-01
-8.118643611669540405e-02
1.876396536827087402e-01
-1.078801274299621582e+00
2.938860952854156494e-01
-5.130625963211059570e-01
-1.132895722985267639e-01
1.160535495728254318e-02
2.332442402839660645e-01
2.337502539157867432e-01
-3.601352274417877197e-01
-3.769170641899108887e-01
-1.084774732589721680e-01
-4.088714718818664551e-01
3.032205998897552490e-01
5.958476662635803223e-01
-6.029668450355529785e-01
1.430448055267333984e+00
1.529561728239059448e-01
-4.179163277149200439e-01
-6.679146736860275269e-02
-1.076968312263488770e+00
-7.708040475845336914e-01
8.388551473617553711e-01
1.668370068073272705e-01
-3.363956883549690247e-02
5.782327055931091309e-01
2.422521412372589111e-01
-2.171147912740707397e-01
7.143595218658447266e-01
-1.056683287024497986e-01
4.489960372447967529e-01
9.538237452507019043e-01
-7.108937501907348633e-01
-7.134719491004943848e-01
-1.189509704709053040e-01
-8.198169469833374023e-01
4.018417373299598694e-02
-4.522475004196166992e-01
-3.621692359447479248e-01
2.750672101974487305e-01
3.767390549182891846e-01
-4.056541323661804199e-01
7.117740064859390259e-02
-3.215891122817993164e-01
1.140761226415634155e-01
3.914574086666107178e-01
-6.190958023071289062e-01
3.546697497367858887e-01
-5.005322694778442383e-01
1.708731502294540405e-01
-2.396726235747337341e-02
-4.524201154708862305e-01
-2.682414054870605469e-01
4.456644654273986816e-01
-1.957595944404602051e-01
5.205630064010620117e-01
5.529141798615455627e-02
2.122103273868560791e-01
3.782124221324920654e-01
2.787919640541076660e-01
-8.897981047630310059e-02
1.393267750740051270e+00
2.212537676095962524e-01
4.443994164466857910e-01
3.568271696567535400e-01
-5.871558785438537598e-01
6.233383417129516602e-01
-1.290974617004394531e-01
2.028589248657226562e-01
-1.091784238815307617e+00
-1.110974311828613281e+00
-4.303417205810546875e-01
-8.280453085899353027e-01
-3.310073018074035645e-01
-1.517629995942115784e-02
5.725038647651672363e-01
-3.756161332130432129e-01
1.878229677677154541e-01
7.335937768220901489e-02
2.961408793926239014e-01
2.281526327133178711e-01
2.489296048879623413e-01
1.706049442291259766e-01
2.118868380784988403e-01
6.467844843864440918e-01
-3.155699074268341064e-01
-5.440720319747924805e-01
-7.589722424745559692e-02
-4.211653769016265869e-01
-4.854981005191802979e-01
7.978765368461608887e-01
-1.998994052410125732e-01
-9.907605051994323730e-01
2.052661925554275513e-01
-1.129366278648376465e+00
-1.182764396071434021e-01
-1.087975621223449707e+00
6.238688230514526367e-01
-9.848576784133911133e-02
8.718197345733642578e-01
-6.187411770224571228e-02
9.571945667266845703e-01
-7.498494386672973633e-01
3.930205106735229492e-01
-1.443916857242584229e-01
5.970581173896789551e-01
9.827499389648437500e-01
4.416578635573387146e-02
3.530682623386383057e-01
1.112111359834671021e-01
-4.362798631191253662e-01
2.538898885250091553e-01
-1.271682381629943848e+00
3.973599374294281006e-01
-1.737302392721176147e-01
-5.296389460563659668e-01
1.078061223030090332e+00
-3.525869846343994141e-01
3.369678184390068054e-02
-8.909356594085693359e-01
-4.971796274185180664e-01
8.208112120628356934e-01
-5.391377806663513184e-01
-1.130756378173828125e+00
1.393473297357559204e-01
-2.932080626487731934e-01
2.994604706764221191e-01
5.726853609085083008e-01
-2.750030755996704102e-01
-5.223920345306396484e-01
4.824665486812591553e-01
9.258490055799484253e-02
-3.286306262016296387e-01
6.901531815528869629e-01
-5.665119886398315430e-01
-4.229410737752914429e-02
-8.126260340213775635e-02
-3.671074509620666504e-01
4.762141034007072449e-02
1.369827985763549805e-01
-3.517645597457885742e-01
6.450929641723632812e-01
4.585194289684295654e-01
1.834187865257263184e+00
7.022553086280822754e-01
1.987777501344680786e-01
-9.791658818721771240e-02
3.351990282535552979e-01
2.304882183670997620e-02
3.158804774284362793e-02
9.688489437103271484e-01
-5.977828502655029297e-01
-5.380968451499938965e-01
-1.404168307781219482e-01
-6.064537763595581055e-01
-6.433188170194625854e-02
2.925525009632110596e-01
-9.216427803039550781e-01
-3.721483647823333740e-01
-4.189466834068298340e-01
-5.132461190223693848e-01
-2.480220794677734375e-02
-8.940057754516601562e-01
-6.649769544601440430e-01
9.360218048095703125e-01
-2.997447550296783447e-02
-8.125711679458618164e-01
1.004121065139770508e+00
6.804265975952148438e-01
4.257543012499809265e-03
1.074314862489700317e-01
-1.175435781478881836e+00
-1.296705286949872971e-02
2.717881202697753906e-01
-5.396984219551086426e-01
-2.258162349462509155e-01
-1.200446859002113342e-01
-4.926918148994445801e-01
-3.044342994689941406e-01
6.370268464088439941e-01
6.060590147972106934e-01
-3.335593342781066895e-01
-3.143731355667114258e-01
-6.857498288154602051e-01
1.647442132234573364e-01
2.040084600448608398e+00
-8.817274570465087891e-01
-6.706167459487915039e-01
9.796651601791381836e-01
1.067252397537231445e+00
5.422660112380981445e-01
-7.846012711524963379e-01
-7.981066107749938965e-01
3.413850069046020508e-01
3.743383288383483887e-01
-1.119120568037033081e-01
-7.899762988090515137e-01
-1.507950481027364731e-03
-6.082249879837036133e-01
-1.110503435134887695e+00
-5.719375610351562500e-01
7.512318491935729980e-01
-2.240705192089080811e-01
1.111711487174034119e-01
-3.734260201454162598e-01
-1.129237771034240723e+00
6.538332700729370117e-01
4.201126694679260254e-01
-5.538206547498703003e-02
5.872213840484619141e-01
-3.954757004976272583e-02
1.905858814716339111e-01
3.675872832536697388e-02
1.964590996503829956e-01
-4.011106789112091064e-01
8.329256623983383179e-02
3.071357607841491699e-01
1.902794465422630310e-02
-7.808972001075744629e-01
-8.786007761955261230e-01
-3.386280834674835205e-01
8.811341524124145508e-01
2.682087421417236328e-01
-7.689978927373886108e-02
4.138962626457214355e-01
4.976298511028289795e-01
-4.482290446758270264e-01
6.753661483526229858e-02
1.750244051218032837e-01
9.440771937370300293e-01
1.116831228137016296e-01
7.915621995925903320e-02
2.459087520837783813e-01
-2.493207752704620361e-01
4.292154312133789062e-01
3.242571353912353516e-01
-7.688386440277099609e-01
-4.712120294570922852e-01
-1.134491324424743652e+00
-9.078450798988342285e-01
-8.778758049011230469e-01
1.367547750473022461e+00
-2.412700206041336060e-01
-1.265561342239379883e+00
1.238801956176757812e+00
1.177985191345214844e+00
1.046622619032859802e-01
-1.157269701361656189e-01
3.868401050567626953e-01
1.036303162574768066e+00
-3.799558877944946289e-01
1.555536985397338867e-01
-1.495936419814825058e-02
-1.000412225723266602e+00
-2.889188230037689209e-01
5.411814451217651367e-01
-2.791713178157806396e-01
-3.769881278276443481e-02
5.076910257339477539e-01
-4.748003780841827393e-01
3.862060904502868652e-01
-1.347701996564865112e-01
3.540152311325073242e-01
-7.887299060821533203e-01
-2.404971420764923096e-02
-8.350861072540283203e-01
-9.670180678367614746e-01
9.431626200675964355e-01
1.748246401548385620e-01
-7.061122059822082520e-01
6.865843534469604492e-01
2.118436992168426514e-01
6.928274035453796387e-01
-4.148058891296386719e-01
-1.416229754686355591e-01
-2.770569920539855957e-01
3.357604444026947021e-01
-2.256699055433273315e-01
-2.826044857501983643e-01
1.903421729803085327e-01
1.021685823798179626e-01
-2.124643474817276001e-01
1.579045206308364868e-01
1.182755827903747559e-01
9.796804189682006836e-01
8.487048745155334473e-01
-8.704582452774047852e-01
-6.700285673141479492e-01
2.683264017105102539e-01
1.724812030792236328e+00
-2.582294940948486328e-01
-1.469846248626708984e+00
-1.030156314373016357e-01
2.356797158718109131e-01
-7.349821925163269043e-01
1.577493697404861450e-01
2.415796220302581787e-01
-7.734122276306152344e-01
9.900733828544616699e-01
-4.427173733711242676e-01
-8.182682394981384277e-01
9.841751456260681152e-01
-4.635075628757476807e-01
-8.931620717048645020e-01
3.894474208354949951e-01
1.492366567254066467e-02
5.647256504744291306e-03
1.632181644439697266e+00
2.027828544378280640e-01
-3.435607552528381348e-01
-9.345195442438125610e-02
3.436881303787231445e-02
5.653842091560363770e-01
2.558445930480957031e-01
-9.108024239540100098e-01
-8.512895703315734863e-01
2.029822617769241333e-01
-2.254013121128082275e-01
6.521982550621032715e-01
-5.132390856742858887e-01
-3.821886777877807617e-01
7.699990272521972656e-02
-3.394671380519866943e-01
5.912989377975463867e-01
-3.745321929454803467e-02
-1.658129245042800903e-01
