-4.002846777439117432e-01
5.154432654380798340e-01
6.364325284957885742e-01
4.083296060562133789e-01
7.476907372474670410e-01
1.151183322072029114e-01
-2.087983936071395874e-01
7.639145106077194214e-02
6.582397222518920898e-02
-8.163126707077026367e-01
-6.863361597061157227e-01
1.082529187202453613e+00
5.545437932014465332e-01
4.544025063514709473e-01
-4.179043471813201904e-01
1.286735385656356812e-02
3.572831451892852783e-01
6.195397377014160156e-01
5.516110062599182129e-01
-1.562198102474212646e-01
-4.668299853801727295e-01
-3.311111330986022949e-01
-5.322207808494567871e-01
9.497775137424468994e-02
-3.588346764445304871e-02
-1.599737852811813354e-01
-8.740959763526916504e-01
8.773818016052246094e-01
3.509871289134025574e-02
3.746935427188873291e-01
-1.675774902105331421e-01
-8.734436631202697754e-01
-3.485518395900726318e-01
1.393954157829284668e+00
3.123906850814819336e-01
1.620128750801086426e+00
-2.019881755113601685e-01
-4.219505563378334045e-02
4.902676343917846680e-01
5.926947295665740967e-02
4.766908288002014160e-01
5.790511369705200195e-01
-1.074957698583602905e-01
4.378367364406585693e-01
-2.269344627857208252e-01
-2.036052644252777100e-01
-9.479709863662719727e-01
-6.984617114067077637e-01
-3.457745015621185303e-01
2.865980863571166992e-01
1.209747195243835449e-01
-3.361816108226776123e-01
2.095622420310974121e-01
-8.808280527591705322e-02
-8.130951970815658569e-02
-2.328938841819763184e-01
5.224869847297668457e-01
9.481681585311889648e-01
6.815904378890991211e-01
2.005567699670791626e-01
-2.154846638441085815e-01
-7.157154083251953125e-01
-7.923152446746826172e-01
1.535799801349639893e-01
2.387161105871200562e-01
6.959728151559829712e-02
-1.003174632787704468e-01
3.624690175056457520e-01
1.810756027698516846e-01
-1.439949423074722290e-01
6.171213090419769287e-02
6.455014348030090332e-01
5.982398241758346558e-02
-7.347513735294342041e-02
-2.571383416652679443e-01
-2.319652140140533447e-01
4.004769325256347656e-01
5.780748128890991211e-01
6.946607232093811035e-01
6.773546338081359863e-01
7.966744899749755859e-02
-4.678609371185302734e-01
-6.483387351036071777e-01
1.781007349491119385e-01
1.416929483413696289e+00
6.847282648086547852e-01
3.160404860973358154e-01
1.925643086433410645e-01
-6.569041013717651367e-01
-2.778111398220062256e-01
1.202285960316658020e-01
2.747028172016143799e-01
1.641385853290557861e-01
5.288239941000938416e-02
2.863111197948455811e-01
-2.826666831970214844e-01
-5.801088213920593262e-01
-1.516433656215667725e-01
-2.532432675361633301e-01
-1.865428984165191650e-01
4.255704581737518311e-01
1.195866942405700684e+00
-5.752820968627929688e-01
-1.675449758768081665e-01
-4.243984445929527283e-02
-2.490611821413040161e-01
2.393616437911987305e-01
-2.093540579080581665e-01
3.710614144802093506e-01
-5.273508653044700623e-02
3.154022991657257080e-02
-2.317854464054107666e-01
1.685891449451446533e-01
-2.160257250070571899e-01
-6.626417636871337891e-01
2.650779187679290771e-01
7.874125838279724121e-01
6.460744738578796387e-01
2.781033515930175781e-01
-1.851051598787307739e-01
-1.164113059639930725e-01
2.206164151430130005e-01
1.734917908906936646e-01
-3.939898684620857239e-02
3.064070343971252441e-01
4.604313150048255920e-02
1.020062193274497986e-01
-7.717356085777282715e-02
-2.182379215955734253e-01
1.605179756879806519e-01
1.340339332818984985e-01
6.494681239128112793e-01
1.920430362224578857e-01
1.544616669416427612e-01
-4.578548371791839600e-01
-3.394108638167381287e-02
3.575152158737182617e-01
6.653036475181579590e-01
7.477495353668928146e-03
-4.350717365741729736e-01
5.161535143852233887e-01
-9.730292111635208130e-02
-3.632972538471221924e-01
-7.367874383926391602e-01
-1.015663981437683105e+00
8.499304652214050293e-01
1.059258460998535156e+00
3.695398271083831787e-01
-2.659664452075958252e-01
-5.059499144554138184e-01
3.027930855751037598e-01
3.959845006465911865e-01
-1.791618168354034424e-01
5.548734217882156372e-02
-7.986149191856384277e-01
-2.862975597381591797e-01
2.918521165847778320e-01
9.201176166534423828e-01
8.743210434913635254e-01
2.217513322830200195e-01
4.313861131668090820e-01
4.772368371486663818e-01
3.240027725696563721e-01
2.119303643703460693e-01
3.570946455001831055e-01
5.756487324833869934e-02
-4.047737121582031250e-01
-5.737751126289367676e-01
1.112793609499931335e-01
-8.067159354686737061e-02
-2.224854230880737305e-01
-5.498834848403930664e-01
-1.268826961517333984e+00
-6.172405481338500977e-01
4.642885029315948486e-01
5.718213319778442383e-01
7.865427732467651367e-01
2.485915869474411011e-01
4.625858068466186523e-01
-5.668390989303588867e-01
-5.425791740417480469e-01
-1.314177066087722778e-01
-2.872128039598464966e-03
2.515069246292114258e-01
7.370957732200622559e-01
6.701640039682388306e-02
-8.572411723434925079e-03
7.577840238809585571e-02
7.379040122032165527e-03
3.187027573585510254e-01
2.046244591474533081e-01
4.993487894535064697e-01
9.290851950645446777e-01
-3.040154576301574707e-01
-5.176575183868408203e-01
-1.726428568363189697e-01
3.639934062957763672e-01
1.972921490669250488e-01
-1.005993336439132690e-01
3.144412636756896973e-01
-4.012371301651000977e-01
-4.016248509287834167e-03
9.263485074043273926e-01
2.730476856231689453e-01
-2.773069776594638824e-02
-5.166033506393432617e-01
-7.339670658111572266e-01
-3.517852723598480225e-01
1.694157719612121582e-01
4.743568003177642822e-01
2.177985198795795441e-02
3.182461857795715332e-02
-1.714704781770706177e-01
-5.742017030715942383e-01
1.754045486450195312e-01
-5.681248381733894348e-02
1.390611939132213593e-02
1.944386363029479980e-01
4.667335450649261475e-01
2.176302671432495117e-02
2.206691056489944458e-01
9.553540945053100586e-01
4.855176806449890137e-01
6.482328772544860840e-01
9.424026012420654297e-01
-1.360261738300323486e-01
3.387112319469451904e-01
8.204304575920104980e-01
-6.319421529769897461e-01
-1.280007719993591309e+00
-1.255037188529968262e+00
-8.953234553337097168e-01
7.871258854866027832e-01
7.340559363365173340e-01
-1.185936033725738525e-01
-4.004988968372344971e-01
-1.062063097953796387e+00
1.013888120651245117e-01
1.759535193443298340e+00
5.801937580108642578e-01
-1.573723554611206055e-01
1.331081688404083252e-01
-1.132934764027595520e-01
5.433721542358398438e-01
2.535196244716644287e-01
5.190136432647705078e-01
9.811451286077499390e-02
1.187892317771911621e+00
6.097525358200073242e-02
2.802195549011230469e-01
-6.317066401243209839e-02
-3.157262504100799561e-02
6.289277672767639160e-01
6.928200721740722656e-01
5.995703339576721191e-01
-8.743209391832351685e-02
-4.548746347427368164e-01
-3.638968169689178467e-01
-4.957899451255798340e-01
-1.259136199951171875e-01
-2.284728586673736572e-01
3.767785131931304932e-01
3.717222511768341064e-01
4.550772905349731445e-01
1.366476416587829590e-01
-9.622339606285095215e-01
-5.536152124404907227e-01
3.507545590400695801e-01
6.374264135956764221e-03
7.868782877922058105e-01
7.625177502632141113e-01
7.436479926109313965e-01
4.892068356275558472e-02
2.161682248115539551e-01
-8.075689673423767090e-01
-7.872055172920227051e-01
-9.491132944822311401e-02
2.773241400718688965e-01
2.278441339731216431e-01
-1.021058559417724609e+00
-6.476357579231262207e-01
3.061503767967224121e-01
8.925024271011352539e-01
5.785156488418579102e-01
-1.115923654288053513e-02
1.843886822462081909e-01
2.971639931201934814e-01
3.128303587436676025e-01
-1.204031854867935181e-01
-1.031750559806823730e+00
-8.041439652442932129e-01
4.631034433841705322e-01
6.099527478218078613e-01
1.665613651275634766e+00
2.378429025411605835e-01
1.644241064786911011e-02
-5.351259559392929077e-02
7.832878828048706055e-02
-4.895562529563903809e-01
-7.053831964731216431e-02
2.164639532566070557e-01
-2.163541615009307861e-01
6.257570981979370117e-01
7.819923758506774902e-01
4.538490772247314453e-01
-7.278205752372741699e-01
-8.173801302909851074e-01
-1.089168787002563477e+00
-7.141724228858947754e-01
8.301661163568496704e-02
5.630996823310852051e-01
-3.093786165118217468e-02
5.301476120948791504e-01
3.695512413978576660e-01
-3.735593557357788086e-01
3.947387635707855225e-02
1.251837253570556641e+00
8.204817771911621094e-01
5.637193918228149414e-01
7.523906230926513672e-01
-2.839636504650115967e-01
4.572265967726707458e-02
1.098398864269256592e-02
2.909744679927825928e-01
5.388947129249572754e-01
2.123882025480270386e-01
2.220869213342666626e-01
2.384566366672515869e-01
4.916513338685035706e-02
1.887474358081817627e-01
-5.192331671714782715e-01
3.510634303092956543e-01
4.306951463222503662e-01
1.988145560026168823e-01
-8.525974750518798828e-01
-1.300474166870117188e+00
-1.462546110153198242e+00
-2.874669134616851807e-01
1.369436025619506836e+00
8.178427219390869141e-01
6.763932108879089355e-01
8.471463918685913086e-01
6.636272668838500977e-01
2.225347459316253662e-01
1.737364679574966431e-01
-4.906804859638214111e-01
4.509046375751495361e-01
4.343426823616027832e-01
1.505984067916870117e-01
3.640053868293762207e-01
-5.409258604049682617e-02
-5.714615583419799805e-01
-1.505199432373046875e+00
1.151147531345486641e-03
1.280901074409484863e+00
1.887085556983947754e+00
4.656997621059417725e-01
-7.270302176475524902e-01
3.144961297512054443e-01
-1.372900754213333130e-01
-4.424442946910858154e-01
-1.095698118209838867e+00
-1.029953956604003906e+00
5.945764780044555664e-01
1.236023306846618652e+00
-9.149610996246337891e-02
8.402901142835617065e-02
-2.017972916364669800e-01
-9.173731803894042969e-01
6.977922469377517700e-02
9.922163486480712891e-01
1.783923983573913574e+00
-1.053251251578330994e-01
1.319205462932586670e-01
-1.637007594108581543e-01
1.780800819396972656e-01
2.304497808218002319e-01
4.728438332676887512e-02
-4.769313335418701172e-01
5.338374897837638855e-02
-3.058688640594482422e-01
-1.165015920996665955e-01
-4.687217175960540771e-01
-8.258085846900939941e-01
-3.627288341522216797e-01
-4.021385908126831055e-01
-9.840997308492660522e-02
-1.577606052160263062e-01
3.149313032627105713e-01
-1.660792529582977295e-01
4.526710212230682373e-01
1.615711897611618042e-01
3.771879374980926514e-01
6.118943691253662109e-01
-4.478129744529724121e-02
6.811584830284118652e-01
1.187686696648597717e-01
3.409653306007385254e-01
-1.617368757724761963e-01
5.710614323616027832e-01
-1.286344379186630249e-01
1.239426508545875549e-01
1.423657983541488647e-01
4.255985021591186523e-01
2.617852687835693359e-01
3.449111282825469971e-01
1.080880910158157349e-01
7.885493338108062744e-02
-1.903524100780487061e-01
-2.425092905759811401e-01
-1.905505508184432983e-01
3.430787324905395508e-01
-2.012882083654403687e-01
3.350251615047454834e-01
-2.486348152160644531e-01
2.898167967796325684e-01
-1.132574453949928284e-01
5.882257968187332153e-02
3.384995460510253906e-02
2.527566850185394287e-01
6.589300930500030518e-02
6.735281348228454590e-01
3.434871137142181396e-01
-2.904395461082458496e-01
-6.201086565852165222e-02
7.388052344322204590e-02
5.297353267669677734e-01
8.165045380592346191e-01
-6.214681267738342285e-01
-2.164013497531414032e-02
-4.025069996714591980e-02
-1.751122251152992249e-02
2.368012815713882446e-01
6.737846136093139648e-01
-3.107917904853820801e-01
6.360362172126770020e-01
9.321990609169006348e-02
1.089279204607009888e-01
-3.507862389087677002e-01
2.491176575422286987e-01
5.281948447227478027e-01
-1.085390567779541016e+00
-1.362041115760803223e+00
-8.326988816261291504e-01
-1.028365969657897949e+00
5.182085037231445312e-01
1.253208279609680176e+00
7.213696837425231934e-01
1.981940269470214844e+00
4.812462329864501953e-01
7.346656918525695801e-01
-1.041535973548889160e+00
-2.735406458377838135e-01
-6.315539479255676270e-01
-3.490436077117919922e-01
-3.391712307929992676e-01
-4.418570920825004578e-02
8.162136375904083252e-02
1.692091673612594604e-01
-1.145227104425430298e-01
1.712655425071716309e+00
7.060968875885009766e-01
7.283700108528137207e-01
-5.186088085174560547e-01
1.932981312274932861e-01
-2.412692904472351074e-01
9.180486202239990234e-02
-3.885890841484069824e-01
-1.149592280387878418e+00
-2.528380453586578369e-01
3.773503703996539116e-03
5.795214772224426270e-01
5.121150985360145569e-02
-2.045684959739446640e-03
1.690912246704101562e-01
7.679298520088195801e-02
3.914354145526885986e-01
-3.122169971466064453e-01
-3.734601438045501709e-01
2.123486697673797607e-01
1.185007452964782715e+00
7.884898781776428223e-01
1.811571866273880005e-01
-4.522565603256225586e-01
-1.632837653160095215e-01
-6.393274068832397461e-01
3.134036362171173096e-01
-1.472468525171279907e-01
4.433019161224365234e-01
8.043326735496520996e-01
-6.387776136398315430e-01
7.947699725627899170e-02
1.825456917285919189e-01
-1.298417299985885620e-01
6.529967784881591797e-01
5.514815449714660645e-01
-2.934315204620361328e-01
-1.656460016965866089e-01
1.451684087514877319e-01
7.769639492034912109e-01
3.515537679195404053e-01
2.894680202007293701e-01
2.593996524810791016e-01
-7.207928895950317383e-01
-3.001568317413330078e-01
-2.417565286159515381e-01
-7.618261575698852539e-01
-4.713276326656341553e-01
1.984180808067321777e-01
3.677276372909545898e-01
-5.842554569244384766e-01
-2.050143033266067505e-01
-4.052688181400299072e-02
