5.478497743606567383e-01
-8.651106804609298706e-02
2.164078801870346069e-01
5.827797651290893555e-01
5.360287427902221680e-01
-1.037956118583679199e+00
-1.108373045921325684e+00
-1.465818166732788086e+00
-1.118147969245910645e+00
-1.216884493827819824e+00
1.421433240175247192e-01
1.173835992813110352e-01
3.797655105590820312e-01
-1.597378104925155640e-01
4.611185938119888306e-02
7.172565460205078125e-01
9.188618063926696777e-01
5.621502399444580078e-01
1.513667225837707520e+00
-2.064457722008228302e-02
3.479192256927490234e-01
-3.550834208726882935e-02
3.098756074905395508e-01
2.792318761348724365e-01
2.605606615543365479e-01
-1.686314940452575684e-01
-3.500582277774810791e-01
-1.298493981361389160e+00
3.376784175634384155e-02
-4.097889065742492676e-01
9.155628681182861328e-01
-5.310615897178649902e-01
4.054359495639801025e-01
-4.560717642307281494e-01
3.244573175907135010e-01
3.568501472473144531e-01
-2.085516005754470825e-01
-5.017619729042053223e-01
6.546139121055603027e-01
9.642326086759567261e-02
7.995118498802185059e-01
3.095548152923583984e-01
6.111805140972137451e-02
4.168356060981750488e-01
-2.851308584213256836e-01
-8.600976318120956421e-02
2.138684689998626709e-01
-3.862572312355041504e-01
4.911285042762756348e-01
4.174192547798156738e-01
8.073901385068893433e-02
-3.230310678482055664e-01
1.553971767425537109e-01
1.009671911597251892e-01
-3.607685863971710205e-01
8.448998332023620605e-01
6.304355263710021973e-01
-1.880100667476654053e-01
-4.314951300621032715e-01
-3.383289873600006104e-01
-4.348283410072326660e-01
-8.074822425842285156e-01
-2.311823666095733643e-01
-4.446679651737213135e-01
-2.967932224273681641e-01
-8.714521527290344238e-01
4.564148485660552979e-01
-3.478005230426788330e-01
5.694795846939086914e-01
3.083916902542114258e-01
9.006239175796508789e-01
1.348727464675903320e+00
8.756935596466064453e-01
8.717999458312988281e-01
-3.237247467041015625e-01
-2.867553234100341797e-01
5.702541470527648926e-01
5.784509778022766113e-01
-3.994009196758270264e-01
-1.084123611450195312e+00
-2.963056862354278564e-01
-2.635795474052429199e-01
-3.018591925501823425e-02
-2.788380086421966553e-01
3.956184536218643188e-02
4.788574874401092529e-01
5.474717617034912109e-01
-7.280639410018920898e-01
-1.182336658239364624e-01
-9.882275015115737915e-02
4.768127501010894775e-01
4.078935086727142334e-01
-7.530533522367477417e-02
4.968680143356323242e-01
-2.653288543224334717e-01
1.137112736701965332e+00
-3.786522746086120605e-01
2.879112958908081055e-02
-1.574456095695495605e-01
-5.097033977508544922e-01
-6.647051125764846802e-02
2.961933016777038574e-01
3.123888969421386719e-01
-6.477466970682144165e-02
1.911689043045043945e-01
-1.222474873065948486e-01
7.799959778785705566e-01
-7.488305568695068359e-01
8.290590643882751465e-01
8.105040341615676880e-02
-4.287023842334747314e-01
-4.768351614475250244e-01
-3.703469410538673401e-02
-4.046336412429809570e-01
-6.189167499542236328e-01
-2.171374559402465820e-01
6.152564287185668945e-01
-2.351557761430740356e-01
-2.718793451786041260e-01
2.892304584383964539e-02
-6.803689152002334595e-02
-1.602187901735305786e-01
-1.974854469299316406e-01
5.862444043159484863e-01
1.124150276184082031e+00
-2.219558060169219971e-01
1.640046387910842896e-01
3.434122204780578613e-01
-5.469419360160827637e-01
4.802039861679077148e-01
6.949853897094726562e-01
8.109306544065475464e-02
4.007435142993927002e-01
5.542756915092468262e-01
4.538381099700927734e-01
-1.064171075820922852e+00
-1.132711246609687805e-01
5.431479811668395996e-01
-1.288027167320251465e-01
-2.803167104721069336e-01
-4.463219940662384033e-01
-2.861436009407043457e-01
-7.717877030372619629e-01
-3.332705497741699219e-01
7.125585079193115234e-01
1.076958298683166504e+00
1.210248470306396484e+00
8.158795237541198730e-01
-9.547422528266906738e-01
-1.289813637733459473e+00
2.217807918787002563e-01
-1.785700619220733643e-01
3.822356462478637695e-01
-7.290003895759582520e-01
3.527453243732452393e-01
-1.397221833467483521e-01
6.994469165802001953e-01
1.938353478908538818e-01
-2.146513462066650391e-01
-8.361923098564147949e-01
4.651859998703002930e-01
5.483822226524353027e-01
-1.084874644875526428e-01
-4.673875868320465088e-01
1.139858722686767578e+00
2.347384579479694366e-02
-1.565216898918151855e+00
-2.372957319021224976e-01
-5.024889707565307617e-01
3.131100535392761230e-01
-6.781005859375000000e-01
2.182446420192718506e-02
-1.729183644056320190e-01
8.242119550704956055e-01
9.353260397911071777e-01
1.619710564613342285e+00
5.356370806694030762e-01
1.046532392501831055e+00
-1.314274519681930542e-01
-7.943487167358398438e-02
-3.583430945873260498e-01
-9.654738903045654297e-01
-8.404144644737243652e-01
-4.855735898017883301e-01
-4.644603654742240906e-02
-1.245933771133422852e-02
-2.187484502792358398e-01
-3.466090261936187744e-01
-3.194340467453002930e-01
-6.357064247131347656e-01
-1.394935399293899536e-01
-4.579617381095886230e-01
4.925583302974700928e-01
-2.028064578771591187e-01
3.288998603820800781e-01
4.652647376060485840e-01
1.363202810287475586e+00
4.984537959098815918e-01
4.743703603744506836e-01
3.201194405555725098e-01
-5.847916007041931152e-01
-3.442949056625366211e-01
2.868783175945281982e-01
-1.428798884153366089e-01
1.201931573450565338e-02
-1.003542304039001465e+00
-2.264869809150695801e-01
1.336410921066999435e-02
5.332193374633789062e-01
4.199760556221008301e-01
1.381451487541198730e-01
1.478428691625595093e-01
-3.012808598577976227e-02
-9.649989753961563110e-02
3.871170878410339355e-01
2.678221166133880615e-01
-5.639323592185974121e-01
9.533547610044479370e-02
-7.363501191139221191e-01
2.286033630371093750e-01
-2.494950592517852783e-01
4.599444568157196045e-01
1.221907019615173340e+00
1.332235485315322876e-01
7.611804604530334473e-01
-2.281479686498641968e-01
-5.001317262649536133e-01
3.056134879589080811e-01
-1.304773092269897461e+00
-4.389421939849853516e-01
-9.779365733265876770e-03
-3.897852003574371338e-01
1.640331149101257324e-01
3.452292382717132568e-01
1.412802189588546753e-01
-1.632247492671012878e-02
-1.449084747582674026e-02
3.264256417751312256e-01
1.816150903701782227e+00
9.646679759025573730e-01
-3.036366775631904602e-02
-2.670046687126159668e-01
-1.665423810482025146e-01
-2.795275151729583740e-01
-5.931530594825744629e-01
2.315540909767150879e-01
3.932824432849884033e-01
5.089674592018127441e-01
-2.421387238427996635e-03
3.148493170738220215e-01
-2.297546565532684326e-01
2.704464495182037354e-01
1.089529514312744141e+00
-1.272011399269104004e-01
-7.217825651168823242e-01
-1.379703879356384277e+00
1.260132491588592529e-01
-2.639051079750061035e-01
3.327167034149169922e-01
1.728031039237976074e-01
9.023699760437011719e-01
4.580235183238983154e-01
9.347524046897888184e-01
2.519987523555755615e-01
1.117640882730484009e-01
2.635516822338104248e-01
6.971988677978515625e-01
1.175566434860229492e+00
9.436475038528442383e-01
-6.196030378341674805e-01
-3.952910602092742920e-01
-1.112060070037841797e+00
-3.416097760200500488e-01
-9.109688401222229004e-01
-1.929495781660079956e-01
-5.475626513361930847e-02
2.252841889858245850e-01
-5.508532524108886719e-01
-3.036417961120605469e-01
-2.027509361505508423e-01
-1.959011554718017578e-01
-1.919282227754592896e-01
1.171255484223365784e-01
-7.312224060297012329e-02
-1.109746336936950684e+00
2.714073896408081055e+00
1.982213973999023438e+00
1.462515950202941895e+00
8.283534049987792969e-01
-1.430319070816040039e+00
-3.914326131343841553e-01
2.610275745391845703e-01
4.923123717308044434e-01
-8.806072473526000977e-01
-1.161655068397521973e+00
-1.178598031401634216e-01
8.486371636390686035e-01
6.500922143459320068e-02
3.317415416240692139e-01
2.211768329143524170e-01
-3.153631985187530518e-01
3.301180899143218994e-01
4.047007262706756592e-01
4.276131093502044678e-01
-4.613978266716003418e-01
6.334955990314483643e-02
-1.249725595116615295e-01
-7.939041405916213989e-02
-4.085858538746833801e-02
4.165522158145904541e-01
-7.382129430770874023e-01
-1.792864687740802765e-02
2.684859037399291992e-01
4.041860997676849365e-01
1.628808490931987762e-02
-2.194570153951644897e-01
4.386140704154968262e-01
9.246756881475448608e-02
9.010620117187500000e-01
3.013063669204711914e-01
-4.417885243892669678e-01
9.477050304412841797e-01
6.445862352848052979e-02
4.915926754474639893e-01
-4.101291000843048096e-01
7.088689804077148438e-01
8.433549404144287109e-01
-2.131070941686630249e-01
1.248677074909210205e-01
-5.216844677925109863e-01
-2.016719579696655273e-01
-1.014299511909484863e+00
-7.007414102554321289e-01
-2.098456174135208130e-01
-8.073841929435729980e-01
-6.670605391263961792e-03
5.405820012092590332e-01
8.753297328948974609e-01
3.599646985530853271e-01
1.126112818717956543e+00
6.828333437442779541e-02
-2.384728044271469116e-01
8.298291563987731934e-01
-1.147219181060791016e+00
-3.263164162635803223e-01
3.270301520824432373e-01
4.535489380359649658e-01
5.847997665405273438e-01
6.268399357795715332e-01
6.706390380859375000e-01
-2.862903773784637451e-01
-8.059837222099304199e-01
-3.772872388362884521e-01
9.997938275337219238e-01
6.848773360252380371e-01
-5.968884229660034180e-01
-3.888422548770904541e-01
-7.226783037185668945e-01
1.398000359535217285e+00
2.692291438579559326e-01
-3.116094768047332764e-01
-6.702477335929870605e-01
-6.571599841117858887e-01
-1.570239067077636719e-01
2.161653786897659302e-01
-9.196518063545227051e-01
1.123649239540100098e+00
-2.376983761787414551e-01
3.428001999855041504e-01
1.126282066106796265e-01
5.528669357299804688e-01
-1.407959461212158203e-01
-1.134663701057434082e+00
-3.380180895328521729e-01
4.326186329126358032e-02
3.051625788211822510e-01
4.365817904472351074e-01
-2.043270766735076904e-01
2.153904885053634644e-01
-8.323494195938110352e-01
2.594400756061077118e-02
-6.700261682271957397e-02
-9.237333387136459351e-02
-2.785780131816864014e-01
1.713680326938629150e-01
6.703402847051620483e-03
7.827682793140411377e-02
8.361858874559402466e-02
1.763084083795547485e-01
-3.174715936183929443e-01
1.407261848449707031e+00
2.918161749839782715e-01
4.345877468585968018e-01
-2.152421046048402786e-03
7.489477097988128662e-02
3.694101572036743164e-01
-3.622008562088012695e-01
-1.258016079664230347e-01
5.571448802947998047e-01
-4.713349044322967529e-01
1.042225360870361328e-01
-5.496478080749511719e-01
7.486470937728881836e-01
1.585299670696258545e-01
-3.706887960433959961e-01
4.346378743648529053e-01
-1.371697783470153809e-01
-6.714410185813903809e-01
-9.634272456169128418e-01
-3.827346116304397583e-02
7.156559228897094727e-01
6.227440014481544495e-02
1.041595220565795898e+00
-6.608361005783081055e-01
1.050807237625122070e+00
5.710394978523254395e-01
9.609689712524414062e-01
1.605178564786911011e-01
1.061903834342956543e-01
-4.811608195304870605e-01
4.131943285465240479e-01
-2.659683525562286377e-01
1.122913435101509094e-01
-6.400475502014160156e-01
7.210337370634078979e-02
-6.175477430224418640e-02
-4.149603545665740967e-01
1.976554691791534424e-01
-5.463351011276245117e-01
1.248060539364814758e-01
2.651509456336498260e-02
2.261624634265899658e-01
5.309055447578430176e-01
-6.778885126113891602e-01
8.592721223831176758e-01
1.122322753071784973e-01
8.801910281181335449e-01
-9.442719817161560059e-01
1.537255883216857910e+00
-1.180765748023986816e+00
5.244649052619934082e-01
-1.067057132720947266e+00
-2.098826766014099121e-01
-5.854927897453308105e-01
-1.898243129253387451e-01
3.209978640079498291e-01
1.932695031166076660e+00
-9.435942023992538452e-02
1.390207648277282715e+00
8.591309189796447754e-01
8.260381817817687988e-01
-3.137398660182952881e-01
-8.720334619283676147e-02
-7.419141530990600586e-01
-5.801433324813842773e-01
-7.233278751373291016e-01
-1.630890727043151855e+00
-6.835421919822692871e-01
-6.425023078918457031e-01
2.375230044126510620e-01
-5.227665305137634277e-01
-9.249459952116012573e-02
-1.501896232366561890e-01
8.586339950561523438e-01
6.807480454444885254e-01
9.867416620254516602e-01
2.652788758277893066e-01
2.714303433895111084e-01
6.324521452188491821e-02
-5.127078294754028320e-01
-4.280135333538055420e-01
1.085189461708068848e+00
-1.024239435791969299e-01
-5.271899104118347168e-01
1.020901441574096680e+00
9.654318094253540039e-01
1.906528174877166748e-01
2.717905044555664062e-01
-4.153890535235404968e-02
-3.096798360347747803e-01
2.257953584194183350e-01
-1.509988188743591309e+00
-1.932485699653625488e-01
-2.963175177574157715e-01
5.209773778915405273e-01
-7.840450406074523926e-01
8.839856386184692383e-01
4.530748426914215088e-01
8.118810653686523438e-01
-4.692101776599884033e-01
-3.977447152137756348e-01
5.349072217941284180e-01
1.636415272951126099e-01
5.241372585296630859e-01
4.674910381436347961e-02
3.584257960319519043e-01
-6.896559596061706543e-01
-8.737847208976745605e-01
3.001471459865570068e-01
-2.888912558555603027e-01
-8.796082735061645508e-01
1.493936032056808472e-01
7.848231792449951172e-01
1.940911412239074707e-01
6.699561327695846558e-02
-1.428392380475997925e-01
-7.541871070861816406e-02
-5.607892870903015137e-01
1.012847304344177246e+00
-2.555973455309867859e-02
-3.016377687454223633e-01
1.810553371906280518e-01
-7.463264465332031250e-01
