1.436439752578735352e-01
-2.898897528648376465e-01
-4.280904531478881836e-01
-6.512382030487060547e-01
-6.042879223823547363e-01
-7.266847491264343262e-01
-4.049126207828521729e-01
-1.237913072109222412e-01
-5.982437729835510254e-01
-3.139511942863464355e-01
3.343679010868072510e-01
-6.047742962837219238e-01
2.233416959643363953e-02
-4.613867402076721191e-01
-1.773134171962738037e-01
-2.523843348026275635e-01
-1.257911175489425659e-01
-2.325446754693984985e-01
4.885897506028413773e-03
-4.070802405476570129e-02
4.274353384971618652e-01
1.417867541313171387e-01
1.371187567710876465e-01
-4.030108153820037842e-01
1.805576980113983154e-01
-7.998608946800231934e-01
9.477922692894935608e-03
-5.398838222026824951e-02
-1.886113882064819336e-01
-5.442280173301696777e-01
-2.488612979650497437e-01
-1.149459704756736755e-01
7.392901778221130371e-01
-2.359603196382522583e-01
8.087949752807617188e-01
-2.279576100409030914e-02
-1.304966509342193604e-01
2.146534770727157593e-01
-3.728064894676208496e-01
-1.317103952169418335e-01
-5.499010160565376282e-02
-2.201003134250640869e-01
-4.714341834187507629e-03
-3.662739694118499756e-01
-6.114544272422790527e-01
-3.671649694442749023e-01
-4.282620847225189209e-01
5.687521100044250488e-01
9.578934311866760254e-02
3.136313855648040771e-01
-5.544353723526000977e-01
-4.456282556056976318e-01
-1.732658296823501587e-01
9.286084175109863281e-01
2.790082693099975586e-01
1.217598557472229004e+00
1.629661172628402710e-01
4.058487117290496826e-01
9.269686043262481689e-02
7.232717275619506836e-01
-8.330771923065185547e-01
-7.489888668060302734e-01
-1.161629915237426758e+00
-1.547434091567993164e+00
-1.812540292739868164e+00
-1.105267047882080078e+00
-4.863955080509185791e-01
-8.571338057518005371e-01
5.155912637710571289e-01
-1.467833518981933594e-01
3.298642933368682861e-01
1.164014488458633423e-01
8.213732838630676270e-01
1.253679156303405762e+00
-7.156075239181518555e-01
9.164118766784667969e-01
-2.635037004947662354e-01
1.038177385926246643e-01
3.575079441070556641e-01
-2.992502450942993164e-01
-1.277779191732406616e-01
5.087876915931701660e-01
1.600432023406028748e-02
1.171718761324882507e-01
3.997878432273864746e-01
1.166431754827499390e-01
-6.141824647784233093e-02
-2.458189129829406738e-01
-4.012805521488189697e-01
-2.059233486652374268e-01
-1.172091841697692871e+00
-6.787401437759399414e-01
-1.257132172584533691e+00
-2.020435035228729248e-01
-9.600886702537536621e-01
-4.952508211135864258e-01
1.537864804267883301e-01
2.714271545410156250e-01
1.063692793250083923e-01
5.279659032821655273e-01
6.656333804130554199e-01
-2.278081476688385010e-01
2.589597404003143311e-01
-5.006232261657714844e-01
1.750747412443161011e-01
4.203662276268005371e-01
-5.434976220130920410e-01
2.292901277542114258e-01
6.728771924972534180e-01
-9.249782562255859375e-02
9.012420177459716797e-01
6.710706651210784912e-02
4.036148488521575928e-01
-2.859038673341274261e-02
5.074173808097839355e-01
-1.238185048103332520e+00
-9.598738551139831543e-01
-6.859332919120788574e-01
2.344606667757034302e-01
-4.844532012939453125e-01
-3.203423321247100830e-01
-6.799723505973815918e-01
-5.387618020176887512e-02
-4.407147169113159180e-01
5.425108671188354492e-01
-9.761130809783935547e-02
2.128052264451980591e-01
4.793985486030578613e-01
-2.117534428834915161e-01
3.112629055976867676e-01
1.783330440521240234e-01
4.368275105953216553e-01
-5.209108814597129822e-02
-1.147688999772071838e-01
-3.513853847980499268e-01
-3.927806615829467773e-01
-9.622316807508468628e-02
-1.661200635135173798e-02
-8.759389519691467285e-01
2.101645022630691528e-01
-6.536890864372253418e-01
1.172262243926525116e-02
-4.556655287742614746e-01
2.371498644351959229e-01
-2.066686004400253296e-01
4.739288091659545898e-01
5.013892427086830139e-02
2.195653468370437622e-01
-3.164818510413169861e-02
-4.789438098669052124e-03
6.972171068191528320e-01
2.114075422286987305e-01
4.237746298313140869e-01
-3.892843723297119141e-01
3.845000863075256348e-01
-4.416616857051849365e-01
-3.930028155446052551e-02
-6.347217559814453125e-01
-4.566213190555572510e-01
-3.786228597164154053e-01
2.834035642445087433e-02
-2.579120993614196777e-01
-8.801338821649551392e-02
1.877597905695438385e-02
1.773288100957870483e-01
2.298612892627716064e-01
-1.061982288956642151e-01
1.778538972139358521e-01
-6.633985638618469238e-01
-8.222230523824691772e-02
6.796452403068542480e-01
1.747260987758636475e-01
2.547299563884735107e-01
4.771325886249542236e-01
3.784017637372016907e-02
1.706422716379165649e-01
-1.918653547763824463e-01
3.606744110584259033e-01
-3.438394367694854736e-01
-3.695398867130279541e-01
5.432249903678894043e-01
-1.905353814363479614e-01
-3.091935813426971436e-01
1.413033008575439453e-01
5.694249272346496582e-01
-2.613433301448822021e-01
1.506089866161346436e-01
-3.712036088109016418e-02
1.595619320869445801e-01
2.857536375522613525e-01
-3.526782691478729248e-01
-1.973997652530670166e-01
-6.816874146461486816e-01
-3.998063802719116211e-01
-8.800182491540908813e-02
-2.640418708324432373e-01
1.283870786428451538e-01
-3.441365957260131836e-01
1.283985525369644165e-01
2.178569883108139038e-02
-8.906471729278564453e-01
-3.037005364894866943e-01
-1.282550990581512451e-01
-2.257984727621078491e-01
1.269642859697341919e-01
-3.045848309993743896e-01
3.944210112094879150e-01
-7.248834520578384399e-02
5.423417091369628906e-01
1.835141777992248535e-01
6.711882352828979492e-02
3.547060489654541016e-01
-1.849261671304702759e-01
-1.464157849550247192e-01
-1.018922477960586548e-01
4.480182826519012451e-01
5.414751768112182617e-01
-8.520425111055374146e-02
-7.375576496124267578e-01
-3.849693536758422852e-01
-2.985179126262664795e-01
4.757266044616699219e-01
-4.318600893020629883e-01
-2.921816706657409668e-01
-1.102576255798339844e-01
4.590914770960807800e-02
6.126646995544433594e-01
3.868812918663024902e-01
4.837960898876190186e-01
5.940307974815368652e-01
-1.783718913793563843e-01
2.772405445575714111e-01
-5.664101243019104004e-01
-9.102532863616943359e-01
-1.404908448457717896e-01
-4.039306938648223877e-01
-4.015438258647918701e-01
-5.175761580467224121e-01
-8.438796736299991608e-03
-3.771988153457641602e-01
5.441501736640930176e-01
-4.840280115604400635e-01
1.807982921600341797e-01
-4.052746593952178955e-01
1.914921700954437256e-01
1.025394573807716370e-01
2.451623231172561646e-01
-2.671718299388885498e-01
2.013428658246994019e-01
-3.660143911838531494e-01
-4.217215776443481445e-01
1.267085820436477661e-01
-4.702083170413970947e-01
-3.942083120346069336e-01
2.635630965232849121e-01
7.642069458961486816e-02
2.755107879638671875e-01
-6.499430537223815918e-01
-6.006349325180053711e-01
-1.415196359157562256e-01
-4.383497238159179688e-01
-4.556058645248413086e-01
-5.255444049835205078e-01
1.898701488971710205e-02
-3.023437559604644775e-01
-3.241564929485321045e-01
-3.897528350353240967e-02
-1.246043294668197632e-01
5.121149420738220215e-01
3.366991281509399414e-01
9.637997299432754517e-02
3.824342787265777588e-01
6.124583482742309570e-01
-3.156611621379852295e-01
4.436588585376739502e-01
-3.314202725887298584e-01
-1.013766765594482422e+00
-5.695934295654296875e-01
-3.028058707714080811e-01
-2.474248409271240234e-01
3.046278953552246094e-01
1.357359141111373901e-01
7.225850820541381836e-01
9.943062067031860352e-02
2.780515551567077637e-01
-2.435102909803390503e-01
1.093704819679260254e+00
-6.710159778594970703e-02
-2.335892245173454285e-02
-5.155588984489440918e-01
-3.728721141815185547e-01
-7.043240666389465332e-01
-8.012988418340682983e-02
-3.920992910861968994e-01
-8.247005939483642578e-01
-1.327598690986633301e-01
1.388515830039978027e-01
-6.401323676109313965e-01
3.640138506889343262e-01
-1.446927189826965332e-01
-4.341604411602020264e-01
1.810965090990066528e-01
-1.548212319612503052e-01
3.459860384464263916e-01
7.522128522396087646e-02
8.216234445571899414e-01
-5.561773180961608887e-01
-2.754279784858226776e-02
-8.774372339248657227e-01
-1.573774814605712891e-01
3.081702589988708496e-01
3.042251169681549072e-01
5.296379327774047852e-01
4.680687487125396729e-01
3.366285264492034912e-01
-4.143693447113037109e-01
-5.386696755886077881e-02
-1.136048436164855957e+00
-1.236089318990707397e-01
-6.609277129173278809e-01
2.960096299648284912e-01
-2.595231235027313232e-01
6.714123487472534180e-02
-3.526282012462615967e-01
-4.058554768562316895e-01
-5.791071057319641113e-01
-2.193376570940017700e-01
-5.514112114906311035e-01
4.654905200004577637e-01
-4.506738483905792236e-01
4.698087275028228760e-01
-4.500187635421752930e-01
5.120671391487121582e-01
-3.408249467611312866e-02
2.816929817199707031e-01
-1.995089501142501831e-01
-1.463039070367813110e-01
-2.449809908866882324e-01
-5.781763792037963867e-02
8.949830532073974609e-01
1.043769791722297668e-01
4.035794138908386230e-01
-3.892489373683929443e-01
5.305564031004905701e-02
-5.145804286003112793e-01
-7.422053217887878418e-01
-4.967320859432220459e-01
6.124544143676757812e-01
1.162768602371215820e-01
7.424122095108032227e-01
-3.325083851814270020e-01
-9.127292633056640625e-01
-4.164345562458038330e-01
-1.694447845220565796e-01
-8.039274215698242188e-01
1.784691214561462402e-01
-1.105553433299064636e-01
-2.029197514057159424e-01
8.471807837486267090e-01
8.498845696449279785e-01
1.103978991508483887e+00
1.313520073890686035e-01
2.705046236515045166e-01
-2.569505274295806885e-01
-3.161606565117835999e-02
-6.186013221740722656e-01
-6.480571031570434570e-01
-6.604533642530441284e-02
-1.843122988939285278e-01
-4.924079477787017822e-01
5.407224968075752258e-02
-6.422865986824035645e-01
2.003105878829956055e-01
-5.279982089996337891e-01
-1.028143987059593201e-01
2.549698054790496826e-01
2.591112852096557617e-01
-1.378972530364990234e-01
-1.752813905477523804e-02
-3.736717998981475830e-01
4.520459771156311035e-01
-1.450478136539459229e-01
3.313406705856323242e-01
3.052719533443450928e-01
6.904986500740051270e-01
2.522908747196197510e-01
5.452809929847717285e-01
4.621449112892150879e-01
5.891004577279090881e-02
-1.773277819156646729e-01
5.284919869154691696e-03
3.018348813056945801e-01
2.682941854000091553e-01
-3.656679987907409668e-01
-3.045677393674850464e-02
-5.946413278579711914e-01
-2.304027080535888672e-01
-3.700403571128845215e-01
9.021148830652236938e-02
-7.414221763610839844e-01
1.377748996019363403e-01
-1.908947527408599854e-01
1.462981253862380981e-01
-7.322113513946533203e-01
-1.014590039849281311e-01
-1.816082894802093506e-01
4.026278555393218994e-01
1.014397479593753815e-02
1.034061238169670105e-01
-9.558819532394409180e-01
-7.345411181449890137e-01
-3.429724574089050293e-01
-8.544176816940307617e-01
-1.289124011993408203e+00
-2.474393546581268311e-01
9.525433182716369629e-02
3.687944412231445312e-01
-2.925696074962615967e-01
7.591000795364379883e-01
-2.395466715097427368e-01
4.886189103126525879e-01
-6.287762522697448730e-01
1.382809579372406006e-01
-4.799929261207580566e-02
4.540864825248718262e-01
-3.979799747467041016e-01
3.607267737388610840e-01
-2.229106575250625610e-01
9.550298005342483521e-02
8.850888162851333618e-02
-9.076309949159622192e-02
6.645956635475158691e-01
-1.915568262338638306e-01
-3.991018533706665039e-01
2.782327830791473389e-01
-3.208845257759094238e-01
-2.097723186016082764e-01
-4.958451092243194580e-01
-7.497595548629760742e-01
-7.977842688560485840e-01
-9.544013440608978271e-02
2.580370604991912842e-01
4.676614403724670410e-01
4.339265525341033936e-01
-4.951971396803855896e-02
8.512615412473678589e-02
3.038149476051330566e-01
-6.969390809535980225e-02
2.237917333841323853e-01
-1.345915794372558594e-01
-5.484764650464057922e-02
-1.490638405084609985e-01
1.672100275754928589e-01
-5.386914014816284180e-01
-1.982737332582473755e-01
-1.094729229807853699e-01
-3.776687681674957275e-01
-1.948828101158142090e-01
6.336908042430877686e-02
2.182202041149139404e-01
-6.440593302249908447e-02
4.558513760566711426e-01
-1.663823723793029785e-01
-6.790508329868316650e-02
-2.584010362625122070e-01
3.244841396808624268e-01
-1.917314082384109497e-01
-1.324046254158020020e-01
1.566022187471389771e-01
-5.830100774765014648e-01
-1.212216354906558990e-02
-1.953159868717193604e-01
-7.702241837978363037e-02
4.059848487377166748e-01
4.952606558799743652e-02
-3.066042661666870117e-01
-2.192378938198089600e-01
-7.677997946739196777e-01
-2.803109586238861084e-01
-4.234895110130310059e-02
-3.243006467819213867e-01
-7.751426845788955688e-02
3.098737895488739014e-01
6.393830180168151855e-01
2.788224518299102783e-01
2.698359191417694092e-01
2.393633276224136353e-01
-7.188802212476730347e-02
1.712782308459281921e-02
3.836218118667602539e-01
4.670993089675903320e-01
2.353865802288055420e-01
1.061317045241594315e-02
-1.268662661314010620e-01
7.639618515968322754e-01
4.943047165870666504e-01
4.632590711116790771e-01
-3.101181685924530029e-01
4.821261167526245117e-01
-3.639915883541107178e-01
-6.042056679725646973e-01
-1.021219015121459961e+00
-9.509952664375305176e-01
-9.839716553688049316e-01
-7.427266836166381836e-01
-5.661509037017822266e-01
1.843374781310558319e-02
2.852926850318908691e-01
8.799967765808105469e-01
-1.026054471731185913e-01
5.976965427398681641e-01
-3.690409362316131592e-01
6.606668233871459961e-01
