-1.159415245056152344e+00
6.312758922576904297e-01
-8.922336101531982422e-01
-5.399685502052307129e-01
-2.025372833013534546e-01
-4.492410644888877869e-02
-1.356299221515655518e-01
-2.595340833067893982e-02
-1.761229187250137329e-01
-2.426129132509231567e-01
-5.861477255821228027e-01
1.391475647687911987e-02
3.750688731670379639e-01
5.082467198371887207e-01
-7.228245586156845093e-02
3.006770014762878418e-01
7.664107084274291992e-01
6.484600901603698730e-01
6.345816850662231445e-01
-7.693308591842651367e-01
2.458458989858627319e-01
5.552315711975097656e-01
5.213484168052673340e-01
1.371557116508483887e+00
-8.354111909866333008e-01
6.158846244215965271e-02
-8.671398162841796875e-01
-4.559887349605560303e-01
-2.932047843933105469e-02
-3.520180881023406982e-01
1.597215533256530762e-01
2.764045000076293945e-01
1.016744151711463928e-01
1.960497051477432251e-01
-9.592175483703613281e-01
5.654838085174560547e-01
1.263083219528198242e-01
-1.122381761670112610e-01
-4.288016855716705322e-01
1.441302299499511719e-01
-3.834282606840133667e-02
8.867030143737792969e-01
2.202475070953369141e-01
4.698179960250854492e-01
1.928833127021789551e+00
9.384606480598449707e-01
5.674831271171569824e-01
3.016988039016723633e-01
1.066317856311798096e-01
3.314314782619476318e-01
-7.851268053054809570e-01
-6.569712758064270020e-01
-2.031118720769882202e-01
-4.064598083496093750e-01
1.035702452063560486e-01
-5.873408913612365723e-02
4.914386272430419922e-01
7.261254191398620605e-01
-3.270199000835418701e-01
-6.822339892387390137e-01
-9.505887031555175781e-01
-8.200818300247192383e-01
-4.682677090167999268e-01
-1.406439691781997681e-01
-1.947819143533706665e-01
2.449601739645004272e-01
-6.848588120192289352e-03
1.045062318444252014e-01
-3.691285848617553711e-01
5.559903979301452637e-01
1.425946831703186035e+00
1.246712446212768555e+00
4.189378321170806885e-01
3.406974971294403076e-01
4.336081147193908691e-01
1.249043196439743042e-01
2.020051479339599609e-01
-3.043979108333587646e-01
4.808242619037628174e-01
-1.017659436911344528e-02
-3.330388069152832031e-01
-2.573114633560180664e-01
3.193755820393562317e-02
-5.799664855003356934e-01
-3.851455748081207275e-01
-9.953658282756805420e-02
-3.495033830404281616e-02
2.688310146331787109e-01
2.539530992507934570e-01
8.051306009292602539e-01
1.317407131195068359e+00
7.832252979278564453e-01
5.757802128791809082e-01
-5.429696440696716309e-01
4.419280961155891418e-02
-8.787678480148315430e-01
-6.328500062227249146e-02
-9.076402187347412109e-01
-1.396532654762268066e+00
3.107517212629318237e-02
4.046583175659179688e-01
1.330279588699340820e+00
-2.309162542223930359e-02
-6.159986257553100586e-01
4.974291324615478516e-01
-3.400043547153472900e-01
1.310134381055831909e-01
7.476814985275268555e-01
-5.453993082046508789e-01
-9.019173681735992432e-02
-2.865882515907287598e-01
-3.934874236583709717e-01
-1.762670129537582397e-01
4.877861440181732178e-01
-7.264146115630865097e-03
-5.415309071540832520e-01
-2.763136923313140869e-01
-2.075599431991577148e-01
9.991173148155212402e-01
6.818250417709350586e-01
7.237594723701477051e-01
-1.868462748825550079e-02
3.380732834339141846e-01
-5.026171207427978516e-01
2.740126252174377441e-01
5.910464525222778320e-01
-6.439042091369628906e-01
2.390340529382228851e-02
-3.908380568027496338e-01
8.716805279254913330e-02
-1.190851256251335144e-01
8.316980004310607910e-01
-3.915082514286041260e-01
1.788410097360610962e-01
-7.237867116928100586e-01
9.196120500564575195e-01
5.166570544242858887e-01
1.260128319263458252e-01
5.496680736541748047e-01
1.186763420701026917e-01
7.705387473106384277e-01
9.238007664680480957e-02
-4.266559481620788574e-01
-7.927126288414001465e-01
-9.787068367004394531e-01
3.944114968180656433e-02
3.622998297214508057e-02
-2.176026552915573120e-01
-3.825714290142059326e-01
2.450308650732040405e-01
-5.932166427373886108e-02
3.838392794132232666e-01
9.567198753356933594e-01
1.289584875106811523e+00
-5.081904530525207520e-01
-3.008979558944702148e-01
-8.082669377326965332e-01
1.242098137736320496e-01
-3.343212231993675232e-02
6.523264050483703613e-01
4.233462512493133545e-01
7.014876604080200195e-02
3.609690964221954346e-01
-5.533934235572814941e-01
-6.853692978620529175e-02
-2.216304242610931396e-01
-2.360763028264045715e-05
-3.464550971984863281e-01
1.717136502265930176e-01
1.593099534511566162e-02
6.250401139259338379e-01
1.575199812650680542e-01
3.138292729854583740e-01
-5.781485438346862793e-01
3.147754669189453125e-01
-1.639889478683471680e-01
1.002951785922050476e-01
4.391457140445709229e-01
6.987314224243164062e-01
-4.227070212364196777e-01
-2.736839056015014648e-01
-5.007393956184387207e-01
-8.258880376815795898e-01
-1.520616710186004639e-01
-3.300646692514419556e-02
1.378515269607305527e-03
-2.762117385864257812e-01
2.933390438556671143e-01
-4.860793054103851318e-01
-5.812936425209045410e-01
8.309789299964904785e-01
3.133731186389923096e-01
3.022053837776184082e-02
-1.367554366588592529e-01
4.759674891829490662e-03
1.328405737876892090e-01
1.171990513801574707e+00
9.981842041015625000e-01
7.914358973503112793e-01
1.559147834777832031e-01
2.415429353713989258e-01
-5.754699110984802246e-01
-1.565869748592376709e-01
-5.207054018974304199e-01
2.624032497406005859e-01
-4.612603485584259033e-01
-1.219588756561279297e+00
-5.801813006401062012e-01
3.049715459346771240e-01
4.202869236469268799e-01
7.162781953811645508e-01
-6.581766158342361450e-02
3.341619968414306641e-01
-2.666650116443634033e-01
-3.527939021587371826e-01
-6.455496549606323242e-01
3.892633318901062012e-01
1.569475978612899780e-01
4.238122403621673584e-01
2.587862610816955566e-01
3.014901578426361084e-01
1.225829869508743286e-01
6.107856035232543945e-01
1.104997515678405762e+00
6.605820655822753906e-01
-1.624150201678276062e-02
-5.459818243980407715e-01
-1.331965625286102295e-01
2.360721528530120850e-01
-6.389811635017395020e-01
-2.270551174879074097e-01
8.217009902000427246e-02
-3.377445340156555176e-01
2.182611972093582153e-01
-7.954431176185607910e-01
8.442984521389007568e-02
1.724467277526855469e-01
-2.629261231049895287e-03
-3.103807270526885986e-01
-3.928597085177898407e-03
-2.847955934703350067e-02
3.920547366142272949e-01
-4.484539106488227844e-02
5.580285191535949707e-01
4.414632022380828857e-01
-4.872104898095130920e-02
-7.528991252183914185e-02
7.296733260154724121e-01
7.413116097450256348e-02
5.873211026191711426e-01
7.735410928726196289e-01
4.867103695869445801e-02
7.113923430442810059e-01
9.593555331230163574e-02
2.404371052980422974e-01
2.998433634638786316e-02
2.408144809305667877e-02
-4.084431827068328857e-01
-8.883609175682067871e-01
-4.592044353485107422e-01
-6.638177633285522461e-01
1.636120676994323730e-01
-8.251074701547622681e-02
8.371572494506835938e-01
1.132414102554321289e+00
4.996332228183746338e-01
6.914957165718078613e-01
3.226286768913269043e-01
-2.840162953361868858e-03
2.786227464675903320e-01
6.373362988233566284e-02
-1.836675219237804413e-02
-9.233108758926391602e-01
-1.273127458989620209e-02
-5.362207889556884766e-01
6.826984696090221405e-03
-3.545732498168945312e-01
-5.461805313825607300e-02
2.202566713094711304e-01
-1.460667550563812256e-01
-2.148053608834743500e-02
-2.331817150115966797e-01
-1.909572780132293701e-01
4.545295536518096924e-01
-2.332783639430999756e-01
-1.030700355768203735e-01
2.372442185878753662e-01
3.805782198905944824e-01
-3.310260176658630371e-01
3.916479945182800293e-01
2.450173646211624146e-01
5.680284500122070312e-01
3.263759016990661621e-01
3.351841568946838379e-01
-1.104296922683715820e+00
-7.405900955200195312e-01
-4.666312932968139648e-01
1.513308525085449219e+00
8.043826818466186523e-01
6.903721094131469727e-01
-3.646426498889923096e-01
2.698990106582641602e-01
4.236245155334472656e-01
3.133327960968017578e-01
1.277454942464828491e-01
4.895640313625335693e-01
5.223907828330993652e-01
2.025148570537567139e-01
-3.372611701488494873e-01
-2.262421995401382446e-01
6.755122542381286621e-02
-3.442136943340301514e-01
-2.646909058094024658e-01
-1.736107915639877319e-01
-3.498864471912384033e-01
-3.455669581890106201e-01
-1.011452913284301758e+00
5.036485791206359863e-01
-1.980454176664352417e-01
6.565735936164855957e-01
-5.315495729446411133e-01
9.804310649633407593e-02
5.031248331069946289e-01
-3.274584561586380005e-02
3.983502388000488281e-01
1.518090665340423584e-01
1.689058780670166016e+00
1.247412681579589844e+00
1.455075442790985107e-01
3.466349840164184570e-01
-2.793191075325012207e-01
6.391521692276000977e-01
6.744061112403869629e-01
-3.838093876838684082e-01
-4.166238009929656982e-01
-9.681929349899291992e-01
-5.904994904994964600e-03
1.459681987762451172e-01
-3.432998061180114746e-01
3.120508491992950439e-01
-3.947155550122261047e-02
-2.957132160663604736e-01
-1.735342890024185181e-01
3.242058157920837402e-01
4.853124022483825684e-01
-5.817194581031799316e-01
3.276973366737365723e-01
6.755685061216354370e-02
-2.277216464281082153e-01
-7.927470803260803223e-01
2.891111373901367188e-01
5.674164891242980957e-01
-1.507849991321563721e-01
5.289065837860107422e-01
-1.773744076490402222e-01
-1.211530342698097229e-01
-1.228153631091117859e-01
8.460740000009536743e-02
1.731158196926116943e-01
1.070668548345565796e-01
-9.472871199250221252e-03
1.954638063907623291e-01
-7.730307579040527344e-01
1.299977898597717285e-01
3.875122368335723877e-01
-5.000957101583480835e-02
-3.635248541831970215e-02
1.291099429130554199e+00
2.713070809841156006e-01
6.651203632354736328e-01
3.320406973361968994e-01
7.373908162117004395e-01
-2.412511855363845825e-01
1.483076512813568115e-01
-4.582767784595489502e-01
-4.476943612098693848e-01
-9.912455677986145020e-01
1.095691695809364319e-01
-2.091052830219268799e-01
-8.373707532882690430e-02
-4.357493221759796143e-01
-3.103747963905334473e-01
-6.502580046653747559e-01
-5.275759696960449219e-01
-5.060144066810607910e-01
-5.533757805824279785e-01
3.051253557205200195e-01
1.351050585508346558e-01
-1.903287768363952637e-01
1.218049898743629456e-01
4.414762854576110840e-01
6.686321496963500977e-01
-4.495197236537933350e-01
-1.847756654024124146e-02
-5.775237679481506348e-01
9.345326423645019531e-01
1.822418928146362305e+00
1.528824210166931152e+00
8.584319353103637695e-01
1.546719372272491455e-01
-7.580110430717468262e-02
2.902456820011138916e-01
2.472562491893768311e-01
8.270593881607055664e-01
-6.956582069396972656e-01
4.340251684188842773e-01
-1.874338537454605103e-01
-3.387046456336975098e-01
-6.988347172737121582e-01
-2.748608291149139404e-01
3.959655463695526123e-01
1.515825510025024414e+00
-5.057525634765625000e-01
-6.925892233848571777e-01
6.826740503311157227e-01
-6.133978962898254395e-01
4.111361503601074219e-02
-1.755865812301635742e+00
-5.359098315238952637e-01
1.144975781440734863e+00
1.833291769027709961e+00
-7.008636742830276489e-02
2.037380784749984741e-01
6.302197575569152832e-01
-1.101304963231086731e-02
1.758111596107482910e+00
-6.629213094711303711e-01
3.992583751678466797e-01
6.990910042077302933e-03
-1.261694282293319702e-01
3.662588298320770264e-01
-4.024587869644165039e-01
3.122530579566955566e-01
-4.026004076004028320e-01
-1.476901620626449585e-01
3.486070930957794189e-01
1.423390865325927734e+00
8.004906773567199707e-01
7.401831746101379395e-01
3.136880397796630859e-01
-2.096468508243560791e-01
-1.081175263971090317e-02
-8.771108388900756836e-01
-2.848956286907196045e-01
-2.476576417684555054e-01
-1.869375109672546387e-01
9.894820302724838257e-02
-1.398400962352752686e-01
4.554794430732727051e-01
-2.384557127952575684e-01
1.275827884674072266e-01
-4.633184969425201416e-01
-9.581098333001136780e-03
-3.361501991748809814e-01
-6.049820780754089355e-01
-1.288479417562484741e-01
-3.152865469455718994e-01
-4.552419856190681458e-02
2.320814728736877441e-01
5.000103116035461426e-01
-3.089657723903656006e-01
-5.931913256645202637e-01
6.119467616081237793e-01
6.452420353889465332e-01
1.315081000328063965e+00
1.259052515029907227e+00
9.726914763450622559e-01
-9.198262095451354980e-01
7.669804990291595459e-02
-2.576301395893096924e-01
9.755033254623413086e-01
4.340177476406097412e-01
5.768811702728271484e-01
-6.160624623298645020e-01
7.638067752122879028e-02
5.351509451866149902e-01
3.216929435729980469e-01
-4.262551665306091309e-04
-4.487800896167755127e-01
-7.931388616561889648e-01
-5.068110227584838867e-01
-6.403760313987731934e-01
-3.917784690856933594e-01
-5.583126544952392578e-01
-4.424368143081665039e-01
1.044215708971023560e-01
-1.264728605747222900e-01
5.604997277259826660e-01
6.500740051269531250e-01
7.490625381469726562e-01
-1.865027993917465210e-01
-4.674526751041412354e-01
4.421347975730895996e-01
-3.817420005798339844e-01
1.120110601186752319e-01
-2.923300303518772125e-02
2.921144366264343262e-01
1.076386794447898865e-01
-4.550571367144584656e-02
6.279214620590209961e-01
8.071827292442321777e-01
8.427087664604187012e-01
1.933072209358215332e-01
-3.622030913829803467e-01
-7.602410912513732910e-01
-3.821892142295837402e-01
-3.473633527755737305e-01
-9.794186055660247803e-02
3.722182214260101318e-01
1.708890348672866821e-01
-5.066446065902709961e-01
2.179808169603347778e-01
-1.680049747228622437e-01
