-3.215006589889526367e-01
-2.101759761571884155e-01
-5.767127871513366699e-01
3.714396655559539795e-01
-6.749165058135986328e-02
1.276707928627729416e-02
-3.283244073390960693e-01
-5.894827246665954590e-01
-6.475992202758789062e-01
-4.462206065654754639e-01
-1.430263556540012360e-02
2.811043560504913330e-01
5.973318815231323242e-01
1.961576193571090698e-01
1.165925040841102600e-01
2.605440616607666016e-01
9.761071950197219849e-02
-1.476135551929473877e-01
9.589660912752151489e-02
2.336668223142623901e-01
1.274034261703491211e+00
4.348110258579254150e-01
1.044755876064300537e-01
2.122202664613723755e-01
1.107533693313598633e+00
-2.237037867307662964e-01
-1.270692199468612671e-01
-2.978126108646392822e-01
-1.101253740489482880e-02
-1.947890818119049072e-01
2.915100157260894775e-01
5.088714361190795898e-01
3.412222564220428467e-01
-3.374509811401367188e-01
6.354999542236328125e-01
-7.693840265274047852e-01
-2.589439041912555695e-03
7.229916751384735107e-02
1.005046963691711426e-01
-3.206912875175476074e-01
-5.281381011009216309e-01
6.205717325210571289e-01
2.890311479568481445e-01
2.898206114768981934e-01
2.903404235839843750e-01
-5.332795977592468262e-01
-8.892810344696044922e-01
-3.045731484889984131e-01
5.686053261160850525e-02
-8.028312921524047852e-01
-2.551549375057220459e-01
4.949356019496917725e-01
-3.146741092205047607e-01
-8.607100695371627808e-02
-2.126881778240203857e-01
4.188777506351470947e-01
-9.469573199748992920e-02
3.970552682876586914e-01
1.915830373764038086e-01
5.576184950768947601e-03
-3.697363436222076416e-01
3.463214263319969177e-02
8.398046493530273438e-01
5.226109623908996582e-01
1.995897740125656128e-01
6.123397350311279297e-01
2.351414114236831665e-01
-2.687959671020507812e-01
3.268918991088867188e-01
3.293783068656921387e-01
7.352524250745773315e-02
-5.122236609458923340e-01
-6.155388355255126953e-01
1.716778874397277832e-01
1.451433748006820679e-01
1.399894356727600098e-01
5.330356359481811523e-01
1.025778412818908691e+00
1.253558993339538574e-01
-9.994264692068099976e-02
-1.337170302867889404e-01
-4.737076461315155029e-01
-9.510792493820190430e-01
-1.907277554273605347e-01
-8.453696370124816895e-01
-5.442805290222167969e-01
2.193839251995086670e-01
2.537691295146942139e-01
2.251004725694656372e-01
1.434247642755508423e-01
4.583749473094940186e-01
-2.930370718240737915e-02
-8.444772660732269287e-02
3.369295001029968262e-01
3.749585151672363281e-01
9.525999426841735840e-02
9.331252425909042358e-02
-5.107489228248596191e-01
2.301229983568191528e-01
9.231682419776916504e-01
5.970661640167236328e-01
-4.405492544174194336e-01
3.443661630153656006e-01
2.040396928787231445e-01
-6.489992737770080566e-01
-2.128144726157188416e-02
-2.295808941125869751e-01
6.955296993255615234e-01
1.729684323072433472e-01
-2.489051520824432373e-01
-1.929400414228439331e-01
-4.476022422313690186e-01
6.374611258506774902e-01
2.112929821014404297e-01
-6.706215739250183105e-01
-3.000523149967193604e-01
2.763937413692474365e-01
-2.312752455472946167e-01
3.954755067825317383e-01
1.166258081793785095e-01
2.970977723598480225e-01
-2.966187596321105957e-01
3.165629878640174866e-02
3.485518395900726318e-01
1.908108890056610107e-01
-3.246598243713378906e-01
4.390811026096343994e-01
-5.872997641563415527e-01
-7.635959386825561523e-01
8.087078481912612915e-02
3.818998932838439941e-01
5.115898847579956055e-01
3.097280561923980713e-01
-1.287277042865753174e-01
1.622171998023986816e-01
-7.439155131578445435e-02
8.763220161199569702e-02
5.461620092391967773e-01
2.493584901094436646e-01
-4.767417907714843750e-01
4.659400507807731628e-02
-9.574932605028152466e-02
5.040460824966430664e-02
2.043265104293823242e-01
6.238921880722045898e-01
-2.518976926803588867e-01
3.572925627231597900e-01
4.822282120585441589e-02
2.047930508852005005e-01
2.113426327705383301e-01
-3.945501744747161865e-01
2.660678923130035400e-01
-1.619053184986114502e-01
-5.602973699569702148e-01
-8.502793312072753906e-02
-3.176841139793395996e-01
-5.085468888282775879e-01
-3.895022347569465637e-02
4.978557303547859192e-02
-2.759173810482025146e-01
2.991156876087188721e-01
4.477840363979339600e-01
1.848507672548294067e-01
3.553453087806701660e-01
4.628043472766876221e-01
-3.333128690719604492e-01
6.433688104152679443e-02
6.073016524314880371e-01
-4.357812926173210144e-02
9.893813729286193848e-02
-3.491844609379768372e-02
-5.754966139793395996e-01
-3.226990997791290283e-02
-2.132294774055480957e-01
-4.482606053352355957e-01
-2.062592059373855591e-01
4.598452746868133545e-01
4.179117679595947266e-01
1.586017906665802002e-01
8.223382234573364258e-01
1.294883340597152710e-01
9.271731376647949219e-01
-3.746995031833648682e-01
-1.212633028626441956e-01
-6.392562985420227051e-01
-2.038215994834899902e-01
-3.449009656906127930e-01
-2.433207929134368896e-01
4.417589679360389709e-02
2.200814187526702881e-01
-6.588483452796936035e-01
1.731819212436676025e-01
4.389911890029907227e-01
-1.412612795829772949e-01
-6.334738433361053467e-02
2.842267453670501709e-01
2.951970100402832031e-01
-1.774728596210479736e-01
-1.406717449426651001e-01
-5.209051966667175293e-01
2.603045664727687836e-02
3.578320145606994629e-01
2.041470557451248169e-01
2.026969194412231445e-01
8.382954448461532593e-02
-5.193575024604797363e-01
4.669064655900001526e-02
1.127090230584144592e-01
4.956384301185607910e-01
2.434888333082199097e-01
1.108158156275749207e-01
4.407837390899658203e-01
-1.182592287659645081e-02
-1.724611222743988037e-01
1.127618253231048584e-01
5.642329901456832886e-02
4.882013797760009766e-01
5.937033891677856445e-01
-5.445192568004131317e-03
3.676312565803527832e-01
1.889400333166122437e-01
6.620460748672485352e-01
-4.386959671974182129e-01
1.055206209421157837e-01
-1.470767110586166382e-01
-1.403267830610275269e-01
-4.112642407417297363e-01
-6.103860139846801758e-01
3.289336860179901123e-01
-5.916580557823181152e-01
-9.569011926651000977e-01
-2.295385748147964478e-01
-4.088620841503143311e-01
-4.432419314980506897e-02
3.755068778991699219e-01
2.214564383029937744e-01
3.182884678244590759e-02
7.607659697532653809e-01
6.432236433029174805e-01
5.218428000807762146e-02
1.252097189426422119e-01
-1.758802533149719238e-01
5.322073101997375488e-01
2.378257066011428833e-01
1.062428131699562073e-01
1.997014433145523071e-01
8.446208238601684570e-01
-7.259274125099182129e-01
6.680089831352233887e-01
-1.714295148849487305e-01
-1.782752573490142822e-01
-2.942095696926116943e-01
2.199050970375537872e-02
3.432606905698776245e-02
-1.371274441480636597e-01
6.265092492103576660e-01
7.438793182373046875e-01
-2.483996599912643433e-01
5.861998200416564941e-01
-9.611713886260986328e-02
1.746850490570068359e+00
6.776474714279174805e-01
2.409786880016326904e-01
2.039707601070404053e-01
2.852436900138854980e-01
-1.458656508475542068e-02
-2.044768929481506348e-01
3.885477781295776367e-01
-6.046342253684997559e-01
1.687608361244201660e-01
-8.394811153411865234e-01
-6.087336540222167969e-01
-1.677414327859878540e-01
-5.013514161109924316e-01
-4.948346316814422607e-01
2.603492699563503265e-02
-1.917854845523834229e-01
-4.601949751377105713e-01
-1.877544671297073364e-01
1.162685453891754150e-01
2.024157196283340454e-01
1.265582889318466187e-01
9.601131081581115723e-02
-2.543661296367645264e-01
1.237074583768844604e-01
-5.020864680409431458e-02
5.046275854110717773e-01
-2.193090617656707764e-01
1.062486052513122559e+00
5.772584080696105957e-01
1.013391494750976562e+00
1.951104849576950073e-01
6.381986737251281738e-01
-1.198858469724655151e-01
-3.726643919944763184e-01
1.695168390870094299e-02
1.902114832773804665e-03
-7.034113407135009766e-01
-4.618494510650634766e-01
-1.994549632072448730e-01
-8.539879322052001953e-01
1.152110099792480469e-02
-6.199696660041809082e-01
-1.883220821619033813e-01
1.421131193637847900e-01
9.673529267311096191e-01
1.198215365409851074e+00
5.932171940803527832e-01
6.666224598884582520e-01
6.126033663749694824e-01
-3.667534589767456055e-01
4.445591568946838379e-01
-2.860095202922821045e-01
-2.068191915750503540e-01
5.131436586380004883e-01
1.102543547749519348e-01
-6.757846474647521973e-01
3.864860236644744873e-01
7.452576756477355957e-01
-4.618715345859527588e-01
3.376793265342712402e-01
-3.207654654979705811e-01
4.026553332805633545e-01
-5.321000218391418457e-01
2.619822323322296143e-01
-3.177360296249389648e-01
-8.988886475563049316e-01
-1.643111705780029297e-01
-1.990336924791336060e-01
-5.002915859222412109e-01
3.406873941421508789e-01
-9.026702642440795898e-01
3.045843541622161865e-01
-1.844556927680969238e-01
4.175691306591033936e-01
1.453642010688781738e+00
7.259294986724853516e-01
-1.001727432012557983e-01
1.504470854997634888e-01
2.417792975902557373e-01
-4.807330369949340820e-01
9.779004752635955811e-02
8.910123705863952637e-01
8.879227638244628906e-01
9.707817435264587402e-01
5.045544505119323730e-01
-6.849371641874313354e-02
-4.831109046936035156e-01
-3.909052610397338867e-01
-4.394609928131103516e-01
-9.918637275695800781e-01
-6.387952566146850586e-01
-7.845087647438049316e-01
-3.547145724296569824e-01
-6.163298487663269043e-01
-1.569200009107589722e-01
-6.779888272285461426e-01
-7.124215364456176758e-03
5.012031197547912598e-01
1.083088755607604980e+00
1.125712513923645020e+00
1.267612099647521973e+00
8.427561521530151367e-01
1.909779310226440430e-01
-7.700787782669067383e-01
-1.393628120422363281e-01
-6.988747715950012207e-01
-7.029241323471069336e-01
-3.443227410316467285e-01
-2.129163295030593872e-01
-1.254648268222808838e-01
-6.403553485870361328e-01
1.880090534687042236e-01
2.804104089736938477e-01
9.522722363471984863e-01
3.013942837715148926e-01
-2.624376416206359863e-01
-9.693259596824645996e-01
-9.028492569923400879e-01
-2.707166671752929688e-01
7.136721611022949219e-01
5.023424625396728516e-01
2.967466115951538086e-01
2.027465999126434326e-01
-1.090451359748840332e+00
2.952924966812133789e-01
1.600532680749893188e-01
2.495953142642974854e-01
1.564957015216350555e-02
1.303177177906036377e-01
6.553671360015869141e-01
3.475879430770874023e-01
6.830166578292846680e-01
2.311290800571441650e-02
1.314813047647476196e-01
-5.077797174453735352e-01
-4.765263497829437256e-01
-4.021599590778350830e-01
3.010166883468627930e-01
-5.034705400466918945e-01
1.439491808414459229e-01
3.541510701179504395e-01
8.634984493255615234e-01
-1.336413025856018066e-01
8.734582066535949707e-01
7.660058885812759399e-02
-3.854965046048164368e-02
-1.823271661996841431e-01
-1.880266219377517700e-01
3.074958454817533493e-03
3.499513864517211914e-01
-3.036586642265319824e-01
-1.884898096323013306e-01
2.345251888036727905e-01
4.720586240291595459e-01
-1.412143111228942871e-01
5.093221664428710938e-01
-3.834440410137176514e-01
6.681010872125625610e-02
2.226855158805847168e-01
2.920158803462982178e-01
4.246240854263305664e-01
-3.885872364044189453e-01
-1.967672407627105713e-01
7.514134049415588379e-01
-9.736876934766769409e-03
2.384724020957946777e-01
-1.635300666093826294e-01
-2.781814197078347206e-03
-8.572188019752502441e-02
3.693695664405822754e-01
-3.674536347389221191e-01
7.240433692932128906e-01
-1.010481966659426689e-03
8.189685642719268799e-02
1.723508685827255249e-01
9.304773062467575073e-02
-3.982855081558227539e-01
1.270632725208997726e-03
-3.174032866954803467e-01
-7.035738229751586914e-01
-7.385509014129638672e-01
5.088755488395690918e-02
-5.085253119468688965e-01
8.279493451118469238e-02
3.595161736011505127e-01
1.925109475851058960e-01
6.525887846946716309e-01
7.615121006965637207e-01
8.946540951728820801e-02
-3.557437956333160400e-01
7.833323478698730469e-01
7.028875946998596191e-01
-2.727993018925189972e-02
-2.502003014087677002e-01
-3.509750366210937500e-01
-5.261231213808059692e-02
-1.300562024116516113e-01
3.507090806961059570e-01
-1.811337172985076904e-01
-4.261241480708122253e-02
7.694071531295776367e-01
-7.606418430805206299e-02
-2.448213398456573486e-01
6.314992904663085938e-02
-2.972830832004547119e-01
-3.821047544479370117e-01
2.006990909576416016e-01
9.030265808105468750e-01
-2.994895279407501221e-01
5.327026844024658203e-01
-4.182263612747192383e-01
-3.302969038486480713e-01
1.013258099555969238e-01
1.622404754161834717e-01
2.784771472215652466e-02
2.146587520837783813e-01
-1.770574599504470825e-01
8.443672209978103638e-02
7.166093587875366211e-02
2.945769131183624268e-01
-1.542756706476211548e-01
-9.635534137487411499e-02
-1.688689440488815308e-01
-3.960457742214202881e-01
3.112597167491912842e-01
2.578433156013488770e-01
8.962747454643249512e-02
7.163863778114318848e-01
9.352514147758483887e-02
1.764050126075744629e-01
-7.216659188270568848e-02
1.405940484255552292e-02
-1.002779453992843628e-01
-2.679759263992309570e-02
-3.048328757286071777e-01
-8.364541530609130859e-01
-1.035669744014739990e-01
2.452287226915359497e-01
2.389988116919994354e-02
4.773998856544494629e-01
1.779852956533432007e-01
4.595318138599395752e-01
7.232216596603393555e-01
4.908200204372406006e-01
-1.750733107328414917e-01
1.246567144989967346e-01
-9.704938530921936035e-02
-4.843146502971649170e-01
-8.585522770881652832e-01
3.298970460891723633e-01
-8.721605539321899414e-01
-6.500779837369918823e-02
