-1.340087652206420898e-01
-2.168242782354354858e-01
1.148110479116439819e-01
-1.048052608966827393e-01
-2.853206396102905273e-01
-3.431084752082824707e-01
4.024996459484100342e-01
6.558182239532470703e-01
1.020100951194763184e+00
1.069123029708862305e+00
1.340176343917846680e+00
5.571038126945495605e-01
1.381152719259262085e-01
-9.975062310695648193e-02
1.588531732559204102e-01
-9.973620064556598663e-03
-4.351259171962738037e-01
-5.395535230636596680e-01
-5.881546139717102051e-01
-9.872555732727050781e-01
-4.097569882869720459e-01
-5.189515948295593262e-01
-2.961257994174957275e-01
-2.504662275314331055e-01
-5.171426534652709961e-01
-3.150383234024047852e-01
-1.346592456102371216e-01
2.097837924957275391e-01
7.870506644248962402e-01
2.784613668918609619e-01
4.084649980068206787e-01
-4.969962537288665771e-01
3.719500303268432617e-01
-3.372119665145874023e-01
4.102337062358856201e-01
-3.842421174049377441e-01
-1.595513373613357544e-01
-1.488959342241287231e-01
1.133162230253219604e-01
-6.027107834815979004e-01
4.392111301422119141e-02
-6.561484336853027344e-01
-1.483657956123352051e-01
-2.384217381477355957e-01
-3.150616884231567383e-01
2.300266735255718231e-02
-6.170612201094627380e-02
-1.078137904405593872e-01
1.482844650745391846e-01
-2.258461266756057739e-01
-1.842005252838134766e-01
-1.390515826642513275e-02
1.848786026239395142e-01
1.044443473219871521e-01
-2.240731753408908844e-02
2.190184593200683594e-01
-6.601155400276184082e-01
-2.880640029907226562e-01
-1.176507025957107544e-01
2.812008559703826904e-01
2.071107625961303711e-01
2.731418311595916748e-01
6.915574073791503906e-01
4.446836411952972412e-01
4.950582683086395264e-01
5.335717201232910156e-01
6.813632845878601074e-01
-3.795506060123443604e-01
2.512774765491485596e-01
-4.520898759365081787e-01
-2.784047126770019531e-01
-9.116742610931396484e-01
-8.858384490013122559e-01
-1.418192148208618164e+00
-1.149689435958862305e+00
-2.395971864461898804e-02
-1.845126003026962280e-01
-3.138901591300964355e-01
-3.632870912551879883e-01
9.482233971357345581e-02
6.950070858001708984e-01
2.068147212266921997e-01
3.136075735092163086e-01
6.320612132549285889e-02
4.145042896270751953e-01
1.734166741371154785e-01
-2.104749083518981934e-01
-2.894474565982818604e-01
2.997117936611175537e-01
1.672853976488113403e-01
-2.598533034324645996e-02
-2.813222110271453857e-01
-2.334236204624176025e-01
-1.317483559250831604e-02
-1.565349847078323364e-01
-3.278201818466186523e-02
-6.656359434127807617e-01
4.373330622911453247e-02
-2.476823776960372925e-01
7.904358208179473877e-02
1.072709336876869202e-01
8.925858139991760254e-02
-1.286982297897338867e-01
-3.865293860435485840e-01
1.059478223323822021e-01
-1.862541586160659790e-01
5.251496657729148865e-02
-5.137089490890502930e-01
4.590891003608703613e-01
-6.417604684829711914e-01
9.456814080476760864e-02
1.031879782676696777e-01
2.148972302675247192e-01
-1.977581828832626343e-01
4.468152821063995361e-01
3.038135170936584473e-01
5.038300752639770508e-01
-1.181052699685096741e-01
5.763269662857055664e-01
1.711802631616592407e-01
-6.389143317937850952e-02
4.792052507400512695e-02
5.075127258896827698e-02
8.739065378904342651e-02
-5.877897143363952637e-01
-5.546327233314514160e-01
-1.988937854766845703e-01
-1.607939898967742920e-01
-2.055228948593139648e-01
2.043785154819488525e-01
-3.882251679897308350e-01
-5.040856003761291504e-01
-2.384907603263854980e-01
-3.600158095359802246e-01
-6.348758935928344727e-01
-4.535878002643585205e-01
5.034274458885192871e-01
1.170753613114356995e-01
-3.394131064414978027e-01
4.137040674686431885e-02
3.111357986927032471e-01
3.035163879394531250e-01
3.821794390678405762e-01
7.767079472541809082e-01
4.567212462425231934e-01
-2.564511597156524658e-01
-5.358277559280395508e-01
-1.070563793182373047e+00
-7.009790539741516113e-01
2.493763417005538940e-01
5.184140205383300781e-01
-2.255216538906097412e-01
9.351222962141036987e-02
-2.201161831617355347e-01
5.128969550132751465e-01
-8.763773739337921143e-02
3.438976109027862549e-01
-2.547543942928314209e-01
-1.770127713680267334e-01
8.635795861482620239e-02
3.751090466976165771e-01
-4.725559055805206299e-01
-4.115554094314575195e-01
-6.229658424854278564e-02
4.699904099106788635e-02
-7.323325872421264648e-01
-7.839597016572952271e-02
7.378264069557189941e-01
3.794030249118804932e-01
3.894154727458953857e-01
-7.989301532506942749e-02
4.384870529174804688e-01
2.695765793323516846e-01
4.627664387226104736e-01
-1.350509226322174072e-01
-2.637347280979156494e-01
-7.964681386947631836e-01
-7.546327710151672363e-01
-9.799935817718505859e-01
-2.993119955062866211e-01
-4.721394181251525879e-01
-3.154152259230613708e-02
4.679067730903625488e-01
5.754572153091430664e-01
3.450496196746826172e-01
3.542597889900207520e-01
2.008279860019683838e-01
2.666368484497070312e-01
2.615432739257812500e-01
1.726067662239074707e-01
4.417286217212677002e-01
4.071781411767005920e-02
1.823271512985229492e-01
-3.640714287757873535e-01
1.973313391208648682e-01
-2.184188663959503174e-01
-2.912467122077941895e-01
-8.405870795249938965e-01
-3.216864466667175293e-01
-6.906491518020629883e-01
-2.997016608715057373e-01
1.165269613265991211e-01
-8.773996680974960327e-02
-3.531721532344818115e-01
-2.169047892093658447e-01
-1.122099310159683228e-01
6.473851799964904785e-01
4.193633496761322021e-01
1.655951142311096191e-01
-1.763539612293243408e-01
-3.007217645645141602e-01
9.421850740909576416e-02
-2.596627175807952881e-01
3.078618347644805908e-01
-8.225604891777038574e-03
-2.323456406593322754e-01
-2.038230746984481812e-01
3.908251225948333740e-01
1.224391311407089233e-01
5.061314105987548828e-01
9.655262529850006104e-02
3.697275221347808838e-01
-2.014204263687133789e-01
-9.076122641563415527e-01
-3.798709809780120850e-01
-7.777118086814880371e-01
-2.161116302013397217e-01
-1.100022569298744202e-01
-3.488677740097045898e-01
4.951842725276947021e-01
3.291635215282440186e-01
1.075959503650665283e-01
3.923147320747375488e-01
-1.476243697106838226e-02
-3.214187547564506531e-02
-2.347787469625473022e-01
6.449671089649200439e-02
3.778669238090515137e-02
-3.475555032491683960e-02
-8.246846199035644531e-01
-6.570412516593933105e-01
-2.793363332748413086e-01
-1.074377521872520447e-01
-3.356412053108215332e-02
1.569319814443588257e-01
2.566447257995605469e-01
-2.207736223936080933e-01
-3.691427409648895264e-01
-4.262205660343170166e-01
-5.015185475349426270e-01
-3.132956027984619141e-01
1.893778145313262939e-02
-2.228475511074066162e-01
-5.142691731452941895e-01
-1.863128691911697388e-01
3.744053840637207031e-01
8.031865954399108887e-01
2.439194470643997192e-01
5.002596378326416016e-01
5.186137184500694275e-02
9.106844663619995117e-02
-6.438672542572021484e-01
-4.079854860901832581e-02
-6.774835586547851562e-01
-3.941490650177001953e-01
-4.146263003349304199e-01
-3.103643953800201416e-01
-2.995229363441467285e-01
-7.777347564697265625e-01
-4.289516508579254150e-01
4.906398057937622070e-01
3.150591850280761719e-01
5.335543155670166016e-01
1.437493711709976196e-01
4.493696391582489014e-01
-4.750030860304832458e-02
-3.247626125812530518e-01
-3.384544253349304199e-01
1.202813535928726196e-01
3.153848648071289062e-01
2.198659032583236694e-01
2.404996901750564575e-01
2.532708942890167236e-01
-2.038308233022689819e-01
3.310645520687103271e-01
3.466759324073791504e-01
-1.677797675132751465e+00
-1.293763875961303711e+00
-1.424502968788146973e+00
-1.342804431915283203e+00
4.766411781311035156e-01
2.280263453722000122e-01
-2.286239527165889740e-02
-2.504278719425201416e-01
7.044925093650817871e-01
6.189201474189758301e-01
3.496076166629791260e-01
-5.034915208816528320e-01
5.539929959923028946e-03
-1.389488428831100464e-01
-1.571318134665489197e-02
3.668642044067382812e-01
-2.451814264059066772e-01
-2.024635374546051025e-01
-4.632078111171722412e-01
2.647889256477355957e-01
-7.196284085512161255e-02
1.551400721073150635e-01
1.616953462362289429e-01
4.304001480340957642e-02
-1.518637239933013916e-01
5.067096948623657227e-01
-4.708870872855186462e-02
-2.463339865207672119e-01
-5.084958672523498535e-01
-1.620070189237594604e-01
-1.125077232718467712e-01
-4.817560613155364990e-01
-2.304906845092773438e-01
-7.598829269409179688e-01
-2.073543816804885864e-01
-7.161772251129150391e-02
-5.549808740615844727e-01
1.591726392507553101e-02
-1.476044207811355591e-01
2.049625664949417114e-01
-3.771868050098419189e-01
-5.627231001853942871e-01
-1.284183114767074585e-01
-2.736204266548156738e-01
7.405243813991546631e-02
-8.258669078350067139e-02
6.206519007682800293e-01
1.885927319526672363e-01
3.173910975456237793e-01
3.050152659416198730e-01
1.865525692701339722e-01
-1.902124285697937012e-01
-1.768314689397811890e-01
1.446738988161087036e-01
-2.634841799736022949e-01
9.277606755495071411e-02
2.024178206920623779e-02
-4.544728398323059082e-01
3.456765413284301758e-01
5.226130411028862000e-02
-1.760697066783905029e-01
-4.379129707813262939e-01
-2.840375900268554688e-01
-4.583326876163482666e-01
-5.500470995903015137e-01
5.728184431791305542e-02
4.558848142623901367e-01
3.151780366897583008e-01
-3.604096174240112305e-01
-3.604695498943328857e-01
1.008331999182701111e-01
1.461098641157150269e-01
9.045307338237762451e-02
-8.373870849609375000e-01
-3.668823242187500000e-01
4.805044457316398621e-02
4.584183692932128906e-01
6.442080736160278320e-01
1.251982450485229492e-01
1.190839800983667374e-03
3.321901857852935791e-01
-7.477800846099853516e-01
2.578703165054321289e-01
3.736455366015434265e-02
2.646492123603820801e-01
-4.471946656703948975e-01
8.025918155908584595e-02
5.536634325981140137e-01
3.709150254726409912e-01
3.836580365896224976e-02
-1.530307065695524216e-02
-2.597064077854156494e-01
6.679850071668624878e-02
-2.704219222068786621e-01
4.520547986030578613e-01
-6.377641856670379639e-02
1.341704726219177246e-01
5.636373162269592285e-02
1.764924973249435425e-01
-7.411510497331619263e-02
3.093518689274787903e-02
4.173768684267997742e-05
-2.578156441450119019e-02
2.838819660246372223e-02
3.497163206338882446e-02
-9.408653974533081055e-01
-3.607693910598754883e-01
-5.945615768432617188e-01
-1.484883427619934082e-01
-3.208563625812530518e-01
-4.675411432981491089e-02
1.433060914278030396e-01
2.468664944171905518e-01
-3.385830521583557129e-01
3.974093198776245117e-01
-9.249117970466613770e-02
3.013682663440704346e-01
-5.292758941650390625e-01
-1.345056146383285522e-01
-1.919930428266525269e-01
-6.283935308456420898e-01
-1.681471616029739380e-01
2.891739606857299805e-01
7.804642319679260254e-01
2.242928892374038696e-01
-3.293975889682769775e-01
7.745238486677408218e-03
-7.408937215805053711e-01
1.892597973346710205e-01
-8.373818993568420410e-01
-2.961646020412445068e-01
-8.257467746734619141e-01
-2.117410451173782349e-01
-2.963450551033020020e-01
1.426398158073425293e-01
-2.209991812705993652e-01
1.346887946128845215e-01
6.544978916645050049e-02
4.276267588138580322e-01
8.930298686027526855e-02
2.195365130901336670e-01
2.359656691551208496e-01
6.142365559935569763e-02
2.681340575218200684e-01
-7.488337159156799316e-02
-3.643117100000381470e-02
-1.093554422259330750e-01
-4.075353145599365234e-01
1.308765113353729248e-01
-5.798247456550598145e-01
-1.925056278705596924e-01
-6.049327254295349121e-01
4.375902414321899414e-01
-8.851076364517211914e-01
7.063555717468261719e-01
-2.474984526634216309e-01
6.706243157386779785e-01
-2.043970860540866852e-03
5.340579152107238770e-01
2.002458274364471436e-01
-3.238697946071624756e-01
-1.122080922126770020e+00
-3.859823942184448242e-01
-9.630336165428161621e-01
-7.564014792442321777e-01
-4.602591395378112793e-01
-1.386622935533523560e-01
-9.736435860395431519e-02
4.266682565212249756e-01
3.115002512931823730e-01
5.524561405181884766e-01
1.100554704666137695e+00
8.801588416099548340e-01
7.133795619010925293e-01
6.083740666508674622e-02
4.042292237281799316e-01
-1.244192011654376984e-02
1.159138008952140808e-01
-5.402636528015136719e-01
-1.831706166267395020e-01
-6.572860479354858398e-01
-2.964994609355926514e-01
-1.379806399345397949e-01
-1.857513338327407837e-01
4.947904348373413086e-01
2.482499629259109497e-01
-4.026933312416076660e-01
2.126148641109466553e-01
1.093263924121856689e-02
-8.008234500885009766e-01
-6.843190193176269531e-01
-4.458649754524230957e-01
-3.637320399284362793e-01
-7.796961814165115356e-03
-2.153694443404674530e-02
1.448865085840225220e-01
9.208485484123229980e-01
3.698543012142181396e-01
2.579014897346496582e-01
-3.734783232212066650e-01
2.760159373283386230e-01
-5.518698692321777344e-01
-2.506909966468811035e-01
-8.159664869308471680e-01
1.228772550821304321e-01
-9.130539000034332275e-02
-4.227983951568603516e-01
-2.242016643285751343e-01
-1.900595426559448242e-01
2.364413626492023468e-02
-4.431603848934173584e-01
1.526689827442169189e-01
3.476195931434631348e-01
-1.963129341602325439e-01
2.587958872318267822e-01
3.774163424968719482e-01
1.531021296977996826e-01
-2.609482705593109131e-01
-3.587391972541809082e-01
5.776621401309967041e-02
2.341110557317733765e-01
3.518226742744445801e-01
5.157096982002258301e-01
-3.392529487609863281e-01
3.580512106418609619e-01
2.447035610675811768e-01
1.879399865865707397e-01
