4.157187938690185547e-01
-4.648283421993255615e-01
-1.027655676007270813e-01
-3.458454310894012451e-01
-8.938351273536682129e-01
-5.250480771064758301e-01
-5.508172512054443359e-01
2.503925003111362457e-02
4.454338550567626953e-02
-9.039404988288879395e-01
6.486085057258605957e-01
1.301662325859069824e-01
3.915519118309020996e-01
3.972000479698181152e-01
1.043754220008850098e+00
4.664508104324340820e-01
5.120469331741333008e-01
-3.643647134304046631e-01
3.630089759826660156e-01
-1.658913642168045044e-01
-7.661519646644592285e-01
5.081242918968200684e-01
4.208926856517791748e-01
-4.856983423233032227e-01
4.109217971563339233e-02
-4.024890661239624023e-01
1.184838861227035522e-01
9.034588336944580078e-01
3.253851830959320068e-01
3.235857784748077393e-01
5.784068703651428223e-01
-1.629481017589569092e-01
1.961043626070022583e-01
-7.240440845489501953e-01
2.576315104961395264e-01
-3.430370092391967773e-01
-6.268909573554992676e-01
1.580815017223358154e-01
5.669175982475280762e-01
4.971569031476974487e-02
3.379491567611694336e-01
3.609910011291503906e-01
2.851098775863647461e-01
2.510433197021484375e-01
1.667286157608032227e-01
-2.255690991878509521e-01
3.716870248317718506e-01
6.374006867408752441e-01
7.549417018890380859e-01
4.222890436649322510e-01
-8.335573971271514893e-02
2.136447839438915253e-02
-4.170579016208648682e-01
-1.813796460628509521e-01
-9.933688640594482422e-01
-2.222711965441703796e-02
-1.059468090534210205e-01
-6.113133430480957031e-01
-4.641665518283843994e-01
-1.645797789096832275e-01
-5.005192160606384277e-01
4.652915149927139282e-02
-1.862591207027435303e-01
-1.379524320363998413e-01
7.992284297943115234e-01
-3.470367491245269775e-01
6.131073236465454102e-01
5.151674151420593262e-01
4.132459759712219238e-01
3.194350600242614746e-01
2.076055705547332764e-01
-2.138045132160186768e-01
1.846522837877273560e-02
8.549135327339172363e-01
7.498567104339599609e-01
8.309221267700195312e-01
-2.926808036863803864e-02
2.257208712399005890e-02
-2.422279864549636841e-01
-4.288365840911865234e-01
-1.533706188201904297e-01
-2.170436531305313110e-01
2.536967098712921143e-01
-1.323848366737365723e-01
8.259407430887222290e-02
4.822847619652748108e-02
5.943858623504638672e-01
-3.080646395683288574e-01
-5.113369822502136230e-01
6.943807005882263184e-02
2.930683195590972900e-01
2.117927968502044678e-01
-3.400449156761169434e-01
9.446196556091308594e-01
-3.883398175239562988e-01
4.544928669929504395e-01
4.536386132240295410e-01
-4.762088060379028320e-01
-4.084880650043487549e-01
-4.685591757297515869e-01
1.385384947061538696e-01
6.387624889612197876e-02
2.210328876972198486e-01
6.427174210548400879e-01
-8.013994693756103516e-01
2.163330316543579102e-01
2.794517204165458679e-02
1.929414719343185425e-01
-3.008693754673004150e-01
-6.042440235614776611e-02
2.117890678346157074e-02
-8.194191008806228638e-02
-1.948234438896179199e-01
2.697844207286834717e-01
4.537060558795928955e-01
5.040897727012634277e-01
-1.171189188957214355e+00
3.621950745582580566e-01
1.333501338958740234e+00
2.720014452934265137e-01
1.358003467321395874e-01
-2.413830757141113281e-01
-3.119395375251770020e-01
1.465980410575866699e-01
-1.561972647905349731e-01
8.160824179649353027e-01
6.421204805374145508e-01
1.427066922187805176e-01
-2.402888834476470947e-01
-9.579478502273559570e-01
-1.303584456443786621e+00
1.584626197814941406e+00
-8.737201690673828125e-01
-8.644706606864929199e-01
2.858026623725891113e-01
-2.627852857112884521e-01
1.386301517486572266e+00
9.216102361679077148e-01
1.578269720077514648e+00
6.386988759040832520e-01
-2.141605317592620850e-01
3.818888589739799500e-02
-7.702993154525756836e-01
-7.663152813911437988e-01
2.940309047698974609e-01
-3.582537174224853516e-01
5.372976139187812805e-02
-1.000337004661560059e-01
-6.757409572601318359e-01
3.364081382751464844e-01
6.108451262116432190e-02
-7.206098735332489014e-02
5.700293779373168945e-01
-2.208124995231628418e-01
2.481260895729064941e-01
-6.979481875896453857e-02
1.660485386848449707e+00
1.115453019738197327e-01
8.528151512145996094e-01
-1.845934987068176270e-01
-4.421475529670715332e-01
2.665667608380317688e-02
-3.448472321033477783e-01
-9.493694305419921875e-01
2.800234407186508179e-02
-5.494915246963500977e-01
1.016045734286308289e-01
1.451578736305236816e-01
-2.100743204355239868e-01
-2.835471630096435547e-01
-2.337644249200820923e-01
3.632045388221740723e-01
1.564988791942596436e-01
4.940079450607299805e-01
2.315838932991027832e-01
3.041440546512603760e-01
-2.967080175876617432e-01
5.966801047325134277e-01
2.090972214937210083e-01
3.721311390399932861e-01
-3.931744992733001709e-01
-2.499684989452362061e-01
-3.284932374954223633e-01
4.816078841686248779e-01
9.025941044092178345e-02
-1.352614015340805054e-01
5.251784808933734894e-03
2.705027759075164795e-01
-5.130698680877685547e-01
-2.896984219551086426e-01
-2.901858985424041748e-01
-2.155518978834152222e-01
4.526730775833129883e-01
-6.505534797906875610e-02
9.174752831459045410e-01
5.561274290084838867e-01
5.962715148925781250e-01
-2.679971456527709961e-01
-7.180291414260864258e-02
-7.444065809249877930e-01
-6.269543766975402832e-01
2.902245521545410156e-01
-3.448113799095153809e-01
9.058727324008941650e-02
-2.347453236579895020e-01
-8.441144824028015137e-01
-1.638512760400772095e-01
-2.203676998615264893e-01
9.215333461761474609e-01
2.833791673183441162e-01
1.836780831217765808e-02
-1.335177570581436157e-01
3.986713290214538574e-01
5.570111274719238281e-01
-3.893943727016448975e-01
5.582482218742370605e-01
-5.240913629531860352e-01
3.720384240150451660e-01
2.775983810424804688e-01
9.317878484725952148e-01
7.041580677032470703e-01
9.242809414863586426e-01
-5.484376475214958191e-02
-4.279650151729583740e-01
1.913735568523406982e-01
-5.823860168457031250e-01
2.838732898235321045e-01
5.702286586165428162e-02
-4.080513417720794678e-01
-4.928100407123565674e-01
-2.162961065769195557e-01
-5.280989408493041992e-01
1.506704837083816528e-01
-1.845566332340240479e-01
-2.277398295700550079e-02
4.219616353511810303e-01
-6.435556709766387939e-02
1.963810995221138000e-03
-8.615613579750061035e-01
7.876157760620117188e-01
4.482622146606445312e-01
1.619385182857513428e-01
-4.532244056463241577e-03
-4.236342906951904297e-01
2.057280540466308594e-01
3.053349554538726807e-01
5.975233316421508789e-01
1.794960796833038330e-01
9.014707207679748535e-01
5.566928386688232422e-01
2.899545989930629730e-02
5.890566706657409668e-01
5.402863621711730957e-01
3.749778568744659424e-01
-4.201881587505340576e-01
2.531393766403198242e-01
2.747232913970947266e-01
-7.895834445953369141e-01
-9.602516293525695801e-01
-5.591476559638977051e-01
2.178292348980903625e-02
-3.066368103027343750e-01
2.362143248319625854e-01
4.100126922130584717e-01
-6.851171255111694336e-01
1.127916693687438965e+00
1.618782803416252136e-02
-1.040494918823242188e+00
1.435476541519165039e+00
6.782265752553939819e-02
6.681133508682250977e-01
3.941111266613006592e-01
-8.381439000368118286e-02
4.103908240795135498e-01
-3.302928209304809570e-01
5.655363202095031738e-01
-1.397625803947448730e-01
4.703002050518989563e-02
-7.580607384443283081e-02
-5.631325021386146545e-02
2.318772822618484497e-01
-1.076796576380729675e-01
-6.798426508903503418e-01
-1.127813816070556641e+00
6.970962882041931152e-01
7.473732531070709229e-02
3.162327036261558533e-02
-5.037576556205749512e-01
2.128551155328750610e-02
1.139176011085510254e+00
4.078121781349182129e-01
6.479404568672180176e-01
5.046311020851135254e-01
-1.824159920215606689e-01
-2.883761823177337646e-01
-1.706819236278533936e-01
2.088871449232101440e-01
-2.827088832855224609e-01
-8.468129485845565796e-02
-3.498642444610595703e-01
-4.883555695414543152e-02
5.737199634313583374e-02
5.410230159759521484e-01
4.293517470359802246e-01
4.778834581375122070e-01
9.100828766822814941e-01
1.037462279200553894e-01
4.325130283832550049e-01
1.757400631904602051e-01
-2.209789603948593140e-01
-9.449122007936239243e-04
2.637821733951568604e-01
3.091293871402740479e-01
-8.535386323928833008e-01
-1.623228937387466431e-01
1.903729885816574097e-01
2.312441729009151459e-02
-1.337127983570098877e-01
2.936517596244812012e-01
-5.509365797042846680e-01
2.023330330848693848e-02
-3.961020410060882568e-01
-1.393440216779708862e-01
-6.268314123153686523e-01
4.430864155292510986e-01
2.747326195240020752e-01
-2.774032764136791229e-02
9.504469633102416992e-01
2.887628376483917236e-01
1.699133068323135376e-01
7.624313235282897949e-01
-4.228964149951934814e-01
3.794956505298614502e-01
-1.070926427841186523e+00
1.218796968460083008e+00
5.198818445205688477e-01
3.363364934921264648e-01
-1.479517668485641479e-01
-4.264131784439086914e-01
1.047941923141479492e+00
-5.417055487632751465e-01
3.502525389194488525e-01
7.562330923974514008e-03
-7.957277446985244751e-02
-1.924927830696105957e-01
8.017774671316146851e-02
5.352170467376708984e-01
-4.531745016574859619e-01
1.384736001491546631e-01
-4.662979841232299805e-01
1.331644356250762939e-01
-5.211364626884460449e-01
-2.573156654834747314e-01
9.376700967550277710e-02
-5.099611878395080566e-01
4.497955441474914551e-01
2.517509739845991135e-03
7.636202573776245117e-01
-3.298540711402893066e-01
1.287017464637756348e-01
-3.917339444160461426e-01
-2.670876979827880859e-01
2.844907902181148529e-02
5.269094109535217285e-01
8.264315873384475708e-02
1.620768159627914429e-01
2.890809774398803711e-01
-4.364091455936431885e-01
7.959770038723945618e-03
4.272436797618865967e-01
7.351794838905334473e-01
-5.723942518234252930e-01
1.316601485013961792e-01
7.437623292207717896e-02
-8.114308118820190430e-02
-1.729103326797485352e-01
1.962937861680984497e-01
2.107108980417251587e-01
6.144606471061706543e-01
-2.907201647758483887e-01
1.406913846731185913e-01
-3.798168003559112549e-01
5.243517160415649414e-01
-2.985959649085998535e-01
-1.513424664735794067e-01
-5.952316150069236755e-02
-1.152239367365837097e-01
-3.047846853733062744e-01
-6.888163685798645020e-01
-9.156949073076248169e-02
-7.425863146781921387e-01
4.202920198440551758e-01
4.463600516319274902e-01
-2.458953410387039185e-01
4.019729495048522949e-01
1.476892977952957153e-01
3.085933327674865723e-01
-3.659187257289886475e-02
1.835521161556243896e-01
-2.789884209632873535e-01
3.840716183185577393e-01
3.998100459575653076e-01
5.963166952133178711e-01
2.629091739654541016e-01
-4.362025856971740723e-01
4.620422720909118652e-01
-1.225374117493629456e-01
-2.761475145816802979e-01
3.281580209732055664e-01
3.287093341350555420e-01
5.571633577346801758e-01
1.428846865892410278e-01
5.592266321182250977e-01
-1.857161819934844971e-01
1.069556474685668945e-01
-4.150541871786117554e-02
2.471057474613189697e-01
-3.300580009818077087e-02
-2.894551753997802734e-01
-4.761454835534095764e-02
1.581871062517166138e-01
-9.359374642372131348e-02
-2.231101989746093750e-01
-2.595748007297515869e-01
1.556557416915893555e-02
-1.179235577583312988e-01
5.277518555521965027e-02
-7.508761286735534668e-01
-1.984740197658538818e-01
3.771429955959320068e-01
-9.446907043457031250e-02
8.082440495491027832e-01
6.611198186874389648e-01
-4.269595444202423096e-01
2.414320707321166992e-01
5.682405233383178711e-01
8.561122417449951172e-01
5.798993706703186035e-01
1.242367085069417953e-02
3.822472989559173584e-01
1.003353744745254517e-01
-6.210680007934570312e-01
-1.025874540209770203e-02
-3.458341658115386963e-01
-3.524771332740783691e-01
1.396671235561370850e-01
-1.391230523586273193e-02
2.617526054382324219e-01
1.339429318904876709e-01
5.885857343673706055e-02
-4.217880964279174805e-01
2.117629051208496094e-01
8.114478588104248047e-01
-5.642488002777099609e-01
7.367191314697265625e-01
3.080709604546427727e-03
-2.978020608425140381e-01
-6.053082942962646484e-01
-1.266822338104248047e+00
8.088961839675903320e-01
-5.245872959494590759e-02
-1.323400139808654785e-01
4.637134373188018799e-01
-5.534753799438476562e-01
3.752134740352630615e-01
-3.527772724628448486e-01
3.302261233329772949e-03
1.341352760791778564e-01
3.211399018764495850e-01
5.428455024957656860e-02
5.452903509140014648e-01
3.755145072937011719e-01
-2.314170449972152710e-01
-1.343643665313720703e-01
7.663487792015075684e-01
8.007643222808837891e-01
2.375745922327041626e-01
-8.357810974121093750e-02
-2.488266080617904663e-01
7.224491238594055176e-01
6.010690331459045410e-01
4.896490871906280518e-01
-5.558488368988037109e-01
-8.735253214836120605e-01
-2.851653993129730225e-01
6.465708464384078979e-02
-4.113059043884277344e-01
-2.237770706415176392e-01
3.564921021461486816e-01
-7.852083444595336914e-01
2.586620151996612549e-01
-1.107803285121917725e-01
2.241789698600769043e-01
3.975572884082794189e-01
5.950022935867309570e-01
9.206379652023315430e-01
-4.368923604488372803e-02
2.855718731880187988e-01
5.261583924293518066e-01
-4.472449794411659241e-02
-1.294708251953125000e-01
-8.265582323074340820e-01
-6.668055057525634766e-01
1.593998223543167114e-01
-4.858527779579162598e-01
-2.726735472679138184e-01
-2.316820323467254639e-01
4.189855158329010010e-01
6.510525345802307129e-01
-5.602825284004211426e-01
1.732993870973587036e-02
-4.226977825164794922e-01
1.135854125022888184e-01
