-1.201449036598205566e-01
-7.812488079071044922e-02
-3.083573877811431885e-01
8.093995973467826843e-03
3.213334083557128906e-01
-2.689816057682037354e-01
-1.943513751029968262e-01
1.027120277285575867e-02
-2.237416207790374756e-01
-9.166954159736633301e-01
1.235036253929138184e-01
-1.257583945989608765e-01
3.050604164600372314e-01
8.744339644908905029e-02
-6.936580687761306763e-02
5.784394145011901855e-01
1.260698318481445312e+00
9.712262451648712158e-02
1.944026201963424683e-01
1.941324621438980103e-01
1.875317394733428955e-01
6.333676576614379883e-01
3.060835897922515869e-01
-3.279230892658233643e-01
1.938639208674430847e-02
-6.397918462753295898e-01
-3.221855163574218750e-01
-5.095782279968261719e-01
7.065156847238540649e-02
-7.182195782661437988e-02
6.596606224775314331e-02
-8.521824330091476440e-02
6.094632744789123535e-01
-6.142550706863403320e-01
3.288371562957763672e-01
-6.629852056503295898e-01
-2.564148008823394775e-01
1.866175234317779541e-01
3.450903296470642090e-01
4.877450168132781982e-01
3.865612447261810303e-01
-5.118615627288818359e-01
1.825380682945251465e+00
7.290171980857849121e-01
6.716772317886352539e-01
3.347240984439849854e-01
-2.178277969360351562e-01
4.068164899945259094e-02
2.457854002714157104e-01
-1.277284771203994751e-01
-3.145158588886260986e-01
-3.656382262706756592e-01
1.030248869210481644e-02
-6.199780106544494629e-01
-1.798908859491348267e-01
3.723147809505462646e-01
3.603982925415039062e-01
-1.658720821142196655e-01
-6.400315165519714355e-01
-4.194574356079101562e-01
-6.757269501686096191e-01
-2.583754658699035645e-01
1.199469566345214844e-01
1.449061930179595947e-01
2.509792745113372803e-01
-3.299253880977630615e-01
-2.026168853044509888e-01
-2.285297960042953491e-01
1.267221927642822266e+00
9.332730770111083984e-01
1.050104141235351562e+00
1.710348725318908691e-01
-8.190574124455451965e-03
7.263929396867752075e-02
-1.249409168958663940e-01
2.084409594535827637e-01
1.282884925603866577e-01
1.656586118042469025e-02
-3.884786963462829590e-01
-7.744479775428771973e-01
-9.447523951530456543e-02
-2.126193791627883911e-01
-1.849663443863391876e-02
-2.364990413188934326e-01
5.422972887754440308e-02
-1.019577011466026306e-01
-3.092901967465877533e-02
1.989195942878723145e-01
8.942481279373168945e-01
1.375887870788574219e+00
5.934892892837524414e-01
4.426647126674652100e-01
-6.755758523941040039e-01
2.510953247547149658e-01
-4.252656698226928711e-01
-1.950505673885345459e-01
-2.760244011878967285e-01
-2.753081321716308594e-01
-4.049670398235321045e-01
4.617230594158172607e-01
5.496389865875244141e-01
-5.504152178764343262e-01
-2.580925822257995605e-01
1.009358540177345276e-01
-5.656316280364990234e-01
1.878975331783294678e-01
4.254948347806930542e-02
-1.320032030344009399e-01
2.910338938236236572e-01
-1.769100874662399292e-01
-3.317461311817169189e-01
4.531874060630798340e-01
2.518520355224609375e-01
-4.057296514511108398e-01
-2.857683897018432617e-01
-8.505762815475463867e-01
9.427804350852966309e-01
6.506223082542419434e-01
4.179183542728424072e-01
3.301002979278564453e-01
1.369567662477493286e-01
-2.093555629253387451e-01
-2.499528974294662476e-01
-1.968327909708023071e-01
4.314607083797454834e-01
8.024927973747253418e-02
-3.159892559051513672e-01
3.840264081954956055e-01
-3.853342831134796143e-01
5.990248918533325195e-01
5.314767360687255859e-01
5.864810571074485779e-02
-5.798696875572204590e-01
2.120735496282577515e-01
1.074749946594238281e+00
-4.012973010540008545e-01
1.299653947353363037e-01
3.386158347129821777e-01
-8.496266603469848633e-02
5.681828856468200684e-01
-6.412294507026672363e-01
-7.695296406745910645e-01
-1.776111721992492676e-01
-2.645119130611419678e-01
3.078450262546539307e-01
-1.256539821624755859e-01
-2.354393601417541504e-01
-1.976067572832107544e-01
-2.543095350265502930e-01
-1.829984635114669800e-01
1.325788736343383789e+00
7.449209690093994141e-01
6.152582168579101562e-01
-5.131705403327941895e-01
1.678483486175537109e-01
-2.051813751459121704e-01
4.293160736560821533e-01
2.802920639514923096e-01
4.308502376079559326e-01
-1.277575641870498657e-01
2.776218354701995850e-01
4.811134655028581619e-03
-3.366388976573944092e-01
-7.137989401817321777e-01
-3.745717704296112061e-01
-3.140113055706024170e-01
1.391056627035140991e-01
6.063432097434997559e-01
4.122686684131622314e-01
-1.483304500579833984e-01
-1.788390278816223145e-01
-3.725185692310333252e-01
1.747655272483825684e-01
2.954332530498504639e-01
-2.092014998197555542e-01
1.329141706228256226e-01
6.820314377546310425e-02
5.822235345840454102e-01
-1.324622631072998047e-01
-4.127955809235572815e-02
-3.930442929267883301e-01
6.045939028263092041e-02
-1.370693892240524292e-01
-1.027971431612968445e-01
7.622805889695882797e-03
6.204437464475631714e-02
-4.086279496550559998e-02
-5.975912213325500488e-01
1.062817201018333435e-01
-5.056843906641006470e-02
3.848215043544769287e-01
-3.316695094108581543e-01
3.589105010032653809e-01
-1.694847084581851959e-02
1.593110680580139160e+00
6.930154561996459961e-01
7.384967803955078125e-01
3.061331063508987427e-02
2.332742661237716675e-01
-1.001728102564811707e-01
-6.570035219192504883e-01
-2.877341508865356445e-01
2.870935499668121338e-01
-3.153298199176788330e-01
-5.805928111076354980e-01
-7.531365752220153809e-01
-3.554297685623168945e-01
-4.487550631165504456e-02
2.990385293960571289e-01
5.299352407455444336e-01
-1.070148050785064697e-01
2.105063945055007935e-01
-4.644045829772949219e-01
-3.408674895763397217e-01
1.114615499973297119e-01
1.047500520944595337e-01
-7.610897999256849289e-03
7.146976888179779053e-02
-3.232739865779876709e-02
3.894646465778350830e-02
1.888765245676040649e-01
1.509968519210815430e+00
5.631501078605651855e-01
5.402770042419433594e-01
2.883441448211669922e-01
3.137952983379364014e-01
-3.071043193340301514e-01
3.292032480239868164e-01
-8.357020616531372070e-01
-1.650863140821456909e-01
-6.650065630674362183e-02
-1.303557157516479492e-01
-1.608577072620391846e-01
-1.693234592676162720e-01
-7.092911750078201294e-03
5.362643003463745117e-01
-1.165045052766799927e-01
-1.024279743432998657e-01
8.843797445297241211e-02
-3.114619255065917969e-01
4.363065958023071289e-01
-1.254027187824249268e-01
4.877254664897918701e-01
-2.257727086544036865e-01
-2.999700903892517090e-01
-3.190823495388031006e-01
4.043432176113128662e-01
3.420063257217407227e-01
6.086558103561401367e-01
7.161267995834350586e-01
1.611474901437759399e-02
2.482790052890777588e-01
3.483363389968872070e-01
4.601298570632934570e-01
4.470672607421875000e-01
5.353296175599098206e-02
-5.917264819145202637e-01
-5.584186315536499023e-01
-3.008286654949188232e-01
-1.732388138771057129e-01
-5.537353157997131348e-01
6.993650794029235840e-01
7.846040725708007812e-01
4.286364316940307617e-01
3.509311378002166748e-01
4.489448964595794678e-01
4.610253870487213135e-01
-2.865064144134521484e-02
2.218081653118133545e-01
1.372643560171127319e-01
-4.373414814472198486e-01
-6.312567591667175293e-01
3.576155379414558411e-02
-9.728550910949707031e-02
-3.500222861766815186e-01
-1.902841925621032715e-01
-1.282814294099807739e-01
4.182505607604980469e-02
-4.007865488529205322e-01
-6.860068440437316895e-01
-9.929748252034187317e-03
1.804331317543983459e-02
3.229003250598907471e-01
-1.488178372383117676e-01
1.809464395046234131e-02
-1.149656549096107483e-01
9.095232933759689331e-02
-2.943790853023529053e-01
-8.214082568883895874e-03
4.381271600723266602e-01
2.748267650604248047e-01
4.861393570899963379e-01
5.748066306114196777e-01
-3.173032030463218689e-02
-3.431725800037384033e-01
8.579918146133422852e-01
9.785005450248718262e-01
2.377607226371765137e-01
-1.925433725118637085e-01
-1.890969276428222656e-01
-4.004438817501068115e-01
3.659981787204742432e-01
2.644156217575073242e-01
2.755808532238006592e-01
-2.260744571685791016e-01
5.070584416389465332e-01
-5.925427675247192383e-01
3.374600037932395935e-02
-2.025506049394607544e-01
-8.361567556858062744e-02
-5.096028447151184082e-01
9.641724824905395508e-02
-6.410847306251525879e-01
-4.011976122856140137e-01
-2.163140177726745605e-01
5.783473253250122070e-01
2.965550720691680908e-01
1.741804555058479309e-02
1.474378108978271484e-01
-1.933811232447624207e-02
8.629412204027175903e-02
3.572896420955657959e-01
3.987004607915878296e-02
-2.613601386547088623e-01
1.247636079788208008e+00
9.526939392089843750e-01
3.560906350612640381e-01
-2.983582764863967896e-02
2.587821185588836670e-01
-3.500440716743469238e-01
4.757707417011260986e-01
3.961992915719747543e-04
1.390064060688018799e-01
-7.174825072288513184e-01
-1.252205371856689453e-01
5.377363562583923340e-01
6.615872383117675781e-01
-1.676288992166519165e-01
-2.661493420600891113e-01
-1.126628294587135315e-01
-4.159742891788482666e-01
-2.454097568988800049e-01
3.455705642700195312e-01
-4.439096450805664062e-01
-2.608849108219146729e-01
3.215048015117645264e-01
-2.605164051055908203e-01
-5.539043545722961426e-01
-2.515577524900436401e-02
6.665087342262268066e-01
4.238077700138092041e-01
6.895866245031356812e-02
2.593343555927276611e-01
-2.182179242372512817e-01
-6.721453741192817688e-03
-2.497988939285278320e-01
6.998198032379150391e-01
-3.144375085830688477e-01
9.841751307249069214e-02
1.264106929302215576e-01
-5.487937852740287781e-02
-4.742097854614257812e-01
-4.917829856276512146e-02
3.542200028896331787e-01
-4.897936880588531494e-01
1.228173136711120605e+00
6.808183789253234863e-01
2.470761686563491821e-01
4.229418337345123291e-01
4.907390177249908447e-01
2.485733181238174438e-01
4.970264434814453125e-02
2.735804915428161621e-01
-7.519086003303527832e-01
-8.060961961746215820e-01
-5.739391446113586426e-01
5.620795488357543945e-02
-2.474313378334045410e-01
-1.041445061564445496e-01
-4.721377491950988770e-01
-3.994111344218254089e-02
-5.760475397109985352e-01
-2.360689342021942139e-01
-7.266339659690856934e-01
1.031478345394134521e-01
1.732747256755828857e-01
2.088194042444229126e-01
-2.394298315048217773e-01
9.403461590409278870e-04
-1.876405626535415649e-01
4.997836947441101074e-01
2.902738451957702637e-01
4.590455889701843262e-01
-5.635701119899749756e-03
1.628839612007141113e+00
5.762526988983154297e-01
6.724659800529479980e-01
-2.302163094282150269e-01
5.579223632812500000e-01
-4.086774289608001709e-01
2.075109779834747314e-01
-3.724474459886550903e-02
8.347260206937789917e-02
-3.949959576129913330e-01
3.670926392078399658e-02
2.200017869472503662e-01
-1.510586403310298920e-02
1.020138245075941086e-02
-8.616608977317810059e-01
1.673010110855102539e+00
-1.466316580772399902e-01
-4.385845363140106201e-01
8.755369186401367188e-01
-3.296057879924774170e-01
5.915286540985107422e-01
-3.739951178431510925e-03
2.269874811172485352e-01
6.421592235565185547e-01
1.952291727066040039e-01
-3.431605100631713867e-01
-5.670379102230072021e-02
-6.344783306121826172e-02
1.542998552322387695e-01
-2.368195950984954834e-01
2.172857895493507385e-02
-6.224538087844848633e-01
5.518029928207397461e-01
1.631831377744674683e-02
-7.887977957725524902e-01
2.433915734291076660e-01
-1.772666126489639282e-01
8.444522973150014877e-05
-2.764829993247985840e-02
-4.253371655941009521e-01
1.252333760261535645e+00
1.936377048492431641e+00
4.025959372520446777e-01
4.192088842391967773e-01
-7.057722657918930054e-02
-2.077985554933547974e-01
-8.248805999755859375e-01
1.467227004468441010e-03
4.172929227352142334e-01
4.519213140010833740e-01
-5.231000185012817383e-01
1.909122616052627563e-01
-1.327614784240722656e-01
1.544176507741212845e-02
-2.762566506862640381e-01
1.574826240539550781e-01
-1.090672388672828674e-01
-6.187154650688171387e-01
-8.212745189666748047e-02
2.223201692104339600e-01
1.078799739480018616e-01
-1.215848624706268311e-01
2.701255381107330322e-01
3.291777893900871277e-02
-8.067848682403564453e-01
-4.570883139967918396e-02
-6.299901604652404785e-01
1.363438725471496582e+00
6.002678871154785156e-01
5.025967955589294434e-01
8.902875781059265137e-01
2.400515973567962646e-01
-1.262450516223907471e-01
-6.125960350036621094e-01
7.794179320335388184e-01
5.527733564376831055e-01
1.738771498203277588e-01
-2.812679670751094818e-02
-3.144621253013610840e-01
-1.173847094178199768e-01
5.951421260833740234e-01
3.831635415554046631e-01
1.589353978633880615e-01
-6.916522383689880371e-01
-5.125215649604797363e-01
-5.691326260566711426e-01
-3.686358928680419922e-01
-6.068984270095825195e-01
-4.008122682571411133e-01
-1.769413948059082031e-01
6.998272240161895752e-02
-1.366425901651382446e-01
3.039659261703491211e-01
1.195496022701263428e-01
2.114657014608383179e-01
-8.013793230056762695e-01
-3.968575596809387207e-02
4.328576326370239258e-01
-1.500112563371658325e-02
3.356478512287139893e-01
-1.072857454419136047e-01
5.397295355796813965e-01
-5.447303131222724915e-02
6.478397846221923828e-01
1.118567347526550293e+00
2.971086800098419189e-01
4.933874607086181641e-01
5.587525367736816406e-01
-4.667486250400543213e-01
1.093316748738288879e-01
-2.325381711125373840e-02
-4.968996942043304443e-01
-4.496757090091705322e-01
-1.632358878850936890e-01
1.550835371017456055e-01
-2.829811871051788330e-01
-2.885362207889556885e-01
-4.967420995235443115e-01
1.438925713300704956e-01
