6.219815611839294434e-01
-5.004536509513854980e-01
9.483441710472106934e-02
-4.745504260063171387e-01
-9.535616636276245117e-01
-6.470199823379516602e-01
-2.569925785064697266e-01
-2.492660284042358398e-01
-2.904120683670043945e-01
-7.989549040794372559e-01
6.177269220352172852e-01
1.783874183893203735e-01
6.554124355316162109e-01
3.485329449176788330e-01
8.645520806312561035e-01
3.644664883613586426e-01
5.504201054573059082e-01
-2.712191343307495117e-01
3.176334500312805176e-01
-6.087455898523330688e-02
-9.167343974113464355e-01
5.975513458251953125e-01
7.167855501174926758e-01
-2.700558602809906006e-01
-3.450667858123779297e-01
-1.929117441177368164e-01
-1.593319326639175415e-02
8.470338582992553711e-01
2.723617553710937500e-01
-9.285517968237400055e-03
6.481710672378540039e-01
1.892664469778537750e-02
6.690935790538787842e-02
-6.615859270095825195e-01
4.010955691337585449e-01
-5.084497928619384766e-01
-1.815879940986633301e-01
-4.992276802659034729e-02
9.893202781677246094e-01
-2.656651847064495087e-02
5.330314040184020996e-01
2.167349457740783691e-01
3.939010202884674072e-01
2.509784400463104248e-01
5.242767930030822754e-02
-2.962469458580017090e-01
3.172426521778106689e-01
1.315245032310485840e+00
1.181779980659484863e+00
5.835121870040893555e-01
-2.151162922382354736e-01
2.774688303470611572e-01
-6.304298043251037598e-01
-2.213479578495025635e-01
-9.222463965415954590e-01
1.041358783841133118e-01
-4.435722529888153076e-01
-7.818776965141296387e-01
-7.298571467399597168e-01
-1.549087464809417725e-01
-6.456081271171569824e-01
1.772961765527725220e-01
-5.624707043170928955e-02
-1.160849705338478088e-01
7.602375149726867676e-01
5.869680643081665039e-02
5.134743452072143555e-01
5.505166053771972656e-01
3.351636826992034912e-01
3.802202641963958740e-01
1.914622485637664795e-01
-2.992752566933631897e-02
1.536296606063842773e-01
1.163428544998168945e+00
7.481840252876281738e-01
1.312876343727111816e+00
-1.263953894376754761e-01
1.713025718927383423e-01
-6.579615473747253418e-01
-3.782960772514343262e-01
-2.791882306337356567e-02
-1.720542162656784058e-01
3.933440446853637695e-01
9.309397637844085693e-02
-5.109171569347381592e-02
1.274110749363899231e-02
5.289121270179748535e-01
-2.142829447984695435e-01
-6.589972972869873047e-01
1.317864805459976196e-01
7.617343682795763016e-03
3.896298706531524658e-01
-5.289695262908935547e-01
1.118190407752990723e+00
-9.786418825387954712e-02
3.773728013038635254e-01
3.164020776748657227e-01
-8.799327015876770020e-01
-1.255531311035156250e-01
-8.130425959825515747e-02
2.810356020927429199e-02
4.570769667625427246e-01
8.080521970987319946e-02
9.457088112831115723e-01
-8.949667811393737793e-01
3.930095136165618896e-01
-1.278991550207138062e-01
1.777362972497940063e-01
-3.857114613056182861e-01
1.236716955900192261e-01
-2.816888689994812012e-01
1.295398026704788208e-01
-1.674101054668426514e-01
7.979378700256347656e-01
2.619293928146362305e-01
4.825250804424285889e-01
-6.921207308769226074e-01
-1.133099570870399475e-02
1.392922163009643555e+00
3.219866454601287842e-01
-1.692066341638565063e-01
-3.335392177104949951e-01
-3.692539334297180176e-01
1.247463300824165344e-01
-3.945956006646156311e-02
4.928225874900817871e-01
1.074752926826477051e+00
-3.234125077724456787e-01
-1.582586169242858887e-01
-7.491630315780639648e-01
-1.376668334007263184e+00
7.328745126724243164e-01
-4.116510450839996338e-01
-6.387407779693603516e-01
1.027553319931030273e+00
-1.439934223890304565e-01
1.941566228866577148e+00
1.240578889846801758e+00
1.536042451858520508e+00
6.795452833175659180e-01
-4.454267621040344238e-01
-3.078028094023466110e-04
-7.055975794792175293e-01
-1.157121181488037109e+00
5.534498095512390137e-01
-6.638906002044677734e-01
3.803348243236541748e-01
3.387715667486190796e-02
-3.387413918972015381e-01
3.849244117736816406e-01
1.423168480396270752e-01
-4.236522018909454346e-01
4.424302279949188232e-01
-7.067559957504272461e-01
7.562254071235656738e-01
-4.316837787628173828e-01
2.060159921646118164e+00
3.104796633124351501e-05
9.423341155052185059e-01
-2.082203328609466553e-02
1.070567071437835693e-01
8.747281879186630249e-02
-2.967155873775482178e-01
-4.589084982872009277e-01
1.565023511648178101e-01
-2.513754367828369141e-01
-1.862285733222961426e-01
-7.570203393697738647e-02
-9.850310534238815308e-02
-3.730041682720184326e-01
-2.121637016534805298e-01
1.946537047624588013e-01
1.416559368371963501e-01
2.173130065202713013e-01
3.316910266876220703e-01
3.522568047046661377e-01
-3.128252029418945312e-01
5.737311244010925293e-01
1.298509687185287476e-01
1.955954581499099731e-01
-7.675659656524658203e-01
-2.978853881359100342e-03
-3.345934748649597168e-01
5.680831670761108398e-01
1.512977778911590576e-01
-6.628635525703430176e-02
1.336039975285530090e-02
8.077235519886016846e-02
-3.611316382884979248e-01
-3.544230461120605469e-01
2.370229065418243408e-01
-4.504285752773284912e-01
9.519937038421630859e-01
-2.292139530181884766e-01
1.335068941116333008e+00
4.268001019954681396e-01
6.223276257514953613e-01
-2.375767827033996582e-01
-2.024109214544296265e-01
-3.719894289970397949e-01
-4.371921718120574951e-01
3.848548531532287598e-01
-2.678607106208801270e-01
7.749388366937637329e-02
-2.939809560775756836e-01
-9.926337003707885742e-01
3.902844712138175964e-02
-1.829622387886047363e-01
8.876925110816955566e-01
2.251274287700653076e-01
1.106901746243238449e-02
-2.520489394664764404e-01
-1.400033012032508850e-02
9.678323268890380859e-01
-6.188882589340209961e-01
5.384249091148376465e-01
-6.879634857177734375e-01
2.466346472501754761e-01
1.974655687808990479e-01
1.144853353500366211e+00
5.436936020851135254e-01
1.507400393486022949e+00
1.184893026947975159e-02
-5.662714242935180664e-01
6.164397597312927246e-01
-3.167625367641448975e-01
2.168256491422653198e-01
1.341080814599990845e-01
-3.842781782150268555e-01
-2.788408994674682617e-01
-1.449840366840362549e-01
-6.213334202766418457e-01
4.895537495613098145e-01
-2.111139595508575439e-01
1.149828284978866577e-01
5.334089398384094238e-01
-4.618588387966156006e-01
5.946760177612304688e-01
-1.069376230239868164e+00
1.288251876831054688e+00
2.499203532934188843e-01
-1.079985648393630981e-01
-4.110456109046936035e-01
-3.161605000495910645e-01
1.968603581190109253e-01
3.187017440795898438e-01
6.328811645507812500e-01
2.503725886344909668e-01
8.988854289054870605e-01
6.062979102134704590e-01
1.527930796146392822e-01
6.503664255142211914e-01
4.112330377101898193e-01
3.187121748924255371e-01
-5.367888808250427246e-01
5.031186938285827637e-01
4.322577640414237976e-02
-1.902363896369934082e-01
-1.082713365554809570e+00
-2.325945496559143066e-01
-1.582086086273193359e-01
1.055896505713462830e-01
-1.631575971841812134e-01
8.822991847991943359e-01
-8.002020716667175293e-01
1.041950464248657227e+00
4.258558154106140137e-01
-8.946593999862670898e-01
1.434748530387878418e+00
4.762219190597534180e-01
5.764842033386230469e-01
5.390607714653015137e-01
-2.948148250579833984e-01
5.327501296997070312e-01
-5.217911005020141602e-01
7.152537703514099121e-01
3.424644842743873596e-02
-1.920853555202484131e-01
-3.966998457908630371e-01
-3.177821040153503418e-01
-1.645914651453495026e-02
-5.533386468887329102e-01
-8.017674684524536133e-01
-1.372920870780944824e+00
8.422489762306213379e-01
1.531752943992614746e-01
3.239510357379913330e-01
-6.508360803127288818e-02
3.123503625392913818e-01
8.899940848350524902e-01
9.625741243362426758e-01
6.116517186164855957e-01
8.154592514038085938e-01
-5.556695908308029175e-02
-1.354674398899078369e-01
-1.349215954542160034e-01
1.565738916397094727e-01
-4.339522123336791992e-01
1.697306483983993530e-01
-3.087114095687866211e-01
-1.845755428075790405e-02
1.865574270486831665e-01
4.014003574848175049e-01
3.876540362834930420e-01
5.074288845062255859e-01
8.234418630599975586e-01
1.043373867869377136e-01
2.987243235111236572e-01
2.140857428312301636e-01
-4.753159284591674805e-01
6.714811921119689941e-02
3.360308706760406494e-02
-1.051018089056015015e-01
-1.101011395454406738e+00
-2.851377241313457489e-03
-7.247982919216156006e-02
6.419624090194702148e-01
2.150437384843826294e-01
3.206230700016021729e-01
-7.555612325668334961e-01
1.992144286632537842e-01
-6.776260733604431152e-01
-1.460970193147659302e-01
-4.740934073925018311e-01
1.366692334413528442e-01
7.296957373619079590e-01
3.086147829890251160e-02
2.320574522018432617e+00
1.194641351699829102e+00
-3.036068379878997803e-01
1.206943750381469727e+00
-5.812932848930358887e-01
4.127403199672698975e-01
-1.067824721336364746e+00
1.131212830543518066e+00
8.385232090950012207e-01
1.439961194992065430e-01
2.607806921005249023e-01
-7.759264707565307617e-01
1.297502875328063965e+00
-3.053758740425109863e-01
-1.303189806640148163e-02
3.030571639537811279e-01
-2.150389254093170166e-01
9.196974337100982666e-03
2.302248924970626831e-01
3.851741850376129150e-01
-9.028561115264892578e-01
9.519758820533752441e-02
-4.824100136756896973e-01
-7.603113353252410889e-02
-2.040161788463592529e-01
-5.616671442985534668e-01
-1.223229989409446716e-02
-3.809421956539154053e-01
6.829369068145751953e-01
1.644577383995056152e-01
5.467828512191772461e-01
-2.583413720130920410e-01
2.116612643003463745e-01
-2.401771396398544312e-01
-1.276413947343826294e-01
1.479007899761199951e-01
3.670494854450225830e-01
-1.109716668725013733e-01
2.352767735719680786e-01
4.063694924116134644e-02
-4.059049785137176514e-01
1.439026892185211182e-01
1.740534901618957520e-01
9.140819907188415527e-01
-5.569710731506347656e-01
8.605823665857315063e-02
-2.565079927444458008e-01
1.178035214543342590e-01
-8.422946929931640625e-02
2.833378911018371582e-01
2.808242738246917725e-01
6.068161129951477051e-01
-3.054412305355072021e-01
4.266307055950164795e-01
-5.405709743499755859e-01
5.490006804466247559e-01
-2.512114942073822021e-01
-2.827869355678558350e-01
3.179473280906677246e-01
-2.993826270103454590e-01
-1.322007924318313599e-01
-1.003926277160644531e+00
-3.328492864966392517e-02
-7.305904626846313477e-01
4.560795724391937256e-01
3.169865310192108154e-01
-2.981662750244140625e-01
5.403051972389221191e-01
-7.051932811737060547e-02
3.905278146266937256e-01
-1.972753740847110748e-02
2.058919221162796021e-01
-4.396322667598724365e-01
6.483217477798461914e-01
4.304741024971008301e-01
4.937492609024047852e-01
3.707582652568817139e-01
-3.579684495925903320e-01
4.886145889759063721e-01
-1.814530491828918457e-01
-2.471113204956054688e-01
4.577389657497406006e-01
-1.390243414789438248e-04
8.425597548484802246e-01
2.804343402385711670e-01
5.860646963119506836e-01
-1.325335651636123657e-01
1.968924999237060547e-01
4.879998974502086639e-03
3.295603692531585693e-01
-1.017485111951828003e-01
-3.941451013088226318e-01
1.773553490638732910e-01
7.459127809852361679e-03
9.608518332242965698e-02
-3.360964655876159668e-01
-1.714835315942764282e-01
-1.392070800065994263e-01
-2.270654141902923584e-01
5.411799997091293335e-02
-7.983429431915283203e-01
-6.800588965415954590e-02
4.802633225917816162e-01
9.163536131381988525e-02
4.829317927360534668e-01
7.904718518257141113e-01
-2.862522006034851074e-01
5.404075980186462402e-01
2.131854057312011719e+00
2.882966101169586182e-01
5.768390893936157227e-01
-1.770601421594619751e-01
5.022868514060974121e-01
4.497108608484268188e-02
-6.864589452743530273e-01
1.019723489880561829e-01
-4.001843631267547607e-01
-2.655810713768005371e-01
1.090504154562950134e-01
-1.176277846097946167e-01
4.926943182945251465e-01
2.476621121168136597e-01
-1.541145443916320801e-01
9.762115776538848877e-02
-1.233759224414825439e-01
1.271876811981201172e+00
-4.672949314117431641e-01
6.079662442207336426e-01
2.822194993495941162e-02
-6.804220080375671387e-01
-6.926333159208297729e-02
-1.185444951057434082e+00
6.671440005302429199e-01
9.803269058465957642e-02
-4.999215602874755859e-01
6.214643716812133789e-01
-6.400063037872314453e-01
6.047005057334899902e-01
-2.637977600097656250e-01
3.947845101356506348e-02
7.298757880926132202e-02
3.889815807342529297e-01
-2.103624045848846436e-01
7.784296274185180664e-01
2.721263170242309570e-01
-4.711607098579406738e-01
1.762439012527465820e-01
2.355552613735198975e-01
1.274690508842468262e+00
-9.084717929363250732e-02
9.800028800964355469e-02
-4.681697785854339600e-01
7.579025626182556152e-01
5.404540896415710449e-01
3.782134354114532471e-01
-4.147826433181762695e-01
-7.945175766944885254e-01
-3.045031130313873291e-01
1.493753492832183838e-01
-4.803220927715301514e-01
-4.400236606597900391e-01
4.499762058258056641e-01
-7.187670469284057617e-01
4.961516261100769043e-01
1.326981633901596069e-01
1.697566173970699310e-02
6.053667068481445312e-01
4.377765059471130371e-01
1.293755650520324707e+00
-3.187803551554679871e-02
2.987172305583953857e-01
3.744817078113555908e-01
5.193264037370681763e-02
5.235814489424228668e-03
-5.323964953422546387e-01
-6.594414710998535156e-01
2.537855505943298340e-01
-5.198622345924377441e-01
-2.703880369663238525e-01
-6.465201079845428467e-02
3.030871748924255371e-01
2.884068191051483154e-01
-1.056514501571655273e+00
-1.795033514499664307e-01
-6.670758724212646484e-01
3.840313851833343506e-01
