1.260082840919494629e+00
3.869255185127258301e-01
5.778850317001342773e-01
9.720839858055114746e-01
1.326717585325241089e-01
-4.295147359371185303e-01
-3.077904880046844482e-02
-7.620248794555664062e-01
5.592467784881591797e-01
-3.825449943542480469e-01
4.818775653839111328e-01
7.070679217576980591e-02
4.843680560588836670e-01
9.555736184120178223e-02
-1.706522703170776367e-01
1.363812834024429321e-01
8.531948179006576538e-02
3.680234253406524658e-01
-8.414461016654968262e-01
-1.468873620033264160e-01
1.230159282684326172e+00
4.217283129692077637e-01
-3.026815950870513916e-01
3.944597840309143066e-01
-6.688733398914337158e-02
-4.451969861984252930e-01
-1.121137619018554688e+00
-3.103106915950775146e-01
4.811481237411499023e-01
4.250197112560272217e-01
4.808932542800903320e-02
5.114432424306869507e-02
5.106387138366699219e-01
-2.183542698621749878e-01
4.646405875682830811e-01
-4.172583222389221191e-01
2.175283432006835938e-01
5.322236567735671997e-02
2.790505886077880859e-01
3.625889718532562256e-01
-6.974984705448150635e-02
5.772466063499450684e-01
-2.506473958492279053e-01
1.058196067810058594e+00
1.095418691635131836e+00
-1.871294826269149780e-01
-2.376758493483066559e-04
-3.105987608432769775e-01
3.290661573410034180e-01
-6.016537174582481384e-02
4.780995845794677734e-01
2.618541121482849121e-01
-7.906965613365173340e-01
-3.991262912750244141e-01
-7.072365880012512207e-01
6.674448847770690918e-01
-3.062025606632232666e-01
-6.855404973030090332e-01
1.432939887046813965e+00
6.040537357330322266e-01
-7.513999342918395996e-01
5.914707183837890625e-01
2.104371413588523865e-02
3.784700036048889160e-01
-5.919997692108154297e-01
7.833552360534667969e-01
4.372195899486541748e-01
-1.697749346494674683e-01
-2.243098765611648560e-01
5.316162705421447754e-01
-4.644322693347930908e-01
-1.143306016921997070e+00
-1.729616671800613403e-01
5.427622199058532715e-01
4.962795078754425049e-01
3.744483888149261475e-01
1.868782490491867065e-01
-4.980280995368957520e-01
2.237502485513687134e-01
-3.949402570724487305e-01
-5.192810297012329102e-01
-2.428963035345077515e-01
1.019779086112976074e+00
2.296125888824462891e-01
1.757983416318893433e-01
-1.962756663560867310e-01
7.293245792388916016e-01
8.245462179183959961e-01
6.575724482536315918e-01
6.543429493904113770e-01
7.539533972740173340e-01
6.846759319305419922e-01
-5.095471143722534180e-01
4.044731557369232178e-01
-8.701061606407165527e-01
-8.039001375436782837e-02
-3.998866379261016846e-01
-2.823140919208526611e-01
5.905316770076751709e-02
1.392052322626113892e-01
3.398532569408416748e-01
-1.815051734447479248e-01
-1.873874571174383163e-03
-5.457180738449096680e-02
-1.002383708953857422e+00
7.826420068740844727e-01
2.535666823387145996e-01
5.747300386428833008e-02
3.248734772205352783e-01
2.379326820373535156e-01
-4.107478857040405273e-01
-3.213860094547271729e-01
2.998023331165313721e-01
4.759601652622222900e-01
-6.474900245666503906e-01
-4.321853518486022949e-01
9.769917279481887817e-02
-3.181977570056915283e-01
-6.939591467380523682e-02
-8.146883919835090637e-04
6.247097253799438477e-01
-4.125917702913284302e-02
-3.919692039489746094e-01
3.861971199512481689e-01
4.988608658313751221e-01
7.395738959312438965e-01
1.876349560916423798e-04
-2.536568939685821533e-01
3.044830262660980225e-01
7.885378003120422363e-01
5.241124033927917480e-01
-1.390399336814880371e-01
-3.870211243629455566e-01
-4.512429833412170410e-01
9.322878718376159668e-01
-7.031070590019226074e-01
6.929163336753845215e-01
7.017526626586914062e-01
-5.246393680572509766e-01
2.619754970073699951e-01
-2.265251800417900085e-02
-2.154666930437088013e-01
-1.062093675136566162e-01
2.751559317111968994e-01
7.087299227714538574e-01
-7.349759340286254883e-02
-1.249563619494438171e-01
-2.285372465848922729e-01
-1.979157030582427979e-01
-9.672838263213634491e-03
1.165985539555549622e-01
-1.752366423606872559e-01
6.411422491073608398e-01
-5.050378441810607910e-01
4.441197514533996582e-01
-4.731606543064117432e-01
-1.507529765367507935e-01
4.457077085971832275e-01
5.668176412582397461e-01
5.221204832196235657e-02
6.950231790542602539e-01
-5.130256414413452148e-01
-3.097332119941711426e-01
4.070070758461952209e-02
-1.153189539909362793e+00
2.806279361248016357e-01
6.856381297111511230e-01
4.594831541180610657e-02
1.095823273062705994e-01
2.373425066471099854e-01
-3.000289946794509888e-02
9.751192331314086914e-01
5.036818385124206543e-01
-2.213994860649108887e-01
-4.514271914958953857e-01
9.285129606723785400e-02
-3.891929388046264648e-01
2.920413315296173096e-01
-2.697804942727088928e-02
5.274189263582229614e-02
1.043692111968994141e+00
-9.196105599403381348e-01
2.530937194824218750e-01
-4.245584607124328613e-01
-3.538438677787780762e-01
5.710486173629760742e-01
7.105472683906555176e-02
-7.738458365201950073e-02
2.413085401058197021e-01
-5.982253551483154297e-01
2.555455863475799561e-01
3.148819208145141602e-01
1.792491227388381958e-01
5.221081376075744629e-01
-7.547558546066284180e-01
-6.156947612762451172e-01
3.010848462581634521e-01
-8.343346714973449707e-01
-7.426902651786804199e-02
-3.504666984081268311e-01
3.233602046966552734e+00
-7.018456459045410156e-01
-7.094435095787048340e-01
1.549886703491210938e+00
5.331640243530273438e-01
-3.364313542842864990e-01
2.543652057647705078e+00
1.165685534477233887e+00
3.559290766716003418e-01
-2.656139433383941650e-01
-2.048329710960388184e-01
-2.155364453792572021e-01
-1.985500752925872803e-01
-9.139267206192016602e-01
-9.682743251323699951e-02
1.019003316760063171e-01
8.681824803352355957e-01
-2.574850618839263916e-01
-4.701415300369262695e-01
-1.189574599266052246e-02
2.184248715639114380e-02
5.097743868827819824e-01
-2.874377667903900146e-01
-1.035981401801109314e-01
-1.157040238380432129e+00
-7.822282910346984863e-01
-5.656290054321289062e-02
4.044505357742309570e-01
4.966746643185615540e-02
2.800255417823791504e-01
-3.498874008655548096e-01
1.071870103478431702e-01
3.191136717796325684e-01
4.884129166603088379e-01
1.546151340007781982e-01
1.826916784048080444e-01
2.159906476736068726e-01
1.219840407371520996e+00
-5.084516406059265137e-01
2.880119383335113525e-01
-2.244557589292526245e-01
-1.701436936855316162e-01
1.270618081092834473e+00
-9.466864168643951416e-02
-8.597179651260375977e-01
1.518145203590393066e-01
6.918233633041381836e-01
1.809547245502471924e-01
4.913286119699478149e-02
1.067841053009033203e+00
3.556817071512341499e-03
8.498476743698120117e-01
3.152089715003967285e-01
6.366907954216003418e-01
4.979116618633270264e-01
2.647762000560760498e-01
-4.614631533622741699e-01
-3.964678645133972168e-01
-7.004065811634063721e-02
-2.238430827856063843e-01
4.377345740795135498e-01
9.393057972192764282e-02
-1.526437699794769287e-01
3.194238841533660889e-01
4.049943983554840088e-01
-3.334166407585144043e-01
-3.667323887348175049e-01
-3.582544252276420593e-02
4.607539474964141846e-01
-4.739459753036499023e-01
4.532366693019866943e-01
-1.915084272623062134e-01
3.159509301185607910e-01
-1.271311938762664795e-01
5.767698884010314941e-01
-1.731092184782028198e-01
5.277226567268371582e-01
-4.050568938255310059e-01
2.144881635904312134e-01
3.180293142795562744e-01
-1.161307841539382935e-01
-4.964923858642578125e-01
3.683749139308929443e-01
-3.472193777561187744e-01
8.345401287078857422e-02
-4.543058574199676514e-02
4.456965625286102295e-02
-1.383435577154159546e-01
8.072697520256042480e-01
5.507634878158569336e-01
3.948960006237030029e-01
3.314981237053871155e-02
6.957581043243408203e-01
1.771099716424942017e-01
-5.230486392974853516e-01
-3.490644097328186035e-01
7.905328869819641113e-01
-3.218566477298736572e-01
-3.826970607042312622e-02
-3.269875645637512207e-01
-7.235724925994873047e-01
6.674258112907409668e-01
-4.104009866714477539e-01
-8.530328273773193359e-01
1.446794718503952026e-01
-1.254606842994689941e-01
4.878718405961990356e-02
8.220027685165405273e-01
1.418162584304809570e-01
7.635944485664367676e-01
1.737825870513916016e-01
5.196929723024368286e-02
5.993450284004211426e-01
6.643326953053474426e-03
2.195968925952911377e-01
1.427121907472610474e-01
7.701211571693420410e-01
2.348401248455047607e-01
2.535859048366546631e-01
-3.719141483306884766e-01
1.548052430152893066e-01
3.745692968368530273e-01
-2.026055008172988892e-02
-1.023101732134819031e-01
1.097553968429565430e-01
6.652625799179077148e-01
7.110641002655029297e-01
2.533543668687343597e-02
5.096637010574340820e-01
-1.276601999998092651e-01
-2.190143316984176636e-01
-8.813007473945617676e-01
-3.249659240245819092e-01
-5.602512359619140625e-01
-1.728140562772750854e-01
6.440763920545578003e-02
5.934827923774719238e-01
-4.387165009975433350e-01
-2.380684763193130493e-01
2.409348487854003906e-01
3.819518387317657471e-01
1.033325076103210449e+00
7.889415323734283447e-02
5.153298974037170410e-01
-6.726413965225219727e-02
4.079797491431236267e-02
3.268606364727020264e-01
2.578976564109325409e-03
-1.919577866792678833e-01
6.964583396911621094e-01
-1.915221810340881348e-01
3.673524558544158936e-01
1.040014505386352539e+00
-3.428633511066436768e-01
2.248317301273345947e-01
-6.107280254364013672e-01
4.037180244922637939e-01
-1.349921077489852905e-01
-4.770513251423835754e-02
-8.825521469116210938e-01
4.838985577225685120e-02
-3.580912947654724121e-01
2.650174126029014587e-02
3.363627493381500244e-01
-3.221821784973144531e-01
1.627938598394393921e-01
1.569556295871734619e-01
2.529136091470718384e-02
4.894670099020004272e-02
7.282608151435852051e-01
4.828910827636718750e-01
7.216747403144836426e-01
-1.668171286582946777e-01
-5.310692638158798218e-02
2.248980849981307983e-01
1.341164950281381607e-02
2.388749122619628906e-01
-3.798969089984893799e-01
-1.132886186242103577e-01
-1.316646575927734375e+00
-3.812248706817626953e-01
-6.233015060424804688e-01
-3.788854181766510010e-01
-1.374635696411132812e-01
-3.489739596843719482e-01
6.238855049014091492e-02
9.657778739929199219e-01
3.886922299861907959e-01
3.815876841545104980e-01
1.359234377741813660e-02
1.005619764328002930e-01
1.650179326534271240e-01
6.771550327539443970e-02
1.500130258500576019e-02
3.980680406093597412e-01
3.937233090400695801e-01
4.242935776710510254e-02
-2.629510462284088135e-01
3.492820858955383301e-01
-2.185907959938049316e-01
4.858891963958740234e-01
-7.928649336099624634e-02
5.346072092652320862e-02
-2.832608819007873535e-01
-6.681998968124389648e-01
-5.124635100364685059e-01
2.975066900253295898e-01
-1.542276293039321899e-01
1.332018256187438965e+00
-5.791100487112998962e-02
9.884581565856933594e-01
1.771907806396484375e-01
7.903906702995300293e-01
2.116192579269409180e+00
-3.829417228698730469e-01
-1.747424155473709106e-01
1.940897107124328613e-01
7.493262887001037598e-01
3.871999084949493408e-01
1.933003067970275879e-01
2.565482556819915771e-01
-4.446983337402343750e-01
3.264217078685760498e-01
-7.653787732124328613e-01
6.118811964988708496e-01
-1.282351016998291016e+00
-2.962885499000549316e-01
1.569659262895584106e-01
-1.687285453081130981e-01
5.598437190055847168e-01
-3.130485713481903076e-01
2.128535956144332886e-01
2.328913211822509766e-01
-2.243107259273529053e-01
9.912174344062805176e-01
2.464118957519531250e+00
-5.179193019866943359e-01
7.670747041702270508e-01
2.667272463440895081e-02
-9.621759653091430664e-01
-2.169640809297561646e-01
-2.922026813030242920e-01
1.014979004859924316e+00
1.168790340423583984e+00
2.603991888463497162e-02
3.084780871868133545e-01
-1.901939660310745239e-01
8.381037712097167969e-01
4.987629503011703491e-02
2.517070248723030090e-02
-3.640272319316864014e-01
1.436337828636169434e-01
-4.171058535575866699e-01
2.980849333107471466e-02
3.803390264511108398e-01
1.194179356098175049e-01
2.321948558092117310e-01
-1.355477422475814819e-02
-7.426525950431823730e-01
2.080967649817466736e-03
2.377615123987197876e-01
4.829135537147521973e-01
1.430905014276504517e-01
4.446705579757690430e-01
1.032420694828033447e-01
3.361415863037109375e-01
7.333688437938690186e-02
-1.013184264302253723e-01
4.818063080310821533e-01
-2.669207192957401276e-02
1.339089125394821167e-01
-4.016121923923492432e-01
1.762760281562805176e-01
2.690162360668182373e-01
-3.676081895828247070e-01
4.238682985305786133e-01
-2.789960503578186035e-01
-2.152047604322433472e-01
-6.116157174110412598e-01
-1.018277525901794434e+00
-7.835965156555175781e-01
6.214764118194580078e-01
3.746168017387390137e-01
4.843016266822814941e-01
8.427996933460235596e-02
-2.984746992588043213e-01
9.355868697166442871e-01
6.645927429199218750e-01
3.113840520381927490e-01
-2.993493974208831787e-01
-6.503753364086151123e-02
4.775317013263702393e-01
2.362814247608184814e-01
3.990811854600906372e-02
-2.120282351970672607e-01
7.599481940269470215e-01
-3.172735869884490967e-01
-8.872205764055252075e-02
5.439881086349487305e-01
-9.548505544662475586e-01
-5.544047355651855469e-01
8.216953277587890625e-01
8.415225148200988770e-01
-7.257212996482849121e-01
-2.529426813125610352e-01
6.817914843559265137e-01
2.505331039428710938e+00
-4.996829032897949219e-01
-2.357577383518218994e-01
-8.697980642318725586e-01
-5.125216841697692871e-01
-2.805463969707489014e-01
-3.918123245239257812e-01
