6.085647642612457275e-02
6.022188067436218262e-01
-1.101034693419933319e-02
1.994330734014511108e-01
4.537946581840515137e-01
1.141203045845031738e-01
-4.350865185260772705e-01
6.847276538610458374e-02
4.810661077499389648e-01
3.413270115852355957e-01
2.562778294086456299e-01
3.051299750804901123e-01
-6.963330507278442383e-02
1.683496236801147461e-01
3.584989011287689209e-01
1.399415731430053711e-01
3.590848296880722046e-02
4.476169347763061523e-01
8.364319205284118652e-01
1.926198154687881470e-01
1.651497334241867065e-01
-5.254047363996505737e-02
-1.525197327136993408e-01
-4.627929031848907471e-01
-3.528939187526702881e-01
-3.236474394798278809e-01
-4.454101324081420898e-01
-5.340873599052429199e-01
-6.038447022438049316e-01
6.437250375747680664e-01
1.095727607607841492e-01
5.824354290962219238e-01
2.699877023696899414e-01
7.656799554824829102e-01
1.195825412869453430e-01
5.865175127983093262e-01
-1.277590692043304443e-01
2.616585195064544678e-01
1.710017677396535873e-04
8.797071874141693115e-02
-8.162706494331359863e-01
-4.207005798816680908e-01
-3.771130442619323730e-01
-9.673031419515609741e-02
-6.953978538513183594e-01
7.276732325553894043e-01
1.080653786659240723e+00
9.639379382133483887e-01
1.118861079216003418e+00
5.748991370201110840e-01
2.465659566223621368e-02
-1.881902068853378296e-01
-7.446815073490142822e-02
8.002486824989318848e-01
1.067370772361755371e+00
-7.486729323863983154e-02
3.403992354869842529e-01
2.068442106246948242e-01
-9.277883917093276978e-02
-3.871097564697265625e-01
-2.953854799270629883e-01
-8.394542336463928223e-01
-4.385971650481224060e-02
-2.149246931076049805e-01
-6.125635504722595215e-01
-1.080669462680816650e-04
6.025948002934455872e-02
2.286861538887023926e-01
-1.366471052169799805e-01
-2.648271620273590088e-02
3.392263501882553101e-02
2.975814640522003174e-01
-5.158224105834960938e-01
4.543564021587371826e-01
1.030919909477233887e+00
-1.453159004449844360e-01
4.866435825824737549e-01
4.257462620735168457e-01
4.224776849150657654e-02
2.162636369466781616e-01
2.720342874526977539e-01
2.170342504978179932e-01
4.418141841888427734e-01
-6.934396028518676758e-01
1.282651275396347046e-01
5.240170359611511230e-01
2.309329621493816376e-02
8.905646950006484985e-02
9.012223780155181885e-02
3.834830522537231445e-01
3.555962741374969482e-01
-7.785622775554656982e-02
-4.256726801395416260e-02
1.513037979602813721e-01
1.540317088365554810e-01
3.123175119981169701e-04
2.561634480953216553e-01
6.861519813537597656e-02
-3.980029821395874023e-01
-4.418903291225433350e-01
6.343677639961242676e-01
3.943931758403778076e-01
8.163317292928695679e-02
3.634486794471740723e-01
5.273039340972900391e-01
-4.745610356330871582e-01
-6.423321366310119629e-01
-5.822440609335899353e-03
-1.659933924674987793e-01
2.817080020904541016e-01
-2.357705682516098022e-01
-6.717351824045181274e-02
3.889646530151367188e-01
-3.276841714978218079e-03
-6.790089011192321777e-01
-3.946924805641174316e-01
8.540382981300354004e-02
2.027783095836639404e-01
-3.018253445625305176e-01
3.678238689899444580e-01
8.001566678285598755e-02
4.386509656906127930e-01
-6.451521813869476318e-02
-3.403453528881072998e-02
2.048773765563964844e-01
1.114969372749328613e+00
-2.730202972888946533e-01
8.040315508842468262e-01
5.792982578277587891e-01
4.749984145164489746e-01
4.774352610111236572e-01
1.401805579662322998e-01
3.640792667865753174e-01
1.967508532106876373e-02
-2.379748672246932983e-01
3.813527822494506836e-01
-4.182634651660919189e-01
2.344081699848175049e-01
3.967632353305816650e-02
-3.875437378883361816e-01
-6.096239387989044189e-02
-3.626437187194824219e-01
-4.392364621162414551e-01
-5.960779190063476562e-01
1.695858836174011230e-01
-2.627440094947814941e-01
-3.336714208126068115e-01
4.494627118110656738e-01
7.437424063682556152e-01
8.628150224685668945e-01
4.130381643772125244e-01
4.450477361679077148e-01
2.895093858242034912e-01
8.906069397926330566e-02
-2.284622937440872192e-01
-9.976625442504882812e-02
-1.564540565013885498e-01
-8.084067702293395996e-01
-2.712042331695556641e-01
-9.667403250932693481e-02
4.834412634372711182e-01
9.500777721405029297e-01
1.971747279167175293e-01
1.989787071943283081e-01
1.575930714607238770e-01
1.166723132133483887e+00
1.355301976203918457e+00
2.524963319301605225e-01
-1.202581152319908142e-01
-4.710319042205810547e-01
-2.440707683563232422e-01
-2.950645387172698975e-01
-6.401965618133544922e-01
-1.247718185186386108e-01
-3.975036740303039551e-01
-2.653216421604156494e-01
-1.670981198549270630e-02
5.272333621978759766e-01
4.882638156414031982e-01
2.020177096128463745e-01
1.882493942975997925e-01
8.070244640111923218e-02
2.309163510799407959e-01
3.639001250267028809e-01
1.890953928232192993e-01
-4.963171780109405518e-01
9.160163998603820801e-02
1.383115649223327637e-01
-3.334128260612487793e-01
-5.488941669464111328e-01
4.266229271888732910e-02
-3.048008978366851807e-01
9.848412126302719116e-02
2.478793412446975708e-01
-2.277107909321784973e-02
2.529558539390563965e-01
1.999488472938537598e-01
4.560619890689849854e-01
4.090418107807636261e-03
3.857693374156951904e-01
1.433459073305130005e-01
3.180435299873352051e-01
3.937320709228515625e-01
-1.583741903305053711e-01
-1.283378340303897858e-02
-3.235483765602111816e-01
-1.708829104900360107e-01
2.182550579309463501e-01
1.187745854258537292e-01
4.539574980735778809e-01
7.398881316184997559e-01
5.789059996604919434e-01
1.723645180463790894e-01
-4.921625852584838867e-01
2.905088365077972412e-01
3.740324378013610840e-01
4.024286568164825439e-01
2.372098416090011597e-01
8.650845289230346680e-02
-6.560958027839660645e-01
-4.225001037120819092e-01
-2.894373834133148193e-01
-3.785357177257537842e-01
-5.277056694030761719e-01
-3.751566708087921143e-01
-5.353747010231018066e-01
-3.427416384220123291e-01
2.673056423664093018e-01
3.548736572265625000e-01
1.553475707769393921e-01
1.858792006969451904e-01
4.027913808822631836e-01
4.905752539634704590e-01
8.529508709907531738e-01
1.085586905479431152e+00
1.415268778800964355e-01
3.262954950332641602e-01
-6.639987230300903320e-02
-2.166123986244201660e-01
-6.183125972747802734e-01
5.824431031942367554e-02
5.627502687275409698e-04
-3.774157464504241943e-01
8.042652159929275513e-02
-1.242169141769409180e-01
2.201077044010162354e-01
2.822403907775878906e-01
7.425866127014160156e-01
3.482020497322082520e-01
7.554659843444824219e-01
1.384351104497909546e-01
2.940497696399688721e-01
9.262128472328186035e-01
7.091716527938842773e-01
6.787249445915222168e-01
1.879986375570297241e-01
3.085045218467712402e-01
2.616426646709442139e-01
-2.581703066825866699e-01
-2.929871678352355957e-01
-5.101838111877441406e-01
-2.341707944869995117e-01
1.156217232346534729e-02
-8.074229955673217773e-02
-6.350235939025878906e-01
-3.655729591846466064e-01
-4.910234212875366211e-01
-3.001110255718231201e-01
1.527464985847473145e-01
-1.149551048874855042e-01
6.778871417045593262e-01
2.898901700973510742e-01
-7.432972639799118042e-02
3.747453093528747559e-01
3.719544410705566406e-01
3.304015398025512695e-01
5.423936247825622559e-01
1.078711226582527161e-01
3.886139094829559326e-01
-1.300570219755172729e-01
4.608212113380432129e-01
5.266764163970947266e-01
1.564223617315292358e-01
1.935905963182449341e-01
-1.225977092981338501e-01
-1.247380822896957397e-01
-3.132685422897338867e-01
3.345386087894439697e-01
1.199360936880111694e-02
1.649571061134338379e-01
3.041462600231170654e-02
-4.772568494081497192e-02
-5.785617977380752563e-02
1.967400759458541870e-01
2.445680275559425354e-02
1.307628303766250610e-01
-7.116831094026565552e-02
-4.024182260036468506e-02
-5.977648496627807617e-01
-5.873669981956481934e-01
2.658727206289768219e-02
4.653245210647583008e-02
9.190102219581604004e-01
1.773355901241302490e-01
3.033365495502948761e-02
3.008507490158081055e-01
9.721921086311340332e-01
-1.681748777627944946e-02
4.781737625598907471e-01
-4.319901168346405029e-01
3.950785696506500244e-01
-4.353784397244453430e-02
6.126097440719604492e-01
-3.477217629551887512e-03
1.730420440435409546e-01
1.885255277156829834e-01
1.592046767473220825e-02
2.082266211509704590e-01
6.085919141769409180e-01
1.070508003234863281e+00
-1.715172231197357178e-01
5.099122524261474609e-01
-1.677846908569335938e-02
-2.163708955049514771e-01
7.673408370465040207e-03
-5.271008238196372986e-02
9.519421309232711792e-02
-6.770266294479370117e-01
-7.464319467544555664e-01
-3.530188798904418945e-01
-1.978917717933654785e-01
1.465296447277069092e-01
-1.207098215818405151e-01
2.012876607477664948e-02
3.173742070794105530e-02
5.613466501235961914e-01
7.085355520248413086e-01
3.382217586040496826e-01
2.686614096164703369e-01
8.928473293781280518e-02
-6.255444139242172241e-02
3.195265531539916992e-01
2.272070646286010742e-01
-8.617257475852966309e-01
2.001745700836181641e-01
4.340041056275367737e-02
1.357914414256811142e-02
-2.781490795314311981e-02
-1.193770542740821838e-01
4.683675169944763184e-01
5.590797662734985352e-01
-2.867349982261657715e-01
7.075858712196350098e-01
7.383558154106140137e-01
4.948737919330596924e-01
-8.884469047188758850e-03
1.619712263345718384e-01
-2.238274663686752319e-01
-4.288432598114013672e-01
-5.543299913406372070e-01
-4.895878434181213379e-01
-2.232773452997207642e-01
-2.382359504699707031e-01
1.526956111192703247e-01
1.202788352966308594e-01
1.526289433240890503e-01
5.095903873443603516e-01
1.197197809815406799e-01
-1.106401830911636353e-01
2.104618400335311890e-01
3.145580887794494629e-01
9.803269058465957642e-02
2.004049122333526611e-01
4.947375953197479248e-01
6.558372378349304199e-01
6.991157308220863342e-03
2.356813997030258179e-01
-4.769372195005416870e-02
2.568441331386566162e-01
-4.052034318447113037e-01
-2.505256235599517822e-01
-4.874620139598846436e-01
-8.074728846549987793e-01
-8.257428407669067383e-01
-6.751502752304077148e-01
-2.861997783184051514e-01
-1.244281157851219177e-01
2.128080427646636963e-01
6.419635415077209473e-01
-1.271137595176696777e-01
3.381775319576263428e-01
1.891833394765853882e-01
6.948751211166381836e-01
-3.002583235502243042e-02
1.477859616279602051e-01
1.136247873306274414e+00
-3.977319896221160889e-01
1.525846719741821289e-01
5.667594075202941895e-01
4.287640154361724854e-01
-2.292373403906822205e-02
6.158401370048522949e-01
1.611548513174057007e-01
1.951681226491928101e-01
2.654164135456085205e-01
1.994107067584991455e-01
-1.230159178376197815e-01
-3.353978991508483887e-01
-6.341837644577026367e-01
-2.104296833276748657e-01
-6.016024388372898102e-03
1.473474204540252686e-01
4.782231450080871582e-01
1.681205779314041138e-01
-1.864842325448989868e-01
1.650578826665878296e-01
1.681165099143981934e-01
5.633679628372192383e-01
4.322026073932647705e-01
1.228783726692199707e-01
-4.587102532386779785e-01
-1.026521995663642883e-01
-5.597798228263854980e-01
-6.028913855552673340e-01
2.308780327439308167e-02
3.303455710411071777e-01
5.155282616615295410e-01
1.201760888099670410e+00
-6.841676682233810425e-02
4.406359978020191193e-03
9.307538270950317383e-01
8.628429770469665527e-01
5.902878642082214355e-01
-8.688055872917175293e-01
-1.948886215686798096e-01
-5.970281735062599182e-02
8.099021017551422119e-02
2.796595394611358643e-01
5.066199302673339844e-01
9.184846282005310059e-02
-1.994390785694122314e-02
3.564725816249847412e-02
-2.288123816251754761e-01
2.410585135221481323e-01
-4.942777454853057861e-01
9.720271825790405273e-02
5.273246392607688904e-02
-2.110949754714965820e-01
8.314736187458038330e-02
-1.538350284099578857e-01
-2.476764619350433350e-01
1.569896042346954346e-01
-3.498755097389221191e-01
-1.966659426689147949e-01
8.021476864814758301e-01
7.820491194725036621e-01
3.158052861690521240e-01
8.809069544076919556e-02
-5.075733661651611328e-01
-1.625471189618110657e-02
2.617114782333374023e-01
2.700212001800537109e-01
9.255124330520629883e-01
4.514376223087310791e-01
3.855866193771362305e-02
7.945368438959121704e-02
4.504280686378479004e-01
2.963765561580657959e-01
2.225619405508041382e-01
1.549743264913558960e-01
-2.139655500650405884e-01
4.583140611648559570e-01
-3.912369310855865479e-01
-5.862036347389221191e-01
-5.172048211097717285e-01
-9.253268241882324219e-01
-1.236403286457061768e-01
-8.113800287246704102e-01
-2.874024808406829834e-01
6.085993051528930664e-01
3.892233371734619141e-01
9.472563266754150391e-01
1.415870189666748047e+00
1.121350526809692383e+00
3.244452774524688721e-01
9.344912171363830566e-01
1.248561739921569824e+00
1.123502254486083984e-01
-3.442348912358283997e-02
-6.844067573547363281e-01
-6.869972944259643555e-01
4.790228009223937988e-01
2.321974188089370728e-02
2.795213460922241211e-02
3.856721520423889160e-01
-2.177212834358215332e-01
4.455223381519317627e-01
5.505466461181640625e-01
3.161635696887969971e-01
7.568565011024475098e-02
-2.102841287851333618e-01
7.837598770856857300e-02
-1.846926063299179077e-01
-9.782899618148803711e-01
-1.241924092173576355e-01
-8.685841411352157593e-02
-4.850858747959136963e-01
-2.302742898464202881e-01
5.636597871780395508e-01
6.765083074569702148e-01
8.222842961549758911e-02
1.128068268299102783e-01
-6.166836991906166077e-02
