3.261650502681732178e-01
2.307774573564529419e-01
-3.240518271923065186e-01
2.450351715087890625e-01
5.136344432830810547e-01
-2.797491550445556641e-01
-2.875407338142395020e-01
-2.496015653014183044e-02
-1.237412169575691223e-01
-2.806239724159240723e-01
-7.671762108802795410e-01
4.999270737171173096e-01
2.583717703819274902e-01
9.359207749366760254e-02
6.222388148307800293e-01
7.307791709899902344e-01
3.873041272163391113e-01
3.290617763996124268e-01
-3.737621754407882690e-02
-4.773102104663848877e-01
1.752558201551437378e-01
-7.762585282325744629e-01
-4.629312157630920410e-01
5.865897536277770996e-01
1.601343974471092224e-02
-6.863444298505783081e-02
2.223799750208854675e-02
-9.212013334035873413e-02
9.099778532981872559e-02
2.298663109540939331e-01
4.874313995242118835e-02
2.175363004207611084e-01
7.267933487892150879e-01
2.199281007051467896e-01
-2.145731002092361450e-01
5.182909965515136719e-01
9.313359111547470093e-02
3.337161839008331299e-01
3.705579042434692383e-01
8.215692043304443359e-01
3.251633346080780029e-01
-1.937444061040878296e-01
1.675822287797927856e-01
-7.639306038618087769e-02
-3.259169869124889374e-03
1.633677631616592407e-01
2.154778987169265747e-01
-4.815211892127990723e-01
-3.072709739208221436e-01
1.154922246932983398e+00
6.123813390731811523e-01
1.461217105388641357e-01
3.219493925571441650e-01
-3.283092677593231201e-01
-5.617589354515075684e-01
-6.511718630790710449e-01
1.187634840607643127e-01
-4.383942186832427979e-01
-4.615975618362426758e-01
-3.427048325538635254e-01
-5.539399981498718262e-01
-6.722365617752075195e-01
3.295046687126159668e-01
3.538210093975067139e-01
-4.498317837715148926e-01
8.808646798133850098e-01
8.666689395904541016e-01
9.092139005661010742e-01
4.857059121131896973e-01
4.992750287055969238e-01
1.962756216526031494e-01
2.940693497657775879e-01
-1.155351698398590088e-01
2.740338742733001709e-01
5.579353570938110352e-01
-5.002616643905639648e-01
-2.008887529373168945e-01
2.763297259807586670e-01
-1.163058429956436157e-01
-3.655527830123901367e-01
8.048091083765029907e-02
1.011263132095336914e-01
3.527006804943084717e-01
4.646148085594177246e-01
4.244097471237182617e-01
3.340378403663635254e-01
1.113750338554382324e-01
-2.005641609430313110e-01
1.208969429135322571e-01
-3.857382014393806458e-02
-3.414896503090858459e-02
2.749585807323455811e-01
-4.025700092315673828e-01
-4.946650564670562744e-01
4.194491356611251831e-02
-2.746635116636753082e-03
5.535585060715675354e-02
-1.396909356117248535e-01
-2.469915449619293213e-01
2.337049543857574463e-01
1.115221679210662842e-01
3.094508349895477295e-01
2.638917267322540283e-01
-2.139220833778381348e-01
8.092012256383895874e-02
-1.188399344682693481e-01
-3.284708261489868164e-01
-6.217172741889953613e-02
2.918474078178405762e-01
5.534364841878414154e-03
1.074945628643035889e-01
8.325271308422088623e-02
2.580731809139251709e-01
-2.252391725778579712e-01
-2.270790189504623413e-01
4.446631669998168945e-01
6.059529185295104980e-01
2.342300117015838623e-01
-2.301640510559082031e-01
-1.643542498350143433e-01
5.822767615318298340e-01
1.120773315429687500e+00
-4.264437556266784668e-01
-1.930690370500087738e-02
4.564074873924255371e-01
-8.287159353494644165e-02
-1.820199340581893921e-01
2.899185121059417725e-01
2.585309371352195740e-02
-8.296164870262145996e-02
-1.817541122436523438e-01
1.245071068406105042e-01
1.216571405529975891e-01
-4.160054326057434082e-01
2.050644308328628540e-01
1.803056299686431885e-01
-4.332713782787322998e-01
3.567153513431549072e-01
4.636088609695434570e-01
1.836575716733932495e-01
2.791016995906829834e-01
-2.107754945755004883e-01
-2.879998981952667236e-01
-1.166493296623229980e-01
-3.201822340488433838e-01
7.358357906341552734e-01
1.398407816886901855e-01
-5.812115073204040527e-01
6.975412964820861816e-01
8.183241486549377441e-01
2.006012499332427979e-01
1.478247195482254028e-01
-5.548929329961538315e-03
-2.311367541551589966e-01
2.334165573120117188e-01
9.681518375873565674e-02
1.346557494252920151e-02
1.202732324600219727e+00
1.685491949319839478e-01
1.632934808731079102e-01
-2.724911086261272430e-02
-3.001404106616973877e-01
-2.206266671419143677e-01
-5.234246253967285156e-01
-5.907672047615051270e-01
5.849483013153076172e-01
-4.832017123699188232e-01
-4.175707101821899414e-01
5.714132189750671387e-01
5.530275702476501465e-01
1.457372456789016724e-01
8.716987818479537964e-02
-1.570800095796585083e-01
-2.871769070625305176e-01
-8.679080605506896973e-01
4.009565114974975586e-01
6.762800216674804688e-01
6.814685463905334473e-01
6.978285908699035645e-01
-2.135104313492774963e-02
2.263021022081375122e-01
4.195399209856987000e-02
-4.807424172759056091e-02
-8.760501146316528320e-01
7.062036991119384766e-01
1.122583821415901184e-01
-3.089677393436431885e-01
3.840729594230651855e-02
-5.877400189638137817e-02
3.166320621967315674e-01
4.999623596668243408e-01
-8.230451345443725586e-01
2.392338216304779053e-02
-3.372633457183837891e-01
5.416778475046157837e-02
1.586122512817382812e-01
6.688771247863769531e-01
4.103165268898010254e-01
2.956481873989105225e-01
5.055790022015571594e-02
1.699029356241226196e-01
-4.937515780329704285e-02
3.395215421915054321e-02
-2.632068693637847900e-01
6.421234011650085449e-01
-3.222748339176177979e-01
-6.334735751152038574e-01
-7.937002927064895630e-02
4.464598596096038818e-01
5.491138100624084473e-01
3.302776515483856201e-01
1.560008227825164795e-01
-1.307220011949539185e-01
-4.477524161338806152e-01
-7.756043672561645508e-01
-3.928622901439666748e-01
1.182674057781696320e-02
1.752280294895172119e-01
4.115740954875946045e-02
4.773148894309997559e-01
1.357428580522537231e-01
3.812438547611236572e-01
4.232614934444427490e-01
3.790104091167449951e-01
3.544433414936065674e-01
1.269335150718688965e+00
-1.576386392116546631e-01
1.829401403665542603e-02
8.053971081972122192e-02
-3.113621100783348083e-02
-7.523292303085327148e-02
5.806199740618467331e-03
2.243911176919937134e-01
4.680982828140258789e-01
3.638586774468421936e-02
4.083196222782135010e-01
9.559261798858642578e-01
-4.576919078826904297e-01
-6.770796775817871094e-01
1.066264361143112183e-01
-7.524595260620117188e-01
1.223611161112785339e-01
-8.353161811828613281e-02
2.832731306552886963e-01
-2.602891623973846436e-01
3.077479545027017593e-03
4.539008438587188721e-01
5.920587778091430664e-01
3.031501471996307373e-01
3.202181160449981689e-01
2.169882319867610931e-02
2.426154911518096924e-01
3.799907863140106201e-01
1.212181374430656433e-01
2.635283470153808594e-01
-9.811291843652725220e-02
-1.067696977406740189e-02
3.647970259189605713e-01
-2.677465379238128662e-01
1.454358361661434174e-02
8.137710392475128174e-02
1.629036962985992432e-01
2.676991820335388184e-01
4.257876873016357422e-01
-1.273550242185592651e-01
4.824178293347358704e-02
2.118635326623916626e-01
-7.585354149341583252e-03
3.502325713634490967e-01
4.644068181514739990e-01
2.172475606203079224e-01
4.046097099781036377e-01
-1.582951471209526062e-02
4.373403489589691162e-01
2.141901850700378418e-01
2.084469795227050781e+00
-5.820664167404174805e-01
1.150752305984497070e-01
-2.369180023670196533e-01
-6.363967061042785645e-01
-2.830520570278167725e-01
-3.894933462142944336e-01
-5.675948858261108398e-01
-1.390664428472518921e-01
-4.303739964962005615e-01
-5.747017860412597656e-01
-1.109798550605773926e-01
1.882207244634628296e-01
-8.696592599153518677e-02
5.890089869499206543e-01
2.450398057699203491e-01
7.936969399452209473e-01
3.714455664157867432e-01
6.659731864929199219e-01
3.289913237094879150e-01
2.384088784456253052e-01
3.989699780941009521e-01
2.434984296560287476e-01
-1.921009272336959839e-01
8.378987014293670654e-02
-9.147507138550281525e-03
2.456586807966232300e-01
1.525828838348388672e-01
2.315100468695163727e-02
1.208331622183322906e-02
-2.161404341459274292e-01
1.197842732071876526e-01
1.261758245527744293e-02
-7.148250192403793335e-02
-2.252123653888702393e-01
-5.424805879592895508e-01
-3.261016309261322021e-01
5.038462877273559570e-01
-4.529427587985992432e-01
5.935204625129699707e-01
-3.918702900409698486e-02
1.971968114376068115e-01
6.507356166839599609e-01
4.010342657566070557e-01
7.300208210945129395e-01
-2.729647457599639893e-01
2.963437139987945557e-01
4.752698168158531189e-02
2.451111972332000732e-01
-3.128089010715484619e-01
4.325869381427764893e-01
9.180645346641540527e-01
7.194997668266296387e-01
3.851464390754699707e-01
2.406709641218185425e-01
7.273693382740020752e-02
-2.673895359039306641e-01
-5.688081979751586914e-01
-4.781970381736755371e-01
-9.156940579414367676e-01
3.962418809533119202e-02
-5.794692784547805786e-02
-2.417878061532974243e-01
-2.054806202650070190e-01
-7.525852918624877930e-01
8.153560012578964233e-02
2.351325154304504395e-01
-1.908734738826751709e-01
9.851741790771484375e-01
5.214805603027343750e-01
4.564145207405090332e-01
1.468469619750976562e+00
1.567571014165878296e-01
2.898392677307128906e-01
4.512057006359100342e-01
6.102762222290039062e-01
9.846122860908508301e-01
2.478027194738388062e-01
7.780429720878601074e-02
5.396405458450317383e-01
-6.427299380302429199e-01
-7.769110798835754395e-01
-3.132517337799072266e-01
-6.864809393882751465e-01
-3.561885952949523926e-01
-5.568190813064575195e-01
-2.105121910572052002e-01
-3.633567690849304199e-01
1.415380686521530151e-01
1.043045520782470703e-02
5.399629473686218262e-01
1.051858305931091309e+00
5.076227784156799316e-01
5.418859720230102539e-01
6.758617758750915527e-01
-2.509047389030456543e-01
-1.498046517372131348e-02
-6.192564368247985840e-01
-5.652168989181518555e-01
-6.334757804870605469e-01
-4.998596310615539551e-01
-8.294966220855712891e-01
-4.946276545524597168e-01
1.741149425506591797e-01
-7.324216365814208984e-01
5.180014371871948242e-01
1.088650941848754883e+00
1.274703860282897949e+00
1.250655770301818848e+00
9.594244956970214844e-01
6.489558815956115723e-01
-3.016469180583953857e-01
-1.373859345912933350e-01
-1.039511039853096008e-01
-6.364071965217590332e-01
-3.687690794467926025e-01
-1.697197109460830688e-01
-8.206529170274734497e-02
-1.125039905309677124e-01
-4.778982400894165039e-01
1.244328096508979797e-01
-2.212973386049270630e-01
-1.436868607997894287e-01
4.353186786174774170e-01
1.781136691570281982e-01
-2.289409190416336060e-01
7.083668112754821777e-01
3.083382844924926758e-01
2.715518772602081299e-01
2.532589435577392578e-01
4.465577304363250732e-01
3.254238367080688477e-01
1.209126487374305725e-01
-5.275529623031616211e-01
5.477170944213867188e-01
4.815912544727325439e-01
9.539005160331726074e-02
4.457775652408599854e-01
2.812306284904479980e-01
-3.041504919528961182e-01
9.839173406362533569e-02
1.124324053525924683e-01
8.268896490335464478e-02
2.021882236003875732e-01
-2.772842943668365479e-01
2.491434216499328613e-01
1.207660675048828125e+00
-1.891084462404251099e-01
-2.980673909187316895e-01
-1.709538102149963379e-01
2.753458917140960693e-01
-4.059462845325469971e-01
6.554284095764160156e-01
-1.173807382583618164e-01
9.779942631721496582e-01
6.752516329288482666e-02
-3.999310731887817383e-01
8.856035470962524414e-01
7.742369920015335083e-02
-8.552177250385284424e-02
4.953562021255493164e-01
3.919790387153625488e-01
-2.552877068519592285e-01
5.553569793701171875e-01
-4.119490683078765869e-01
4.297916889190673828e-01
9.535193443298339844e-01
-3.363113403320312500e-01
1.483690500259399414e+00
1.338591575622558594e+00
1.639837399125099182e-02
6.267700195312500000e-01
-4.369519948959350586e-01
-5.721279382705688477e-01
-8.420294523239135742e-01
-4.828363284468650818e-02
-2.538942694664001465e-01
1.512956470251083374e-01
7.748281955718994141e-02
1.235918048769235611e-02
-5.193414166569709778e-02
1.492117047309875488e-01
3.532068431377410889e-01
4.447887092828750610e-02
4.741327762603759766e-01
1.119431972503662109e+00
2.611503303050994873e-01
1.468491077423095703e+00
1.573979109525680542e-02
7.110108137130737305e-01
-4.351828619837760925e-02
6.652197837829589844e-01
4.600773006677627563e-02
-6.213542073965072632e-04
1.199036955833435059e+00
-2.119009196758270264e-02
-5.540600046515464783e-02
2.481325417757034302e-01
-5.825520753860473633e-01
-3.762742578983306885e-01
2.806944549083709717e-01
3.020413815975189209e-01
-4.182928800582885742e-01
-1.794096231460571289e-01
-6.978635787963867188e-01
1.874772608280181885e-01
4.153521955013275146e-01
-2.183367162942886353e-01
1.354503259062767029e-02
1.560480594635009766e+00
5.735011696815490723e-01
3.507471382617950439e-01
-4.031973704695701599e-02
-1.494765430688858032e-01
-1.283946782350540161e-01
-4.437363445758819580e-01
1.307432055473327637e-01
-1.263829618692398071e-01
3.187549114227294922e-01
1.439900547266006470e-01
1.195217519998550415e-01
1.078996539115905762e+00
1.038872122764587402e+00
1.530619561672210693e-01
2.960094809532165527e-01
-5.011879801750183105e-01
-9.368520975112915039e-02
3.362489938735961914e-01
-3.526532351970672607e-01
-6.549917906522750854e-02
-6.185498461127281189e-02
2.301665842533111572e-01
-4.315901398658752441e-01
-2.227604091167449951e-01
3.314693868160247803e-01
-9.162161499261856079e-02
-8.894936740398406982e-02
-1.919787004590034485e-02
