-9.969754517078399658e-02
8.551362156867980957e-02
-1.599233150482177734e-01
-1.278042644262313843e-01
4.936322197318077087e-02
2.288861423730850220e-01
-3.451715111732482910e-01
-1.253977268934249878e-01
-1.874694600701332092e-02
-6.352742314338684082e-01
-5.945931673049926758e-01
3.457833528518676758e-01
-6.696476787328720093e-02
1.920147240161895752e-01
1.840905398130416870e-01
3.053542673587799072e-01
6.971396803855895996e-01
7.072134017944335938e-01
8.749232627451419830e-03
1.386005580425262451e-01
2.330157458782196045e-01
4.292993247509002686e-01
5.907490253448486328e-01
3.800566494464874268e-02
-2.518850862979888916e-01
-1.108466386795043945e-01
-5.767794251441955566e-01
-2.727531492710113525e-01
-2.962050735950469971e-01
2.353695482015609741e-01
-1.693544983863830566e-01
5.512033775448799133e-02
3.786731064319610596e-01
2.918503060936927795e-02
-3.236927390098571777e-01
3.249202966690063477e-01
-6.305010318756103516e-01
4.949985742568969727e-01
2.729614973068237305e-01
3.946095705032348633e-01
3.398770391941070557e-01
-5.772259831428527832e-01
3.488332927227020264e-01
1.040698766708374023e+00
9.534665346145629883e-01
8.355483412742614746e-01
3.940991461277008057e-01
8.283180743455886841e-02
1.237844526767730713e-01
4.108281433582305908e-01
-3.857271075248718262e-01
-4.020159244537353516e-01
-8.961236476898193359e-02
-3.230951428413391113e-01
-5.794718861579895020e-01
-1.909934282302856445e-01
3.630710840225219727e-01
5.132152885198593140e-02
-3.732328116893768311e-01
-5.818662047386169434e-01
-4.992831349372863770e-01
-5.194638967514038086e-01
-9.974987059831619263e-02
7.674952596426010132e-02
6.783316284418106079e-02
5.213439464569091797e-01
2.001229971647262573e-01
-4.142896085977554321e-02
4.157383739948272705e-01
1.122120261192321777e+00
8.325524926185607910e-01
8.569666743278503418e-01
2.387676090002059937e-01
-9.096162021160125732e-02
2.484263926744461060e-01
-3.364282846450805664e-01
9.849014133214950562e-02
-3.007471263408660889e-01
-2.187514603137969971e-01
-6.915267109870910645e-01
1.262699663639068604e-01
1.426631584763526917e-02
1.157229468226432800e-01
-3.622989356517791748e-01
-2.322833985090255737e-01
-3.762093931436538696e-02
1.054604351520538330e-01
1.912332475185394287e-01
5.322004556655883789e-01
7.729004025459289551e-01
6.879865527153015137e-01
4.065376520156860352e-01
-3.110177516937255859e-01
-3.764765858650207520e-01
-1.906625032424926758e-01
1.742479950189590454e-01
-1.747880280017852783e-01
2.274617105722427368e-01
-4.706663787364959717e-01
1.043597012758255005e-01
7.065516710281372070e-01
-9.099212288856506348e-02
-4.875224232673645020e-01
3.462637364864349365e-01
-3.680656552314758301e-01
-3.273723125457763672e-01
4.981935918331146240e-01
-1.296502947807312012e-01
4.833272099494934082e-02
1.102230325341224670e-01
-2.506072819232940674e-01
1.086123809218406677e-01
7.892134785652160645e-01
4.065601229667663574e-01
-4.905014634132385254e-01
-2.748059034347534180e-01
5.937096476554870605e-02
1.764368176460266113e+00
5.116852521896362305e-01
3.028420209884643555e-01
-5.255500599741935730e-02
4.844567775726318359e-01
-3.134564459323883057e-01
-8.890828490257263184e-02
1.568416953086853027e-01
2.866288125514984131e-01
-8.489325642585754395e-02
7.385823875665664673e-02
2.971054017543792725e-01
2.565473318099975586e-01
6.926224231719970703e-01
8.058255910873413086e-01
9.863760322332382202e-02
-2.416161298751831055e-01
5.273054242134094238e-01
-3.458601236343383789e-01
-7.232043743133544922e-01
6.684183478355407715e-01
-1.312564779072999954e-02
4.376886487007141113e-01
2.430354654788970947e-01
-5.924687981605529785e-01
-3.514775633811950684e-01
-2.313802987337112427e-01
1.743754372000694275e-02
3.774099946022033691e-01
-2.241929173469543457e-01
-1.300493031740188599e-01
6.635743379592895508e-02
-2.104894071817398071e-01
4.783550202846527100e-01
7.847130298614501953e-01
6.661530733108520508e-01
3.537378609180450439e-01
-2.833985388278961182e-01
3.196517527103424072e-01
-8.485974371433258057e-02
8.086439967155456543e-01
2.662043869495391846e-01
1.826510131359100342e-01
4.092441871762275696e-02
1.252833753824234009e-01
-2.117824852466583252e-01
-6.821084618568420410e-01
-5.952663421630859375e-01
-2.529149055480957031e-01
2.555654048919677734e-01
4.044919312000274658e-01
5.816936492919921875e-01
2.114501409232616425e-02
-4.142246246337890625e-01
-6.235622987151145935e-02
-1.999576240777969360e-01
5.149825215339660645e-01
-2.344875596463680267e-02
4.979358613491058350e-02
2.811687290668487549e-01
3.151790499687194824e-01
7.405418157577514648e-01
-2.207049280405044556e-01
-1.072157695889472961e-01
-3.589835166931152344e-01
1.414681971073150635e-01
-2.757355570793151855e-01
-1.576432287693023682e-01
-1.229885071516036987e-01
2.779652476310729980e-01
-4.193028509616851807e-01
-1.863983459770679474e-03
2.662750780582427979e-01
3.287543952465057373e-01
-1.611521840095520020e-01
2.158132791519165039e-01
-5.329155921936035156e-02
5.149512290954589844e-01
7.694598436355590820e-01
6.850414872169494629e-01
5.686413645744323730e-01
5.766174197196960449e-02
7.591605931520462036e-02
-3.147318661212921143e-01
-1.126523971557617188e+00
2.620423734188079834e-01
2.410022169351577759e-01
-3.594585955142974854e-01
-7.075329422950744629e-01
-6.249520778656005859e-01
-1.437277793884277344e-01
2.066116482019424438e-01
3.940762281417846680e-01
3.326986730098724365e-01
6.788060069084167480e-02
1.982157975435256958e-01
-3.856960237026214600e-01
-1.136416047811508179e-01
3.155450895428657532e-02
1.172495335340499878e-01
3.009603731334209442e-02
-1.266697198152542114e-01
3.187255859375000000e-01
-6.043413281440734863e-02
7.564254999160766602e-01
8.102289438247680664e-01
4.356016814708709717e-01
2.923627793788909912e-01
3.364066779613494873e-01
1.515926718711853027e-01
-1.329973489046096802e-01
-3.794301673769950867e-02
-4.120418727397918701e-01
5.013926029205322266e-01
-2.208720743656158447e-01
-4.544049501419067383e-02
-1.766540408134460449e-01
-2.806344926357269287e-01
2.824769169092178345e-02
8.673169016838073730e-01
-2.889662683010101318e-01
-6.427816301584243774e-02
-1.624671220779418945e-01
-1.077842116355895996e-01
4.716458618640899658e-01
1.253458410501480103e-01
6.496106982231140137e-01
-2.297049015760421753e-01
-4.796237349510192871e-01
2.096284180879592896e-02
4.269961118698120117e-01
4.065656661987304688e-01
6.620793342590332031e-01
6.124724149703979492e-01
1.252068430185317993e-01
5.227634310722351074e-01
9.935844540596008301e-01
7.134827375411987305e-01
5.622683167457580566e-01
-1.900362819433212280e-01
-1.048837423324584961e+00
-7.415881156921386719e-01
-4.875901341438293457e-01
-5.527313947677612305e-01
-1.554209589958190918e-01
9.970690608024597168e-01
5.445646047592163086e-01
2.719818651676177979e-01
3.194350898265838623e-01
4.396885037422180176e-01
4.922221601009368896e-01
6.334739923477172852e-02
2.048107385635375977e-01
-1.132598668336868286e-01
-5.562459230422973633e-01
-2.126843929290771484e-01
4.101648032665252686e-01
-3.877336680889129639e-01
1.386318683624267578e+00
-2.349647879600524902e-01
1.194600939750671387e+00
5.561110004782676697e-02
-2.256416976451873779e-01
-1.612714976072311401e-01
4.755657166242599487e-02
2.707614898681640625e-01
2.755874693393707275e-01
-3.801111578941345215e-01
-1.860184520483016968e-01
-2.119837850332260132e-01
-5.634264275431632996e-02
-1.842426955699920654e-01
4.710824489593505859e-01
2.995018959045410156e-01
4.262735545635223389e-01
5.347546339035034180e-01
4.916528761386871338e-01
-2.074609398841857910e-01
-1.478069722652435303e-01
1.177969217300415039e+00
5.809096097946166992e-01
-1.844971925020217896e-01
-1.312514096498489380e-01
-2.520717978477478027e-01
-3.885248675942420959e-02
4.986794292926788330e-01
1.929850280284881592e-01
2.047387063503265381e-01
8.777980506420135498e-02
2.032319456338882446e-01
-1.943127661943435669e-01
4.813113808631896973e-01
-6.901527941226959229e-02
2.499378286302089691e-03
-2.294874191284179688e-01
1.243743777275085449e+00
-5.527751445770263672e-01
-1.962936669588088989e-01
3.244162201881408691e-01
1.946877390146255493e-01
-7.635199278593063354e-02
-3.500282391905784607e-02
2.625080943107604980e-01
-1.717668324708938599e-01
4.286382198333740234e-01
1.736026704311370850e-01
4.365371540188789368e-02
3.592464625835418701e-01
7.971558570861816406e-01
5.425720214843750000e-01
4.998803138732910156e-02
2.167250216007232666e-02
1.204621866345405579e-01
5.667265132069587708e-02
1.135705113410949707e+00
-2.185493707656860352e-02
-7.126954197883605957e-02
-3.257358670234680176e-01
8.022464513778686523e-01
4.075194001197814941e-01
4.131253659725189209e-01
-5.643235519528388977e-02
-1.111729145050048828e-01
-5.723151192069053650e-02
-1.847992539405822754e-01
1.188401319086551666e-02
6.809065341949462891e-01
-5.692607760429382324e-01
-1.853329390287399292e-01
7.825236320495605469e-01
-4.442667663097381592e-01
-1.195408552885055542e-01
2.066718935966491699e-01
5.434628129005432129e-01
4.056562781333923340e-01
2.057876139879226685e-01
2.723910212516784668e-01
-1.545072346925735474e-01
-3.482821285724639893e-01
1.299246549606323242e-01
2.494868487119674683e-01
-1.775495111942291260e-01
1.896028965711593628e-02
2.077686041593551636e-02
-1.942776292562484741e-01
-3.820360302925109863e-01
2.758249044418334961e-01
-1.061116307973861694e-01
6.157851219177246094e-02
1.787165522575378418e+00
6.004102826118469238e-01
3.416596949100494385e-01
4.338546395301818848e-01
5.018994212150573730e-01
8.876613527536392212e-02
1.539362370967864990e-01
1.225904896855354309e-01
-7.610912322998046875e-01
-6.527927517890930176e-01
-2.780070602893829346e-01
3.041744604706764221e-02
1.596266031265258789e-02
-2.798319458961486816e-01
4.617233872413635254e-01
-5.062503218650817871e-01
1.481026411056518555e+00
-5.792946815490722656e-01
-8.709879964590072632e-02
8.352430462837219238e-01
-4.204389452934265137e-02
-6.088107824325561523e-02
-1.192455291748046875e-01
-1.858799755573272705e-01
-5.038610845804214478e-02
1.433630734682083130e-01
3.470247685909271240e-01
-1.261020917445421219e-02
6.332871317863464355e-01
1.109717607498168945e+00
8.537068367004394531e-01
5.385065078735351562e-01
8.640997111797332764e-02
2.586427628993988037e-01
-2.372531592845916748e-01
4.555342495441436768e-01
-2.003135681152343750e-01
1.294957697391510010e-01
-1.811837404966354370e-01
5.055784583091735840e-01
-1.707572489976882935e-02
3.402700126171112061e-01
-6.118278503417968750e-01
5.929582118988037109e-01
6.493702530860900879e-01
-1.985867619514465332e-01
2.370637357234954834e-01
2.154118716716766357e-01
-6.562336683273315430e-01
-4.401088654994964600e-01
-2.713759243488311768e-01
2.574877142906188965e-01
7.872544527053833008e-01
3.277361690998077393e-01
3.990806639194488525e-02
3.561350405216217041e-01
1.733006089925765991e-01
2.908114790916442871e-01
-1.005613803863525391e-01
6.776187568902969360e-02
-1.078847143799066544e-02
3.770182430744171143e-01
-5.396535396575927734e-01
8.952724337577819824e-01
-2.030273079872131348e-01
-5.575247108936309814e-02
5.126003026962280273e-01
-2.935810983180999756e-01
5.061895847320556641e-01
7.772638797760009766e-01
7.676661610603332520e-01
4.670857787132263184e-01
-6.870950013399124146e-02
-2.265392392873764038e-01
-5.655446052551269531e-01
1.131079912185668945e+00
3.150466978549957275e-01
6.744739413261413574e-01
-1.899441480636596680e-01
-3.561522960662841797e-01
1.074338078498840332e+00
-2.527378201484680176e-01
-1.293388754129409790e-01
-1.304919719696044922e-01
1.990192942321300507e-02
-1.939323842525482178e-01
-1.675419360399246216e-01
4.293127954006195068e-01
1.238695606589317322e-01
6.073796749114990234e-02
-7.548960298299789429e-02
-5.296382308006286621e-02
-4.381315410137176514e-01
-5.332548618316650391e-01
1.765742897987365723e+00
-1.720756851136684418e-02
2.339823961257934570e+00
7.465268373489379883e-01
8.912250399589538574e-01
5.507341027259826660e-01
4.362645149230957031e-01
-2.713169455528259277e-01
2.663324177265167236e-01
1.280600428581237793e+00
7.008721232414245605e-01
2.293292135000228882e-01
8.257676661014556885e-02
-7.196830213069915771e-02
4.199562370777130127e-01
5.099231600761413574e-01
2.321608364582061768e-01
-5.182804465293884277e-01
-9.564747214317321777e-01
-7.485067248344421387e-01
-9.603310823440551758e-01
-9.407117366790771484e-01
-2.896181643009185791e-01
-4.433458447456359863e-01
1.297619462013244629e+00
2.733972072601318359e-01
2.762410044670104980e-01
4.794802963733673096e-01
2.794413566589355469e-01
-1.378851085901260376e-01
-4.376806020736694336e-01
3.952147066593170166e-01
1.883027851581573486e-01
-7.827416062355041504e-03
1.747985929250717163e-01
2.095792293548583984e-01
7.654762864112854004e-01
1.797422170639038086e-01
9.171318411827087402e-01
6.374226212501525879e-01
1.776176542043685913e-01
4.055921137332916260e-01
-7.828585803508758545e-02
-2.184742689132690430e-01
4.162273108959197998e-01
-2.931253015995025635e-01
-5.555576086044311523e-01
-3.232021033763885498e-01
9.857240132987499237e-03
1.949523389339447021e-01
-2.408364713191986084e-01
-1.769394129514694214e-01
-9.054560959339141846e-02
