1.792611330747604370e-01
3.755772411823272705e-01
4.104214310646057129e-01
4.349930882453918457e-01
2.256169617176055908e-01
-4.890237003564834595e-02
5.353803560137748718e-02
-6.481675431132316589e-03
-5.403962731361389160e-02
-3.744545578956604004e-01
-2.387547492980957031e-02
4.123791754245758057e-01
1.431738734245300293e-01
-1.789022795855998993e-02
1.466267257928848267e-01
2.209559231996536255e-01
8.971382975578308105e-01
-3.468353301286697388e-02
-2.154927253723144531e-01
4.720700979232788086e-01
4.292424023151397705e-02
-1.636966913938522339e-01
1.287730574607849121e+00
-2.007253766059875488e-01
-1.789910495281219482e-01
-3.586077690124511719e-01
-3.584203720092773438e-01
3.165574073791503906e-01
-1.496846675872802734e-01
-7.963497936725616455e-02
-1.306041628122329712e-01
2.300381660461425781e-01
3.066696226596832275e-01
7.940606474876403809e-01
1.179573871195316315e-02
1.763682067394256592e-01
-1.958661675453186035e-01
1.655876517295837402e+00
-3.530324995517730713e-01
3.084239959716796875e-01
1.046791523694992065e-01
-6.090039759874343872e-02
-2.402824312448501587e-01
6.895356178283691406e-01
-1.107736900448799133e-01
3.603792190551757812e-02
3.218939304351806641e-01
1.380483508110046387e-01
-1.528763622045516968e-01
3.507507443428039551e-01
-7.354684919118881226e-02
-3.721945881843566895e-01
2.255264520645141602e-01
-1.722121089696884155e-01
-1.037627086043357849e-01
5.100273489952087402e-01
9.578468799591064453e-01
5.760783553123474121e-01
-1.703042685985565186e-01
-8.798258304595947266e-01
-3.065068423748016357e-01
-4.003095626831054688e-02
-2.512040138244628906e-01
2.103658020496368408e-01
-5.376952886581420898e-01
1.774004578590393066e+00
-4.847109019756317139e-01
2.957738935947418213e-01
1.817954331636428833e-01
1.355884671211242676e+00
3.422657549381256104e-01
-4.236822724342346191e-01
-6.899652481079101562e-01
5.559621453285217285e-01
2.592267692089080811e-01
1.435162574052810669e-01
7.369707822799682617e-01
5.550997853279113770e-01
-8.629705756902694702e-02
-5.311349630355834961e-01
-7.012540847063064575e-02
-2.669493854045867920e-02
-3.202122077345848083e-02
4.568834006786346436e-01
5.670664310455322266e-01
3.941189646720886230e-01
-3.858156800270080566e-01
-3.510551750659942627e-01
4.282555878162384033e-01
-4.723033010959625244e-01
6.091148257255554199e-01
2.621349096298217773e-01
6.183348894119262695e-01
4.485120773315429688e-01
9.360709786415100098e-01
-2.166492789983749390e-01
-1.355797052383422852e-01
-6.221349239349365234e-01
-3.803366720676422119e-01
2.977404743432998657e-02
7.736818790435791016e-01
2.944715321063995361e-02
-1.001044660806655884e-01
-1.767548918724060059e-01
9.969332814216613770e-02
-7.330999374389648438e-01
-6.045781373977661133e-01
-4.145734906196594238e-01
-4.775938093662261963e-01
-4.046813547611236572e-01
-1.004303917288780212e-01
1.017049625515937805e-01
1.132062196731567383e+00
2.833146452903747559e-01
3.098897933959960938e-01
-8.350754976272583008e-01
6.213014721870422363e-01
2.674847841262817383e+00
3.539224267005920410e-01
-2.060324698686599731e-01
1.771586537361145020e-01
3.980758190155029297e-01
2.052264064550399780e-01
2.745178341865539551e-01
3.440834283828735352e-01
4.622389376163482666e-02
-2.872839570045471191e-01
2.287012487649917603e-01
8.310623466968536377e-02
6.823176145553588867e-02
2.769649326801300049e-01
1.332354068756103516e+00
-3.482056083157658577e-03
-1.115437075495719910e-01
9.930773973464965820e-01
-1.382986083626747131e-03
2.164769917726516724e-01
2.778727710247039795e-01
-2.856747210025787354e-01
1.612411975860595703e+00
-7.431624531745910645e-01
-6.794018745422363281e-01
-2.578374445438385010e-01
1.213277354836463928e-01
2.913646996021270752e-01
4.957107305526733398e-01
-3.380903005599975586e-01
-7.502505928277969360e-02
3.161744475364685059e-01
3.367090225219726562e-01
6.373015791177749634e-02
9.304022789001464844e-01
3.621765971183776855e-01
1.917794346809387207e-01
-5.589827895164489746e-01
-5.649189949035644531e-01
-3.956938683986663818e-01
5.347369313240051270e-01
2.623195648193359375e-01
1.192094534635543823e-01
-1.063242182135581970e-01
-4.547969400882720947e-01
-2.625897228717803955e-01
2.119736671447753906e-01
4.274911582469940186e-01
3.412893414497375488e-01
-3.807922303676605225e-01
-5.234677791595458984e-01
8.499873280525207520e-01
-5.890171527862548828e-01
-2.009934931993484497e-01
1.799853146076202393e-01
-9.771986305713653564e-02
-2.424243092536926270e-02
-1.426836699247360229e-01
-8.156946897506713867e-01
-7.139478921890258789e-01
-5.140309929847717285e-01
6.770960688591003418e-01
4.556015133857727051e-01
4.782962203025817871e-01
5.338256955146789551e-01
5.150767564773559570e-01
3.565106987953186035e-01
-5.655058026313781738e-01
-8.638169765472412109e-01
-5.374679341912269592e-02
-3.437748849391937256e-01
-1.815289556980133057e-01
-9.982424229383468628e-02
-9.334879368543624878e-02
-4.337617456912994385e-01
3.134013712406158447e-01
-6.603114306926727295e-02
-2.331124618649482727e-02
1.188418865203857422e+00
5.660463571548461914e-01
-3.067224286496639252e-02
-5.681108832359313965e-01
-2.949442863464355469e-01
-8.025953173637390137e-01
-2.154406756162643433e-01
2.127017229795455933e-01
-3.875910043716430664e-01
-2.068501859903335571e-01
2.854657471179962158e-01
-2.412963062524795532e-01
1.209768094122409821e-02
-2.618891298770904541e-01
-5.348213016986846924e-02
7.015286684036254883e-01
3.094622492790222168e-01
-2.320178970694541931e-02
-4.276578426361083984e-01
-6.244190335273742676e-01
3.480066359043121338e-01
6.414114832878112793e-01
7.745994329452514648e-01
8.682194948196411133e-01
2.473017871379852295e-01
3.677847608923912048e-02
-7.593784481287002563e-02
5.070237517356872559e-01
2.643017843365669250e-02
2.415969669818878174e-01
-3.561117351055145264e-01
-2.534223496913909912e-01
-9.230587482452392578e-01
-9.496393799781799316e-01
-7.913047075271606445e-01
5.633524656295776367e-01
-3.496867120265960693e-01
1.333606839179992676e-01
3.482375741004943848e-01
1.164136379957199097e-01
9.239419549703598022e-02
5.472849011421203613e-01
-4.800231754779815674e-02
5.813503265380859375e-01
-2.267910912632942200e-02
-1.227989271283149719e-01
2.679472602903842926e-02
-1.293663531541824341e-01
6.836909651756286621e-01
-5.977489054203033447e-02
-1.060083657503128052e-01
3.355223536491394043e-01
1.136578202247619629e+00
3.261398673057556152e-01
1.743281126022338867e+00
5.169082283973693848e-01
-1.441468745470046997e-01
6.846765987575054169e-03
1.886255621910095215e+00
-3.298967704176902771e-02
-8.993694931268692017e-02
2.514485120773315430e-01
8.704810142517089844e-01
6.118997931480407715e-01
2.691239714622497559e-01
4.396453201770782471e-01
1.320003509521484375e+00
9.462444782257080078e-01
5.881584063172340393e-02
-3.025082945823669434e-01
2.721574008464813232e-01
-3.133623898029327393e-01
1.590567708015441895e+00
-4.244571924209594727e-01
8.224824070930480957e-01
-1.759733259677886963e-01
-1.695897877216339111e-01
-7.331721782684326172e-01
-1.613124310970306396e-01
2.345507442951202393e-01
9.390240907669067383e-01
-9.041553735733032227e-02
9.324011802673339844e-01
1.159769892692565918e-01
2.071022689342498779e-01
4.977982044219970703e-01
3.418398275971412659e-02
-7.519457936286926270e-01
-2.729243040084838867e-02
-1.531232446432113647e-01
-7.306676357984542847e-02
-5.117327570915222168e-01
-6.194975972175598145e-01
-6.565307378768920898e-01
6.132164597511291504e-01
3.176918998360633850e-02
1.447637975215911865e-01
3.218601346015930176e-01
8.776847124099731445e-01
7.423605322837829590e-01
1.944380253553390503e-01
3.008104562759399414e+00
4.512042403221130371e-01
9.560196846723556519e-02
6.653685569763183594e-01
6.593117117881774902e-01
2.398548871278762817e-01
2.025242567062377930e+00
-6.611325144767761230e-01
-6.901767253875732422e-01
-4.141382575035095215e-01
6.604408025741577148e-01
5.353459715843200684e-01
5.260099172592163086e-01
-2.804788947105407715e-01
-2.621973454952239990e-01
-5.589168667793273926e-01
1.326116323471069336e+00
-4.128101766109466553e-01
-6.324836611747741699e-02
1.306256651878356934e-01
-2.671532705426216125e-02
1.039758324623107910e-01
5.616818666458129883e-01
9.131853580474853516e-01
3.019818961620330811e-01
-2.790634036064147949e-01
-2.735757231712341309e-01
1.519533544778823853e-01
-1.267865151166915894e-01
2.688528299331665039e-01
4.926467537879943848e-01
-1.845118999481201172e-01
-4.649876058101654053e-01
-6.039332151412963867e-01
-5.719003677368164062e-01
6.536763310432434082e-01
-2.252041101455688477e-01
-1.038943290710449219e+00
-3.004791736602783203e-01
5.994288325309753418e-01
4.532712996006011963e-01
5.272344946861267090e-01
1.941421180963516235e-01
6.348332166671752930e-01
6.946284174919128418e-01
-3.863663673400878906e-01
1.048455312848091125e-01
8.702182173728942871e-01
4.435417950153350830e-01
2.168027758598327637e-01
1.056854844093322754e+00
-5.770684406161308289e-02
-3.008959889411926270e-01
-5.554681420326232910e-01
1.164625048637390137e+00
-5.697857216000556946e-02
2.736473083496093750e-01
7.917135953903198242e-01
1.130653619766235352e-01
-2.375015169382095337e-01
-1.387232542037963867e-02
-2.495285719633102417e-01
-3.833556175231933594e-01
-2.568740248680114746e-01
-7.521368265151977539e-01
-7.543667554855346680e-01
-5.789939761161804199e-01
-1.244150176644325256e-01
2.361839637160301208e-02
1.024039983749389648e-01
9.952996969223022461e-01
7.607561945915222168e-01
-4.667074084281921387e-01
-7.892452478408813477e-01
1.297417998313903809e+00
4.659316241741180420e-01
3.714773654937744141e-01
-4.697526991367340088e-02
-2.432090491056442261e-01
3.699398636817932129e-01
3.874530494213104248e-01
-8.196714520454406738e-01
-7.563808560371398926e-01
-4.545754790306091309e-01
5.553691461682319641e-02
1.213288158178329468e-01
9.023306965827941895e-01
2.684626579284667969e-01
-1.259524226188659668e-01
5.030994415283203125e-01
3.875658288598060608e-02
1.100854948163032532e-02
-3.980915844440460205e-01
-2.637151777744293213e-01
-1.056934744119644165e-01
-1.719053685665130615e-01
7.762920856475830078e-01
3.851957991719245911e-02
-2.871734797954559326e-01
3.553225100040435791e-01
-9.143028408288955688e-02
-3.788463473320007324e-01
2.876339256763458252e-01
7.191271185874938965e-01
-1.062687113881111145e-01
2.838832736015319824e-01
-3.821029560640454292e-03
4.122640565037727356e-02
-4.199399948120117188e-01
1.488580703735351562e+00
-3.584589064121246338e-02
6.686866879463195801e-01
2.248966693878173828e-01
1.591470718383789062e+00
5.628840252757072449e-02
4.614033922553062439e-02
1.583482503890991211e+00
1.253650307655334473e+00
6.420409679412841797e-02
-5.274260044097900391e-01
-2.748899161815643311e-01
2.584959566593170166e-01
5.737609267234802246e-01
9.930936098098754883e-01
1.805325597524642944e-01
2.571484446525573730e-01
-5.986385345458984375e-01
-6.006813645362854004e-01
-1.495596766471862793e-01
-6.186941862106323242e-01
-4.685921072959899902e-01
5.207134038209915161e-02
-7.755151391029357910e-01
1.397897481918334961e+00
-3.254863917827606201e-01
-2.361676096916198730e-01
8.335759043693542480e-01
2.528271675109863281e-01
4.842508211731910706e-02
6.938219666481018066e-01
4.455417096614837646e-01
3.105614185333251953e-01
1.490058898925781250e-01
9.197413921356201172e-02
2.667853534221649170e-01
1.347953677177429199e+00
5.607807636260986328e-01
3.016375005245208740e-01
4.603703320026397705e-01
-3.486343026161193848e-01
9.561436176300048828e-01
-4.662473797798156738e-01
-4.531040415167808533e-02
-2.731251120567321777e-01
-4.901507198810577393e-01
6.523540616035461426e-02
-1.036652550101280212e-01
1.017646908760070801e+00
-2.377383559942245483e-01
3.602008819580078125e-01
4.915667474269866943e-01
1.317735761404037476e-01
-8.562502264976501465e-02
5.154155492782592773e-01
9.634377360343933105e-01
3.201837837696075439e-01
1.331415057182312012e+00
-3.962775170803070068e-01
1.280467748641967773e+00
-4.377957284450531006e-01
-4.836578965187072754e-01
-5.858548358082771301e-02
2.849690616130828857e-01
1.930832624435424805e+00
1.024196073412895203e-01
5.286106094717979431e-02
-2.509385943412780762e-01
-2.636657655239105225e-01
6.836542487144470215e-01
8.835200071334838867e-01
8.716301321983337402e-01
-8.735853433609008789e-02
-7.031155228614807129e-01
-9.572506695985794067e-02
1.985031962394714355e-01
-1.783957779407501221e-01
-2.453224956989288330e-01
-2.644020020961761475e-01
1.514455318450927734e+00
3.306997120380401611e-01
-7.135909050703048706e-02
7.546092271804809570e-01
-4.851034879684448242e-01
-2.568144798278808594e-01
1.106876656413078308e-01
3.914367854595184326e-01
1.721382439136505127e-01
-8.794675469398498535e-01
-1.528328955173492432e-01
-3.813605606555938721e-01
1.269339799880981445e+00
1.468348354101181030e-01
4.615114927291870117e-01
3.241872489452362061e-01
-2.499188482761383057e-01
2.381976991891860962e-01
7.831914424896240234e-01
7.557109594345092773e-01
4.883534312248229980e-01
-1.694951504468917847e-01
-1.559046059846878052e-01
-6.676952242851257324e-01
-5.363090038299560547e-01
3.586867153644561768e-01
-3.166935220360755920e-02
-1.420483887195587158e-01
-4.246597588062286377e-01
