-3.779373168945312500e-01
-1.916116625070571899e-01
-3.589656651020050049e-01
2.752722613513469696e-02
3.105088770389556885e-01
1.027533933520317078e-01
1.180733740329742432e-01
8.187073469161987305e-02
3.023202717304229736e-01
1.376563310623168945e-01
2.943455874919891357e-01
3.730707764625549316e-01
3.403069376945495605e-01
2.985259592533111572e-01
1.032904386520385742e-01
-1.336095761507749557e-02
7.426334172487258911e-02
-1.305564492940902710e-01
-5.743169188499450684e-01
-5.400163680315017700e-02
-1.387841254472732544e-01
2.529051303863525391e-01
4.399715363979339600e-01
4.742748439311981201e-01
4.916724562644958496e-01
1.422877311706542969e-01
-4.136926308274269104e-02
-3.584160208702087402e-01
-4.497020840644836426e-01
-3.706597164273262024e-02
-3.135946989059448242e-01
1.466239690780639648e-01
3.488987088203430176e-01
-1.992750763893127441e-01
6.901624053716659546e-02
6.096831336617469788e-02
-1.217988207936286926e-01
-3.513292670249938965e-01
-3.027027547359466553e-01
7.865165472030639648e-01
7.435912489891052246e-01
6.753852367401123047e-01
4.078973531723022461e-01
2.183452099561691284e-01
-5.047985911369323730e-01
-7.870148867368698120e-02
-2.049884945154190063e-01
-1.794829070568084717e-01
3.415256738662719727e-02
-2.407166361808776855e-01
-9.659837931394577026e-02
3.168823421001434326e-01
-1.459480524063110352e-01
1.977352946996688843e-01
-3.316969871520996094e-01
-2.680649757385253906e-01
7.879584431648254395e-01
6.183618307113647461e-01
3.079376518726348877e-01
2.930112481117248535e-01
-4.360223114490509033e-01
-5.932881236076354980e-01
-7.290805224329233170e-03
4.874680638313293457e-01
7.939377427101135254e-01
3.089163303375244141e-01
8.281398564577102661e-02
1.338756978511810303e-01
-5.983360856771469116e-02
-8.355650305747985840e-02
-3.149968683719635010e-01
-2.494976669549942017e-01
-4.616587162017822266e-01
-3.405544459819793701e-01
3.625526130199432373e-01
2.300680577754974365e-01
2.937769331037998199e-02
1.514403671026229858e-01
6.103350222110748291e-02
-6.422410011291503906e-01
-5.010394454002380371e-01
1.316285729408264160e-01
3.664614260196685791e-01
8.873058855533599854e-02
6.878395378589630127e-02
2.299075573682785034e-01
4.338243901729583740e-01
2.059650421142578125e-01
2.912594676017761230e-01
4.828393161296844482e-01
3.756964206695556641e-01
5.191536545753479004e-01
1.293179243803024292e-01
6.142517924308776855e-01
-7.663352787494659424e-02
3.805537521839141846e-01
-5.231651663780212402e-01
-1.794467568397521973e-01
-4.612216949462890625e-01
3.697667121887207031e-01
1.800960451364517212e-01
-7.366330362856388092e-03
-5.701984167098999023e-01
-2.630810737609863281e-01
-5.324360728263854980e-01
-3.089078366756439209e-01
3.811058774590492249e-02
-2.308055907487869263e-01
-1.818939149379730225e-01
4.145735800266265869e-01
-1.221159026026725769e-01
-2.739385068416595459e-01
5.483981594443321228e-02
-9.696973115205764771e-02
-9.994607418775558472e-02
-2.525237500667572021e-01
-3.177218139171600342e-01
-2.428406327962875366e-01
-2.450457513332366943e-01
6.529397368431091309e-01
3.812686204910278320e-01
5.651858448982238770e-01
9.121733903884887695e-01
7.098956108093261719e-01
5.278202295303344727e-01
2.448042631149291992e-01
1.330824643373489380e-01
2.691069543361663818e-01
1.479609310626983643e-02
5.675366148352622986e-02
1.313465982675552368e-01
-3.101191818714141846e-01
2.727605998516082764e-01
9.399035573005676270e-02
1.371602416038513184e-01
3.990612458437681198e-04
-3.436670452356338501e-02
-1.238626763224601746e-01
-5.078879743814468384e-02
1.752222329378128052e-01
-5.929245948791503906e-01
-5.528272986412048340e-01
8.831903338432312012e-03
-3.637930750846862793e-01
-7.110493183135986328e-01
-1.910019665956497192e-01
-2.755833566188812256e-01
-4.657341167330741882e-03
1.082345172762870789e-01
-3.442484885454177856e-02
-1.444522440433502197e-01
2.235367149114608765e-02
4.637100398540496826e-01
2.226114869117736816e-01
1.809011101722717285e-01
6.375625133514404297e-01
9.976004958152770996e-01
5.578153729438781738e-01
3.406196832656860352e-01
4.015512168407440186e-01
9.731592237949371338e-02
2.774881124496459961e-01
-1.385526657104492188e-01
2.038183808326721191e-01
-4.415742754936218262e-01
-3.350515067577362061e-01
-4.608053267002105713e-01
-2.144433408975601196e-01
-8.266916871070861816e-02
5.933248996734619141e-02
-2.860424518585205078e-01
-2.441805750131607056e-01
-2.536845579743385315e-02
1.388804078102111816e+00
-1.593546867370605469e-01
-2.350571006536483765e-01
-1.147265657782554626e-01
1.768709421157836914e-01
2.793207950890064240e-02
-8.222789764404296875e-01
5.320189595222473145e-01
6.028605103492736816e-01
1.989737004041671753e-01
-8.140153437852859497e-02
-3.073612153530120850e-01
-7.926495075225830078e-01
-6.500095129013061523e-02
-5.292721986770629883e-01
1.966878399252891541e-02
6.837108135223388672e-01
6.565327048301696777e-01
-6.911836564540863037e-02
3.580791652202606201e-01
5.982547253370285034e-02
3.300210535526275635e-01
4.736452698707580566e-01
3.947556614875793457e-01
2.459656149148941040e-01
9.025917947292327881e-02
1.917955428361892700e-01
-1.344510912895202637e-01
-9.521499276161193848e-02
3.366485238075256348e-01
-2.549051642417907715e-01
1.449525542557239532e-02
-4.478256404399871826e-01
6.909588724374771118e-02
8.922927081584930420e-02
5.040519237518310547e-01
2.058259546756744385e-01
-1.350766420364379883e-02
-4.116861149668693542e-02
-5.367605686187744141e-01
-6.628164052963256836e-01
-3.061727881431579590e-01
-5.584838986396789551e-01
-1.084354817867279053e-01
1.748063415288925171e-01
1.234639957547187805e-01
5.456662774085998535e-01
3.461584076285362244e-02
3.018103241920471191e-01
-3.231841698288917542e-02
1.952920854091644287e-01
4.894479513168334961e-01
1.546714007854461670e-01
-8.023991584777832031e-01
5.047392845153808594e-01
6.336388178169727325e-04
7.593700289726257324e-02
2.309545576572418213e-01
-8.681201338768005371e-01
4.201148152351379395e-01
4.065572917461395264e-01
-1.991167515516281128e-01
9.690981358289718628e-02
4.992718622088432312e-02
-6.801536679267883301e-02
5.029907822608947754e-01
1.274442672729492188e+00
1.075133800506591797e+00
4.697670936584472656e-01
2.605084478855133057e-01
8.693697303533554077e-02
7.664582878351211548e-02
-1.747945696115493774e-01
1.983194611966609955e-02
6.635652482509613037e-02
6.922478973865509033e-02
6.257699131965637207e-01
-6.944105625152587891e-01
1.885741800069808960e-01
-4.703486263751983643e-01
-5.387454107403755188e-02
-2.377019822597503662e-01
-2.483097761869430542e-01
-2.489476650953292847e-01
2.361346334218978882e-01
3.774937689304351807e-01
7.556995842605829239e-03
1.475785044021904469e-03
3.693266510963439941e-01
2.016654610633850098e-01
1.595891714096069336e-01
2.065189927816390991e-01
5.005707740783691406e-01
8.368444442749023438e-01
5.344716310501098633e-01
-1.803436502814292908e-02
-2.178024500608444214e-01
1.252937465906143188e-01
-1.374177783727645874e-01
6.182864680886268616e-02
1.498413681983947754e-01
2.479011118412017822e-01
3.787039816379547119e-01
7.101463675498962402e-01
-1.706961989402770996e-01
-5.398257821798324585e-02
4.459253698587417603e-02
-2.501728832721710205e-01
-7.274234294891357422e-01
-4.636279046535491943e-01
-4.424257874488830566e-01
-8.333804011344909668e-01
-4.897698760032653809e-01
3.979381918907165527e-01
5.329604148864746094e-01
5.898151397705078125e-01
6.336451768875122070e-01
2.173841297626495361e-01
7.322992663830518723e-03
1.917958706617355347e-01
1.020575538277626038e-01
-7.292560487985610962e-02
2.076428234577178955e-01
1.294821798801422119e-01
-1.307117380201816559e-02
2.234214544296264648e-01
1.501237303018569946e-01
3.844232112169265747e-02
-6.828236579895019531e-02
3.108154535293579102e-01
-1.564377397298812866e-01
-1.042389944195747375e-01
5.518627539277076721e-02
-1.257906435057520866e-03
4.351490139961242676e-01
1.141966342926025391e+00
-2.446808815002441406e-01
-2.231307923793792725e-01
-2.072653621435165405e-01
1.265203803777694702e-01
2.379867583513259888e-01
2.904155850410461426e-01
8.192941546440124512e-02
3.351974189281463623e-01
4.784272611141204834e-01
3.432823121547698975e-01
2.149541079998016357e-01
-4.080584347248077393e-01
2.136064469814300537e-01
-4.825009405612945557e-01
-6.586186587810516357e-02
-3.698872327804565430e-01
5.017198324203491211e-01
3.319111466407775879e-01
6.669524312019348145e-02
3.598324358463287354e-01
2.710247933864593506e-01
1.556132687255740166e-03
-4.023967087268829346e-01
-3.463544845581054688e-01
9.406414628028869629e-02
-9.454619139432907104e-02
3.394390642642974854e-01
2.175052314996719360e-01
-2.606383897364139557e-02
-3.886333405971527100e-01
-4.069145023822784424e-01
-8.911321163177490234e-01
-5.331096053123474121e-01
1.213285252451896667e-01
5.608485639095306396e-02
1.072424873709678650e-01
1.573742181062698364e-01
8.857534527778625488e-01
1.244164109230041504e+00
9.613143801689147949e-01
3.242246210575103760e-01
8.017435073852539062e-01
7.368095964193344116e-02
-1.853417158126831055e-01
-1.038751006126403809e-01
-3.163378834724426270e-01
-5.806708931922912598e-01
3.498661518096923828e-01
3.683265149593353271e-01
4.758325219154357910e-01
4.957964420318603516e-01
2.301121652126312256e-01
-4.250491261482238770e-01
-6.020731329917907715e-01
-2.198149561882019043e-01
2.359724640846252441e-01
-1.024633571505546570e-01
4.398796260356903076e-01
-1.461809035390615463e-02
2.327540516853332520e-01
-1.300377026200294495e-02
-3.758131861686706543e-01
-2.822357118129730225e-01
-4.971091747283935547e-01
2.251851856708526611e-01
1.868466138839721680e-01
5.892696976661682129e-01
1.414024531841278076e-01
1.414831727743148804e-01
-2.301031202077865601e-01
-4.145865738391876221e-01
-6.698015332221984863e-01
-2.919782102108001709e-01
-3.938133716583251953e-01
1.255083084106445312e-01
3.326593041419982910e-01
3.024540841579437256e-01
-2.214540541172027588e-01
-2.337775230407714844e-01
-3.744118213653564453e-01
-3.861485719680786133e-01
-4.034625366330146790e-02
1.122963950037956238e-01
5.153833031654357910e-01
5.833112597465515137e-01
1.909964382648468018e-01
2.142194956541061401e-01
-6.993714720010757446e-02
8.647862821817398071e-02
3.317680358886718750e-01
1.738033145666122437e-01
-4.285400360822677612e-02
4.850599765777587891e-01
5.266411304473876953e-01
4.233665168285369873e-01
8.000280708074569702e-02
2.294304966926574707e-02
2.394605427980422974e-01
3.899244219064712524e-02
-2.101113796234130859e-01
3.200861439108848572e-02
1.443375647068023682e-01
1.581164263188838959e-02
-1.770192533731460571e-01
8.079592138528823853e-02
-2.148598283529281616e-01
-2.810664474964141846e-01
3.584041073918342590e-02
-1.109835579991340637e-01
-3.167503178119659424e-01
-4.386768490076065063e-02
-2.001723647117614746e-01
-9.676144272089004517e-02
5.175194740295410156e-01
5.173812061548233032e-02
2.102168649435043335e-01
2.669593691825866699e-01
6.121799815446138382e-03
4.181454777717590332e-01
-5.902968049049377441e-01
-2.934139594435691833e-02
-2.443353682756423950e-01
1.834455579519271851e-01
1.310787349939346313e-02
4.045714437961578369e-02
-2.532659098505973816e-02
7.026599049568176270e-01
4.242542088031768799e-01
-1.079494059085845947e-01
1.654854416847229004e-01
-7.217471003532409668e-01
5.918963998556137085e-02
-5.365683510899543762e-02
4.603772759437561035e-01
1.313779473304748535e+00
4.620291665196418762e-02
3.075326085090637207e-01
9.224300086498260498e-02
-3.715575858950614929e-02
1.685069203376770020e-01
1.584452986717224121e-01
-6.234776228666305542e-02
-2.187575995922088623e-01
2.669731974601745605e-01
1.871169805526733398e-01
4.793135076761245728e-02
-2.154618203639984131e-01
1.724411360919475555e-02
-3.521758019924163818e-01
-1.116173863410949707e-01
-5.948944687843322754e-01
2.181391119956970215e-01
8.767396211624145508e-03
7.018723338842391968e-02
1.245902404189109802e-01
6.488661468029022217e-02
-1.300918012857437134e-01
1.569066010415554047e-02
8.124472945928573608e-02
-2.507975697517395020e-01
6.268683075904846191e-01
2.658860683441162109e-01
8.497598767280578613e-02
-7.516980171203613281e-03
1.527037322521209717e-01
5.136364698410034180e-02
5.654031038284301758e-01
2.179677188396453857e-01
-1.556591987609863281e-01
-1.742942929267883301e-01
6.281338632106781006e-02
8.213884197175502777e-03
-3.052990436553955078e-01
-8.574806153774261475e-02
-2.280357629060745239e-01
1.090963035821914673e-01
-4.006486833095550537e-01
-1.094886288046836853e-01
-7.165947556495666504e-02
-8.257735520601272583e-02
-3.462439030408859253e-02
-3.484562337398529053e-01
5.062336325645446777e-01
3.159422278404235840e-01
4.814763367176055908e-01
3.769860565662384033e-01
4.145676195621490479e-01
5.750327110290527344e-01
5.081978440284729004e-01
2.600071132183074951e-01
2.478441894054412842e-01
-5.572613477706909180e-01
-2.267941683530807495e-01
-2.872394025325775146e-01
4.216653108596801758e-01
5.320876836776733398e-01
-4.394101798534393311e-01
-3.615503013134002686e-01
-3.762352764606475830e-01
-1.429580450057983398e-01
-1.782301366329193115e-01
-2.538010179996490479e-01
-3.130918741226196289e-01
-2.657863497734069824e-01
