1.238525733351707458e-01
1.040479615330696106e-01
4.163202345371246338e-01
3.291043266654014587e-02
1.186182022094726562e+00
1.606700271368026733e-01
4.089343249797821045e-01
6.863619685173034668e-01
1.059722185134887695e+00
-1.072731018066406250e+00
-9.692319482564926147e-02
-9.606336951255798340e-01
1.434278339147567749e-01
1.434248387813568115e-01
2.166877686977386475e-01
-4.962557554244995117e-01
3.442161083221435547e-01
-4.093815386295318604e-02
2.965854108333587646e-01
3.657797574996948242e-01
2.136847674846649170e-01
6.147201061248779297e-01
7.718384861946105957e-01
2.031053900718688965e-01
4.317398071289062500e-01
2.403650432825088501e-02
6.166981458663940430e-01
-3.244150876998901367e-01
-6.456819772720336914e-01
-8.871253728866577148e-01
-8.307183384895324707e-01
2.087204717099666595e-02
7.182810306549072266e-01
-3.288733959197998047e-02
6.368958353996276855e-01
-1.196623370051383972e-01
7.415417432785034180e-01
6.788170337677001953e-01
3.913110792636871338e-01
4.044600427150726318e-01
1.931459158658981323e-01
-6.775195896625518799e-02
-4.152404665946960449e-01
-7.428531646728515625e-01
4.161342382431030273e-01
-3.824494779109954834e-01
3.637976199388504028e-02
-8.436930365860462189e-04
1.936351209878921509e-01
-5.688638091087341309e-01
1.282950043678283691e-01
-8.405762910842895508e-02
-1.092785075306892395e-01
2.659764885902404785e-02
4.990427792072296143e-01
-2.271978855133056641e-01
6.453224420547485352e-01
5.354254841804504395e-01
1.049542546272277832e+00
2.787819802761077881e-01
2.866514623165130615e-01
-3.523983955383300781e-01
-1.473212242126464844e-01
-1.869903206825256348e-01
-8.251602202653884888e-02
1.193185523152351379e-01
1.798826754093170166e-01
-7.264283299446105957e-01
5.521062016487121582e-01
-4.317298829555511475e-01
-5.263485312461853027e-01
6.170404553413391113e-01
3.868475258350372314e-01
-6.746647953987121582e-01
9.852219223976135254e-01
5.836812853813171387e-01
1.043454781174659729e-01
1.683729141950607300e-02
-7.561944127082824707e-01
8.595092296600341797e-01
-3.954092860221862793e-01
6.173132732510566711e-02
7.396343350410461426e-01
-4.694223999977111816e-01
2.602152526378631592e-01
-4.095735028386116028e-02
-6.191039085388183594e-01
3.533095121383666992e-01
6.917954683303833008e-01
-4.039382934570312500e-01
9.456302523612976074e-01
4.348412454128265381e-01
1.006695747375488281e+00
7.453675270080566406e-01
1.486810594797134399e-01
6.251621842384338379e-01
-4.893719255924224854e-01
-5.857162475585937500e-01
-8.602182269096374512e-01
-8.952320218086242676e-01
-7.261743545532226562e-01
3.621761202812194824e-01
9.458404779434204102e-01
-3.651751875877380371e-01
-3.415827751159667969e-01
8.995225429534912109e-01
-4.125900566577911377e-02
5.588179826736450195e-01
-1.696297377347946167e-01
7.048594951629638672e-01
6.478453278541564941e-01
2.309257984161376953e-01
2.691052556037902832e-01
-1.035303995013237000e-01
-3.537019789218902588e-01
-6.459785103797912598e-01
-5.984938144683837891e-01
-2.683161199092864990e-01
-9.792597591876983643e-02
1.002111673355102539e+00
2.205815762281417847e-01
8.331433683633804321e-02
-8.248635530471801758e-01
-1.911990717053413391e-02
-8.232841640710830688e-02
-4.636422991752624512e-01
9.780886173248291016e-01
-2.000731974840164185e-02
1.512873023748397827e-01
1.995441317558288574e+00
-7.851566672325134277e-01
-4.197410643100738525e-01
1.735571265220642090e+00
-2.342296689748764038e-01
-9.560190886259078979e-02
2.610047720372676849e-02
8.530341386795043945e-01
1.200558096170425415e-01
-4.851501882076263428e-01
-1.269476115703582764e-01
3.076123632490634918e-02
3.040504455566406250e-01
1.424780339002609253e-01
-7.289006710052490234e-01
4.713222384452819824e-01
-2.110813371837139130e-02
5.901914834976196289e-01
4.714698791503906250e-01
2.372701615095138550e-01
2.148399949073791504e-01
4.646869599819183350e-01
-4.058647453784942627e-01
-4.433576166629791260e-01
-3.933658301830291748e-01
6.535559296607971191e-01
-5.340723991394042969e-01
2.755391299724578857e-01
4.900392889976501465e-02
6.229720115661621094e-01
-1.050946235656738281e+00
2.233040779829025269e-01
2.689599990844726562e-02
7.368453145027160645e-01
8.183732628822326660e-01
-4.986123442649841309e-01
8.647578358650207520e-01
5.650734901428222656e-01
-1.903974413871765137e-01
-6.578359603881835938e-01
4.220946505665779114e-02
5.179551430046558380e-03
-4.660878181457519531e-01
2.646634578704833984e-01
2.687580585479736328e-01
-2.802304029464721680e-01
-7.943457365036010742e-01
-6.578793525695800781e-01
3.278734087944030762e-01
2.879847288131713867e-01
5.674439668655395508e-01
3.436090052127838135e-01
2.721064388751983643e-01
-5.538809299468994141e-01
2.992554605007171631e-01
-6.023227050900459290e-02
-9.543019533157348633e-02
3.879743516445159912e-01
-9.443039447069168091e-02
7.892237603664398193e-02
-1.195869565010070801e+00
-3.868189156055450439e-01
1.080943584442138672e+00
6.852542161941528320e-01
8.287268280982971191e-01
7.649493217468261719e-01
2.822390198707580566e-01
-3.841480612754821777e-01
-6.024876236915588379e-01
1.191483020782470703e+00
-7.231519222259521484e-01
1.339009255170822144e-01
3.117583394050598145e-01
-8.511050939559936523e-01
4.547668993473052979e-01
-3.735270798206329346e-01
8.376718759536743164e-01
4.672401249408721924e-01
-2.905004620552062988e-01
-3.976497054100036621e-01
6.178059577941894531e-01
7.396824955940246582e-01
-1.585028134286403656e-02
6.134114861488342285e-01
4.732973575592041016e-01
2.488027811050415039e-01
-4.268236160278320312e-01
1.770543456077575684e-01
-4.889418482780456543e-01
5.858801007270812988e-01
-6.563476920127868652e-01
-7.198197245597839355e-01
4.813899397850036621e-01
-9.784609079360961914e-01
3.303661346435546875e-01
-3.303280472755432129e-02
2.077094651758670807e-02
9.036151319742202759e-02
-2.323424816131591797e-01
-3.603994548320770264e-01
8.908944725990295410e-01
-2.383825927972793579e-01
5.926822423934936523e-01
5.169128775596618652e-01
2.373487353324890137e-01
1.082215070724487305e+00
1.489580720663070679e-01
-8.689998835325241089e-02
4.563278704881668091e-02
-3.815422356128692627e-01
-1.905265599489212036e-01
-3.612172901630401611e-01
-3.834492564201354980e-01
5.764135718345642090e-02
-3.249037265777587891e-02
7.898131012916564941e-01
1.449490189552307129e+00
-1.603599786758422852e-01
-2.952808141708374023e-01
1.827527403831481934e+00
4.833748936653137207e-01
8.663091659545898438e-01
1.294580996036529541e-01
-6.699677705764770508e-01
-2.244171500205993652e-02
-2.751098573207855225e-01
-6.056461334228515625e-01
-1.326025485992431641e+00
4.759322702884674072e-01
1.458727121353149414e-01
1.560974597930908203e+00
1.246410250663757324e+00
-1.414698660373687744e-01
-2.447693049907684326e-01
1.515214592218399048e-01
5.441008806228637695e-01
1.335416138172149658e-01
1.026311993598937988e+00
1.051334857940673828e+00
-6.819975376129150391e-01
2.878587841987609863e-01
-4.752434790134429932e-01
-6.793816685676574707e-01
-3.776318132877349854e-01
-4.243884980678558350e-01
1.678489685058593750e+00
1.067511960864067078e-01
-3.709046840667724609e-01
-4.668976068496704102e-01
-1.188469052314758301e+00
-7.182258963584899902e-01
-5.111096501350402832e-01
3.459290564060211182e-01
2.526248693466186523e-01
-8.634442090988159180e-01
6.146606206893920898e-01
4.710337817668914795e-01
-6.555374711751937866e-02
1.126187324523925781e+00
1.177839040756225586e+00
2.291652113199234009e-01
1.265537619590759277e+00
-9.500680118799209595e-02
5.981658697128295898e-01
-4.062431454658508301e-01
1.104708090424537659e-01
-6.071066260337829590e-01
-1.902370601892471313e-01
1.425928324460983276e-01
4.639705717563629150e-01
-3.829009085893630981e-02
5.926946401596069336e-01
4.289967715740203857e-01
-4.472900331020355225e-01
-5.017170906066894531e-01
-1.793900281190872192e-01
-6.647157669067382812e-01
-3.200174570083618164e-01
1.722013205289840698e-01
4.011421501636505127e-01
4.224061965942382812e-01
4.414401352405548096e-01
-3.275549411773681641e-02
-5.094547197222709656e-02
3.993559479713439941e-01
9.620086103677749634e-02
-2.639997601509094238e-01
3.846898302435874939e-02
1.499083787202835083e-01
7.434521913528442383e-01
1.399124413728713989e-01
1.292438507080078125e+00
3.703266084194183350e-01
1.604933440685272217e-01
1.137280106544494629e+00
-2.989622950553894043e-01
-6.912778615951538086e-01
-6.068962216377258301e-01
3.590500652790069580e-01
7.074111700057983398e-01
-1.620483249425888062e-01
-2.592179179191589355e-01
-8.660055398941040039e-01
3.059490919113159180e-01
-5.372638106346130371e-01
-1.085321068763732910e+00
-4.440044164657592773e-01
1.128677055239677429e-01
4.247503280639648438e-01
3.688659667968750000e-01
4.906802475452423096e-01
5.016576051712036133e-01
5.730788111686706543e-01
7.002308964729309082e-02
1.510174572467803955e-01
4.213615357875823975e-01
2.437314093112945557e-01
5.775226280093193054e-02
7.360289692878723145e-01
4.480168223381042480e-01
-2.235500216484069824e-01
-3.858586549758911133e-01
2.698122859001159668e-01
2.773103415966033936e-01
3.314222693443298340e-01
6.806005239486694336e-01
-4.501023590564727783e-01
9.399909377098083496e-01
7.523276209831237793e-01
-9.405207633972167969e-01
-8.119320273399353027e-01
-2.157106250524520874e-01
-1.966178566217422485e-01
-4.278093874454498291e-01
1.022659614682197571e-02
2.051622271537780762e-01
-1.024221181869506836e-01
-9.577957391738891602e-01
3.255705833435058594e-01
3.344439566135406494e-01
-6.024634838104248047e-01
7.071485519409179688e-01
7.235683202743530273e-01
8.150390982627868652e-01
8.858134746551513672e-01
-4.060127437114715576e-01
-1.016914129257202148e+00
-3.144641816616058350e-01
-4.477430284023284912e-01
-4.193048775196075439e-01
-3.380761146545410156e-01
2.648611366748809814e-02
-1.639748662710189819e-01
4.871861338615417480e-01
-7.698433101177215576e-02
5.056779831647872925e-02
-7.302895933389663696e-02
4.817063510417938232e-01
1.190084338188171387e+00
4.084357321262359619e-01
1.306148648262023926e+00
5.331355333328247070e-01
-4.008459746837615967e-01
2.171281576156616211e-01
8.391187340021133423e-02
2.841694056987762451e-01
-6.544022560119628906e-01
3.082049787044525146e-01
-2.411214075982570648e-02
3.477614223957061768e-01
-2.076704353094100952e-01
3.298664093017578125e-01
-6.837321519851684570e-01
-1.504282504320144653e-01
-6.728213280439376831e-02
5.574335455894470215e-01
6.390414200723171234e-04
-1.475240439176559448e-01
-2.050184309482574463e-01
9.746029973030090332e-02
1.199026778340339661e-01
2.711938917636871338e-01
-5.052082538604736328e-01
4.270703494548797607e-01
2.648735046386718750e-01
-1.559918075799942017e-01
7.450051605701446533e-02
4.239569902420043945e-01
6.124820709228515625e-01
7.205600142478942871e-01
1.083964824676513672e+00
-1.843665391206741333e-01
5.650100708007812500e-01
2.133922129869461060e-01
-2.985933721065521240e-01
7.275496721267700195e-01
-4.932402074337005615e-01
4.088099896907806396e-01
2.347739785909652710e-01
4.337198138236999512e-01
-4.658923745155334473e-01
-2.869648635387420654e-01
9.956314563751220703e-01
-1.046247035264968872e-01
4.449649527668952942e-02
-5.079401135444641113e-01
-1.000951528549194336e+00
3.584912791848182678e-02
-1.653618663549423218e-01
-5.077682137489318848e-01
-9.731318950653076172e-01
-7.229726314544677734e-01
-6.720153689384460449e-01
6.774633526802062988e-01
9.830207377672195435e-02
7.451193928718566895e-01
1.035215377807617188e+00
-4.534721672534942627e-01
9.995790719985961914e-01
5.989460349082946777e-01
1.104158043861389160e+00
2.471904009580612183e-01
6.579922884702682495e-02
-3.359203040599822998e-01
-4.108528792858123779e-01
-6.262395977973937988e-01
5.556759834289550781e-01
1.369556132704019547e-02
1.886303164064884186e-02
6.515473723411560059e-01
1.455802619457244873e-01
6.476863026618957520e-01
1.633083820343017578e+00
-3.174936473369598389e-01
-2.304368019104003906e-01
-1.629405617713928223e-01
9.854552894830703735e-02
1.031944155693054199e+00
-8.592943102121353149e-02
-5.495711565017700195e-01
-6.451525539159774780e-02
5.096719413995742798e-02
-1.202000677585601807e-01
-4.052631855010986328e-01
1.498061567544937134e-01
-9.117339551448822021e-02
-5.519726276397705078e-01
-5.939196795225143433e-02
3.185394406318664551e-01
-1.342972368001937866e-01
-1.099480748176574707e+00
-1.957864165306091309e-01
-7.659883797168731689e-02
3.467304110527038574e-01
-1.304892264306545258e-02
2.245290949940681458e-02
1.167369782924652100e-01
1.010542273521423340e+00
-1.146321892738342285e-01
9.344838857650756836e-01
2.079210579395294189e-01
9.552089571952819824e-01
7.509948015213012695e-01
1.072500824928283691e+00
1.387110352516174316e+00
1.327656209468841553e-01
-6.910802125930786133e-01
-3.654570281505584717e-01
2.034672647714614868e-01
1.572657562792301178e-02
3.442679345607757568e-01
3.207007795572280884e-02
1.964935958385467529e-01
-2.762145698070526123e-01
-6.610952615737915039e-01
2.464338839054107666e-01
5.633628740906715393e-02
1.363614350557327271e-01
-2.941101491451263428e-01
-3.756425082683563232e-01
-1.561793982982635498e-01
4.943495988845825195e-01
-6.190479397773742676e-01
-6.205464005470275879e-01
