-8.959045410156250000e-01
3.788323104381561279e-01
-6.844578385353088379e-01
4.209918677806854248e-01
7.635089159011840820e-01
2.619231045246124268e-01
4.942833185195922852e-01
1.198430180549621582e+00
1.452562212944030762e+00
6.508787274360656738e-01
3.331561386585235596e-01
2.430436611175537109e-01
1.295455247163772583e-01
-3.459151089191436768e-01
-5.041662603616714478e-02
-1.687654405832290649e-01
-1.252252906560897827e-01
2.551990747451782227e-01
-3.247446417808532715e-01
-9.443228840827941895e-01
-9.474225044250488281e-01
-5.753957629203796387e-01
-1.183369994163513184e+00
-2.702696993947029114e-02
-4.494130611419677734e-01
-2.626690268516540527e-01
-4.041220247745513916e-01
2.951918244361877441e-01
2.332559674978256226e-01
1.003584384918212891e+00
-1.824524104595184326e-01
3.065009713172912598e-01
3.194201737642288208e-02
2.814849913120269775e-01
-6.500077843666076660e-01
2.484232038259506226e-01
-1.030891895294189453e+00
5.328719019889831543e-01
-2.653303444385528564e-01
-5.030070543289184570e-01
3.487087488174438477e-01
-1.042037308216094971e-01
3.710147440433502197e-01
1.847703754901885986e-01
-5.317763686180114746e-01
7.344645857810974121e-01
2.481688708066940308e-01
-6.336178183555603027e-01
-1.596384197473526001e-01
-2.324683219194412231e-01
-7.031015157699584961e-01
-9.698852151632308960e-02
-1.578479856252670288e-01
5.331462025642395020e-01
6.377344727516174316e-01
-4.021894633769989014e-01
-1.382376905530691147e-02
2.746900618076324463e-01
-4.961254298686981201e-01
4.097119271755218506e-01
3.582986593246459961e-01
3.908789157867431641e-01
1.091381311416625977e+00
7.033856511116027832e-01
2.777487635612487793e-01
7.562437057495117188e-01
3.550711572170257568e-01
1.254103332757949829e-01
-2.416531443595886230e-01
-5.627873539924621582e-01
-9.371057748794555664e-01
-2.557017803192138672e-01
-1.101648092269897461e+00
3.992200195789337158e-01
4.155785143375396729e-01
-5.597607493400573730e-01
9.030824303627014160e-01
-2.838360071182250977e-01
-1.046719774603843689e-01
2.628118693828582764e-01
1.969460844993591309e-01
-2.252155989408493042e-01
-2.306023798882961273e-02
-6.423143148422241211e-01
-1.532603055238723755e-01
4.976798593997955322e-01
-8.297934532165527344e-01
1.848453581333160400e-01
2.371000349521636963e-01
-2.085126787424087524e-01
-7.370881736278533936e-02
-4.082949161529541016e-01
-1.133827045559883118e-01
-4.544160366058349609e-01
2.287611365318298340e-02
-4.647807478904724121e-01
6.754667162895202637e-01
3.064646720886230469e-01
4.199051558971405029e-01
1.029238104820251465e+00
7.135127186775207520e-01
2.700813710689544678e-01
-4.116330444812774658e-01
9.136109054088592529e-02
1.060542166233062744e-01
-9.944306015968322754e-01
-1.640146076679229736e-01
-1.396127603948116302e-02
-6.560778617858886719e-01
-6.410286426544189453e-01
-1.008029341697692871e+00
-4.332202374935150146e-01
-2.772447764873504639e-01
-6.417103856801986694e-02
2.488517165184020996e-01
9.409697055816650391e-01
9.811193943023681641e-01
7.679964303970336914e-01
8.558176755905151367e-01
1.030631780624389648e+00
5.367334485054016113e-01
4.618651568889617920e-01
4.014930427074432373e-01
-8.499034494161605835e-02
6.264310479164123535e-01
-1.573129892349243164e-01
-5.314515829086303711e-01
3.710659146308898926e-01
-6.534623503684997559e-01
-3.145073354244232178e-01
-5.970302224159240723e-01
-8.545659184455871582e-01
-3.174990415573120117e-01
-6.490586996078491211e-01
-2.729339301586151123e-01
3.622674942016601562e-01
-6.950857043266296387e-01
-1.719481498003005981e-01
-1.632610559463500977e-01
-1.824369430541992188e-01
-9.144523143768310547e-01
-9.440315961837768555e-01
-2.634875774383544922e-01
-6.086742281913757324e-01
3.497621119022369385e-01
2.941511571407318115e-01
-4.062876477837562561e-02
1.099893093109130859e+00
8.465403914451599121e-01
9.906302392482757568e-02
1.921464353799819946e-01
4.127000868320465088e-01
-4.132665395736694336e-01
1.137436926364898682e-01
-5.835345759987831116e-02
5.629859566688537598e-01
1.644433438777923584e-01
3.536733686923980713e-01
-2.247953601181507111e-02
3.337056338787078857e-01
-1.807326972484588623e-01
-2.066704481840133667e-01
-6.540932059288024902e-01
-4.014263749122619629e-01
-4.536607265472412109e-01
5.838112235069274902e-01
-8.178897202014923096e-02
-8.548814654350280762e-01
-2.819820307195186615e-02
-5.233983397483825684e-01
-7.705768942832946777e-02
-3.595263883471488953e-02
5.289384350180625916e-02
5.012373924255371094e-01
4.141148626804351807e-01
1.011712551116943359e-01
6.697455048561096191e-01
2.338311374187469482e-01
3.049154877662658691e-01
-1.643062084913253784e-01
-9.580253064632415771e-02
-7.394614219665527344e-01
1.156027242541313171e-01
-2.040938287973403931e-01
-5.832656621932983398e-01
-1.125539094209671021e-02
2.541112005710601807e-01
8.058233559131622314e-02
-3.350933790206909180e-01
5.623772367835044861e-02
7.963333129882812500e-01
-4.472864270210266113e-01
1.921830028295516968e-01
3.364655971527099609e-01
-4.213481247425079346e-01
1.651328653097152710e-01
-6.117093190550804138e-02
-7.368952035903930664e-02
2.848947346210479736e-01
1.877754032611846924e-01
3.462381362915039062e-01
1.839045286178588867e-01
1.811994016170501709e-01
-9.564827680587768555e-01
2.086378484964370728e-01
-6.127074360847473145e-01
1.273926794528961182e-01
5.474562048912048340e-01
2.340623736381530762e-01
6.103622913360595703e-01
5.863181352615356445e-01
-4.628658890724182129e-01
-3.325124457478523254e-02
-7.200270891189575195e-01
3.289135694503784180e-01
-6.960885524749755859e-01
-6.626976132392883301e-01
-4.154811203479766846e-01
-5.423759222030639648e-01
-1.034878015518188477e+00
3.517368137836456299e-01
-5.381029248237609863e-01
7.417596131563186646e-02
-4.096221625804901123e-01
3.757984936237335205e-01
3.764071166515350342e-01
2.563138306140899658e-01
4.959851503372192383e-01
1.591015756130218506e-01
-1.474760919809341431e-01
-1.876606345176696777e-01
3.588414788246154785e-01
6.835566759109497070e-01
-3.138154279440641403e-04
2.249486893415451050e-01
-2.056595534086227417e-01
-2.751411795616149902e-01
-4.857569932937622070e-01
-2.410920895636081696e-02
2.147468924522399902e-01
-4.581969380378723145e-01
-1.411505937576293945e-01
-7.838480472564697266e-01
4.838237166404724121e-01
-9.812312722206115723e-01
1.963698714971542358e-01
9.142132103443145752e-02
4.372363984584808350e-01
-4.631285741925239563e-02
2.794620022177696228e-02
-5.507577657699584961e-01
-2.461686283349990845e-01
-1.185215562582015991e-01
-1.666193723678588867e+00
-1.406366586685180664e+00
-2.021006822586059570e+00
-1.143208146095275879e+00
-4.469807446002960205e-01
1.219713762402534485e-01
4.096782207489013672e-01
4.109593927860260010e-01
9.123077988624572754e-01
8.840905427932739258e-01
3.661333024501800537e-01
2.947978675365447998e-01
2.555297613143920898e-01
-4.331031739711761475e-01
-2.574372291564941406e-01
1.810361742973327637e-01
-2.014058083295822144e-01
1.634396463632583618e-01
-5.246763229370117188e-01
-1.008837580680847168e+00
1.223146319389343262e-01
-5.301381349563598633e-01
-2.533548474311828613e-01
-6.949022412300109863e-01
6.382317841053009033e-02
-7.209667563438415527e-01
-2.711243629455566406e-01
5.149027705192565918e-02
1.773489564657211304e-01
1.081734076142311096e-01
4.108228087425231934e-01
2.437290698289871216e-01
7.524532675743103027e-01
1.239242330193519592e-01
8.635763525962829590e-01
-8.377095311880111694e-02
1.685905456542968750e-01
-4.444106817245483398e-01
-2.200051099061965942e-01
-8.506422042846679688e-01
-3.687050938606262207e-01
-7.656929492950439453e-01
-2.515668794512748718e-02
-4.657696783542633057e-01
4.239991605281829834e-01
-4.382029473781585693e-01
2.041191756725311279e-01
7.782818675041198730e-01
2.052321434020996094e-01
5.614174008369445801e-01
-3.388589024543762207e-01
-3.617744147777557373e-02
1.548454612493515015e-01
-5.427285432815551758e-01
-2.827422916889190674e-01
2.619057297706604004e-01
-7.642063498497009277e-01
1.298495173454284668e+00
-5.395631194114685059e-01
-1.290735006332397461e+00
-1.893832325935363770e+00
-1.589924573898315430e+00
-1.448859214782714844e+00
-7.138373851776123047e-01
-3.324103653430938721e-01
-4.825457558035850525e-02
3.823249042034149170e-01
-6.054780483245849609e-01
1.126339435577392578e+00
2.305706441402435303e-01
1.479439809918403625e-02
5.579957962036132812e-01
-4.462152123451232910e-01
-3.966978490352630615e-01
-1.521092355251312256e-01
-2.894588708877563477e-01
2.012989670038223267e-01
9.593988209962844849e-02
-3.112073242664337158e-01
-7.510524243116378784e-02
2.311397045850753784e-01
-2.580713629722595215e-01
7.910483479499816895e-01
-3.584711849689483643e-01
-5.575674772262573242e-01
-1.526220291852951050e-01
-7.358582615852355957e-01
-5.862138867378234863e-01
-2.298163622617721558e-02
-5.568380355834960938e-01
-2.803785204887390137e-01
1.714487224817276001e-01
-5.519779920578002930e-01
1.070089489221572876e-01
7.822205126285552979e-02
5.834351181983947754e-01
5.861362814903259277e-01
-1.210018061101436615e-03
-3.444781005382537842e-01
1.372352242469787598e-01
2.851359546184539795e-01
-6.336865425109863281e-01
7.825658321380615234e-01
-6.465867906808853149e-02
4.126981496810913086e-01
-1.407624185085296631e-01
-3.323995769023895264e-01
-3.600551187992095947e-01
3.295505344867706299e-01
-1.628513038158416748e-01
4.414300918579101562e-01
1.344372928142547607e-01
7.106079906225204468e-02
5.652853250503540039e-01
-1.558786481618881226e-01
-1.964532881975173950e-01
6.248536705970764160e-01
4.380228519439697266e-01
3.536838293075561523e-01
5.625684261322021484e-01
8.077226877212524414e-01
-4.553848505020141602e-01
-1.080189585685729980e+00
-3.438784182071685791e-01
-3.136421144008636475e-01
-1.133181214332580566e+00
-3.749437928199768066e-01
4.610439538955688477e-01
4.938952326774597168e-01
3.395285308361053467e-01
5.892035365104675293e-01
9.044472575187683105e-01
5.806295871734619141e-01
3.472884297370910645e-01
5.856904983520507812e-01
2.223013639450073242e-01
-1.401325017213821411e-01
3.972130417823791504e-01
-5.228441581130027771e-02
-1.188817396759986877e-01
-9.875391609966754913e-03
-2.758463919162750244e-01
5.578016042709350586e-01
-7.158285975456237793e-01
1.125669628381729126e-01
4.712184667587280273e-01
-1.362257003784179688e-01
-3.939127027988433838e-01
6.771733760833740234e-01
-4.957980513572692871e-01
1.700754910707473755e-01
-3.946519792079925537e-01
-1.734243482351303101e-01
-7.726268768310546875e-01
-2.365483343601226807e-01
-9.351241588592529297e-01
2.176000475883483887e-01
-1.866461783647537231e-01
-1.947202980518341064e-01
1.278055757284164429e-01
7.162340730428695679e-02
-4.406625330448150635e-01
5.941712260246276855e-01
-6.054257601499557495e-02
8.569400757551193237e-02
-4.381819665431976318e-01
-6.859271526336669922e-01
-7.703862786293029785e-01
-2.971111834049224854e-01
-1.385782003402709961e+00
-6.199437975883483887e-01
-4.611065611243247986e-03
-5.821394175291061401e-02
1.674751490354537964e-01
3.004146516323089600e-01
-5.965505242347717285e-01
4.482963681221008301e-01
5.078324079513549805e-01
5.269722342491149902e-01
2.165406942367553711e-01
-1.494562178850173950e-01
9.458199143409729004e-02
4.603051841259002686e-01
-1.053044795989990234e-01
2.157308757305145264e-01
-5.485768914222717285e-01
-9.989670515060424805e-01
-4.615327417850494385e-01
-2.782354950904846191e-01
2.558635920286178589e-02
2.770169675350189209e-01
-5.351834893226623535e-01
8.462680578231811523e-01
3.507092893123626709e-01
-3.940821588039398193e-01
4.021775126457214355e-01
-1.733808070421218872e-01
1.979508996009826660e-02
1.046020761132240295e-01
-1.583240181207656860e-01
4.526571929454803467e-02
8.762637376785278320e-01
1.013383418321609497e-01
-1.706534922122955322e-01
-5.525355041027069092e-02
-4.815446138381958008e-01
-1.228401064872741699e-02
2.935462892055511475e-01
2.727429009974002838e-02
8.215090632438659668e-01
2.137929573655128479e-02
-3.464998900890350342e-01
9.194370508193969727e-01
4.896896705031394958e-02
-7.177513837814331055e-01
-1.159925937652587891e+00
-1.242507457733154297e+00
-2.208504676818847656e+00
-1.076099276542663574e+00
-1.946560859680175781e+00
-4.149541556835174561e-01
-2.194493263959884644e-02
3.070818781852722168e-01
4.465198814868927002e-01
3.888560235500335693e-01
2.213401794433593750e-01
1.130704045295715332e+00
3.994188606739044189e-01
1.293217837810516357e-01
3.397535979747772217e-01
-3.154133558273315430e-01
-7.900654077529907227e-01
1.140398383140563965e+00
-6.600754857063293457e-01
-5.589306354522705078e-02
-3.786832094192504883e-01
-6.897904872894287109e-01
-1.309895217418670654e-01
5.256371498107910156e-01
-4.121555685997009277e-01
-1.239176690578460693e-01
3.007659912109375000e-01
-5.768278241157531738e-01
3.672709316015243530e-02
1.794488579034805298e-01
-4.081327617168426514e-01
-5.151572227478027344e-01
-2.981098294258117676e-01
-5.147749185562133789e-01
2.012011557817459106e-01
1.522969454526901245e-01
4.794324636459350586e-01
-4.060699045658111572e-02
-2.384206280112266541e-02
-3.365165889263153076e-01
3.789361417293548584e-01
-1.558488756418228149e-01
1.228868067264556885e-01
-1.623674631118774414e-01
4.636145234107971191e-01
