1.237817853689193726e-01
3.065590560436248779e-01
3.524422049522399902e-01
2.160682976245880127e-01
1.954204887151718140e-01
-9.083884209394454956e-02
-1.085253730416297913e-01
6.992784887552261353e-02
1.991157233715057373e-01
6.021661162376403809e-01
-8.959624171257019043e-02
1.595886200666427612e-01
-6.408647298812866211e-01
-3.789747953414916992e-01
-9.884783625602722168e-01
-1.506613641977310181e-01
-9.059061110019683838e-02
1.544091254472732544e-01
4.249712824821472168e-02
-9.828300774097442627e-02
-1.146865412592887878e-01
-2.117095887660980225e-01
-1.767633110284805298e-01
-1.397230178117752075e-01
-3.432972133159637451e-01
6.350198984146118164e-01
5.094490200281143188e-02
1.512095481157302856e-01
-4.665409326553344727e-01
-2.069265991449356079e-01
-1.606301367282867432e-01
6.912220269441604614e-02
-5.607008934020996094e-01
2.929089069366455078e-01
-7.782930731773376465e-01
3.097732067108154297e-01
1.910163909196853638e-01
1.254270225763320923e-01
-1.366119086742401123e-01
-4.954445362091064453e-01
-2.552084326744079590e-01
1.872594952583312988e-01
-2.704360485076904297e-01
1.330994367599487305e-01
5.078706741333007812e-01
2.033425718545913696e-01
1.439330428838729858e-01
-2.728373110294342041e-01
-9.427832961082458496e-01
-1.507861018180847168e-01
-1.133385673165321350e-01
1.690449565649032593e-01
7.184027880430221558e-02
1.272110193967819214e-01
9.129675105214118958e-03
-3.206850886344909668e-01
-6.515214443206787109e-01
-1.239754781126976013e-01
1.498117297887802124e-01
3.327954411506652832e-01
1.759107410907745361e-01
-1.099351122975349426e-01
-1.872812360525131226e-01
-1.755969598889350891e-02
4.146794378757476807e-01
4.478389918804168701e-01
-8.667314052581787109e-02
6.571283191442489624e-02
-3.290882110595703125e-01
-2.587509453296661377e-01
-4.978486895561218262e-01
1.180741861462593079e-01
1.677760779857635498e-01
-8.033782988786697388e-02
3.027960658073425293e-01
-7.896425575017929077e-02
5.759698748588562012e-01
2.913576364517211914e-02
-6.686282753944396973e-01
-7.549159526824951172e-01
-5.808503925800323486e-02
-4.629257321357727051e-01
-1.802272200584411621e-01
1.564002595841884613e-02
1.531338393688201904e-01
-1.015214622020721436e-02
-3.470075726509094238e-01
-2.402882277965545654e-01
-3.931466341018676758e-01
-2.256163507699966431e-01
-3.717121183872222900e-01
-3.448016047477722168e-01
2.303167879581451416e-01
-1.186614111065864563e-01
7.266061305999755859e-01
2.301964461803436279e-01
5.921017006039619446e-02
2.236770540475845337e-01
3.988027572631835938e-01
-4.811081588268280029e-01
-7.382745742797851562e-01
6.790468096733093262e-02
-1.103194504976272583e-01
4.761463105678558350e-01
7.122567892074584961e-01
-3.127131760120391846e-01
1.619203984737396240e-01
-1.086100697517395020e+00
-1.254870295524597168e+00
-1.304557025432586670e-01
2.367932498455047607e-01
6.986078023910522461e-01
2.895942926406860352e-01
5.698617100715637207e-01
5.136538743972778320e-01
2.884491346776485443e-02
-5.529846549034118652e-01
-4.672395437955856323e-02
-3.929942101240158081e-02
-3.924599587917327881e-01
-5.066539645195007324e-01
2.567211687564849854e-01
4.244621992111206055e-01
-2.423487901687622070e-01
-1.252340078353881836e-01
2.294793874025344849e-01
-1.152521148324012756e-01
-4.219300299882888794e-02
-5.026818513870239258e-01
-9.640219807624816895e-01
-2.804833650588989258e-01
6.519093364477157593e-02
-7.530505210161209106e-02
-2.729263901710510254e-01
-5.343849062919616699e-01
5.998463928699493408e-02
-6.358576416969299316e-01
2.794988751411437988e-01
3.988455533981323242e-01
-6.321253776550292969e-01
2.389277219772338867e-01
4.691763222217559814e-01
-1.243149675428867340e-02
1.603381186723709106e-01
6.371515989303588867e-01
7.729811072349548340e-01
-1.281310170888900757e-01
-4.017853438854217529e-01
-4.498957991600036621e-01
-5.345135927200317383e-02
3.915660083293914795e-02
2.830233052372932434e-02
-4.284689724445343018e-01
-2.321518212556838989e-02
-1.164349615573883057e-01
-3.255014419555664062e-01
-3.379136919975280762e-01
-1.234362423419952393e-01
-2.857930026948451996e-02
-1.721579581499099731e-01
-4.421807825565338135e-01
-4.287014007568359375e-01
3.828341364860534668e-01
2.121165692806243896e-01
2.753700613975524902e-01
4.198772907257080078e-01
3.651830852031707764e-01
8.841120451688766479e-02
4.288606345653533936e-01
1.521809995174407959e-01
4.714161157608032227e-01
9.354114532470703125e-02
2.269770205020904541e-01
-7.798028588294982910e-01
-9.297792911529541016e-01
-1.107552368193864822e-02
-5.933009982109069824e-01
-4.506492316722869873e-01
-6.594704389572143555e-01
-4.728748500347137451e-01
-2.181729823350906372e-01
6.511622071266174316e-01
1.598065346479415894e-01
2.796557173132896423e-02
6.556935310363769531e-01
1.537263095378875732e-01
-1.582198888063430786e-01
-9.615167230367660522e-02
1.852791458368301392e-01
2.197591364383697510e-01
1.705239862203598022e-01
3.527914881706237793e-01
-5.319985374808311462e-02
-1.901093572378158569e-01
-3.835951089859008789e-01
-8.453878164291381836e-01
-2.347611486911773682e-01
4.656380787491798401e-02
-1.456020176410675049e-01
4.638104140758514404e-01
1.144579797983169556e-01
1.582455635070800781e-01
-3.723455369472503662e-01
-2.219829261302947998e-01
3.851841688156127930e-01
4.993166327476501465e-01
1.641901880502700806e-01
2.376337945461273193e-01
-7.750948071479797363e-01
-6.382755041122436523e-01
-5.888786315917968750e-01
-5.699559450149536133e-01
-1.230102181434631348e-01
-8.144441246986389160e-02
-1.524836570024490356e-02
2.915076017379760742e-01
2.673508524894714355e-01
3.223949074745178223e-01
-1.531641483306884766e-01
8.544877171516418457e-02
6.741833686828613281e-01
-3.040015995502471924e-01
8.670316636562347412e-02
-5.443071573972702026e-02
-9.486165642738342285e-02
5.721806362271308899e-02
3.053876943886280060e-02
-3.162158429622650146e-01
-3.954578936100006104e-01
-4.640823304653167725e-01
-9.234946966171264648e-01
-2.736376523971557617e-01
-4.579064846038818359e-01
3.211141228675842285e-01
7.017601728439331055e-01
6.006874442100524902e-01
6.099339127540588379e-01
3.088687956333160400e-01
-5.470211431384086609e-02
-3.587597012519836426e-01
-3.550736010074615479e-01
2.409742400050163269e-02
-5.481728911399841309e-01
3.932187557220458984e-01
-2.923458814620971680e-01
-2.503178417682647705e-01
-1.318178772926330566e+00
1.197137534618377686e-01
-8.979836106300354004e-01
-8.107001334428787231e-02
1.644478589296340942e-01
-2.442819029092788696e-01
8.690385147929191589e-04
-6.581628918647766113e-01
-4.717240035533905029e-01
-3.981878459453582764e-01
4.668124616146087646e-01
3.778597414493560791e-01
-1.334820501506328583e-02
2.275770455598831177e-01
-1.327631995081901550e-02
-3.711723685264587402e-01
-2.565371692180633545e-01
-2.224548310041427612e-01
2.989633381366729736e-01
4.196842610836029053e-01
7.125974893569946289e-01
4.965209066867828369e-01
8.306505158543586731e-03
6.293718516826629639e-02
-9.838693737983703613e-01
-1.703395843505859375e-01
-5.291056036949157715e-01
1.737408936023712158e-01
-6.974260210990905762e-01
-1.852296143770217896e-01
-4.799271523952484131e-01
4.105254411697387695e-01
5.996963381767272949e-01
-2.291434109210968018e-01
-2.398161441087722778e-01
-9.773076325654983521e-02
4.222077317535877228e-03
2.603794038295745850e-01
6.928520649671554565e-02
-1.496392767876386642e-02
-1.020566105842590332e+00
1.572601869702339172e-02
4.802071452140808105e-01
-1.154644861817359924e-01
-2.896589040756225586e-01
-6.157185882329940796e-02
-5.568230152130126953e-01
-1.100363582372665405e-01
-2.462792582809925079e-02
-1.847927421331405640e-01
-7.510364800691604614e-02
3.705942630767822266e-01
5.628621950745582581e-02
3.409729897975921631e-01
9.438732266426086426e-01
-4.830345809459686279e-01
-4.458023309707641602e-01
-7.517872750759124756e-02
2.570945024490356445e-01
-3.261660337448120117e-01
-1.995865702629089355e-01
-9.153608977794647217e-02
-5.225462317466735840e-01
-2.707823514938354492e-01
1.268698088824748993e-02
-1.639573462307453156e-02
2.001176774501800537e-01
-1.338631212711334229e-01
5.633255466818809509e-02
9.170632064342498779e-02
-2.476622760295867920e-01
-2.187915891408920288e-01
-1.315487265586853027e+00
3.940111696720123291e-01
-3.900928199291229248e-01
2.298877537250518799e-01
-1.261138021945953369e-01
-6.280171871185302734e-01
1.613221019506454468e-01
-4.277133643627166748e-01
-3.052314221858978271e-01
2.250052541494369507e-01
6.359930336475372314e-02
3.148224055767059326e-01
7.839928567409515381e-02
7.715916037559509277e-01
1.658978164196014404e-01
3.186734616756439209e-01
-3.209881484508514404e-01
-1.786963790655136108e-01
-1.280861496925354004e-01
-8.302257955074310303e-02
-4.290478527545928955e-01
-9.246466159820556641e-01
-1.381990909576416016e-01
-3.522446379065513611e-02
-1.105063557624816895e-01
3.670921549201011658e-02
4.104226827621459961e-02
-1.624942272901535034e-01
-1.979089081287384033e-01
8.564416319131851196e-03
-8.796280026435852051e-01
2.326386049389839172e-02
5.131234526634216309e-01
4.221725463867187500e-01
2.937193587422370911e-02
1.887443661689758301e-01
3.561590909957885742e-01
7.578517198562622070e-01
2.846413552761077881e-01
1.884463243186473846e-03
-3.363348543643951416e-01
-7.261544466018676758e-01
-7.377690672874450684e-01
-1.387920677661895752e-01
-3.400235474109649658e-01
-2.793731093406677246e-01
-7.163608670234680176e-01
-3.623813018202781677e-02
-1.846674084663391113e-02
3.265196979045867920e-01
-2.264322247356176376e-03
-4.348178952932357788e-02
-3.736224472522735596e-01
-2.355408668518066406e-01
-6.306311488151550293e-02
1.866705566644668579e-01
1.428002119064331055e-01
4.576323032379150391e-01
1.740507483482360840e-01
-2.125092744827270508e-01
-3.754559531807899475e-02
3.585434556007385254e-01
1.790102720260620117e-01
6.141253709793090820e-01
4.972277283668518066e-01
5.369526147842407227e-01
3.276597261428833008e-01
-3.445956110954284668e-01
-2.347014248371124268e-01
6.861548125743865967e-02
1.322100758552551270e-01
-2.546624839305877686e-01
-8.477913141250610352e-01
-9.080974459648132324e-01
-6.538419723510742188e-01
1.123754903674125671e-01
-7.470443248748779297e-01
1.349196583032608032e-01
-2.562181055545806885e-01
-2.190157175064086914e-01
-2.608068883419036865e-01
1.624664366245269775e-01
1.281157732009887695e-01
4.478918313980102539e-01
-1.132366895675659180e+00
5.059865713119506836e-01
-3.467207849025726318e-01
1.139917820692062378e-01
2.630700170993804932e-01
8.650013804435729980e-02
3.362273052334785461e-02
4.782193154096603394e-02
-3.237087130546569824e-01
-3.758972585201263428e-01
-2.421849519014358521e-01
-2.779790163040161133e-01
-5.049299597740173340e-01
1.792378127574920654e-01
-3.377027809619903564e-01
4.290508106350898743e-02
-2.336577475070953369e-01
-1.197888106107711792e-01
7.464871555566787720e-02
2.365865111351013184e-01
5.355667322874069214e-02
1.553142815828323364e-01
-1.541549563407897949e-01
4.456146359443664551e-01
-3.544254973530769348e-02
3.149241209030151367e-01
-1.162945479154586792e-01
-3.435494601726531982e-01
-4.200671613216400146e-01
-1.142945736646652222e-01
4.421171247959136963e-01
1.788857132196426392e-01
-3.351079821586608887e-01
-1.705692857503890991e-01
-1.741050481796264648e-01
5.189261958003044128e-02
-3.282836973667144775e-01
2.811375558376312256e-01
-2.179190516471862793e-01
1.751149296760559082e-01
-1.833393871784210205e-01
-1.129104495048522949e-01
-1.323340088129043579e-02
-2.912995517253875732e-01
-1.578007936477661133e-01
-8.836916834115982056e-02
-4.361258745193481445e-01
-5.129817724227905273e-01
-3.799223005771636963e-01
8.055984228849411011e-02
-1.257101744413375854e-01
3.781108930706977844e-02
9.630157053470611572e-02
4.913828521966934204e-02
1.562009602785110474e-01
3.536372780799865723e-01
2.717894911766052246e-01
-4.120074585080146790e-02
1.333040446043014526e-01
-4.994608163833618164e-01
2.624156177043914795e-01
1.705494076013565063e-01
5.429778993129730225e-02
2.681165561079978943e-02
-1.501613762229681015e-03
-1.119838096201419830e-03
-1.510712623596191406e+00
-9.165684878826141357e-02
-7.752536535263061523e-01
-2.744537219405174255e-02
3.710298240184783936e-01
-4.245741292834281921e-02
-4.793059527873992920e-01
-6.793140172958374023e-01
-4.519349709153175354e-02
5.814443901181221008e-02
-7.387120276689529419e-02
-1.754013597965240479e-01
5.718050003051757812e-01
7.598524093627929688e-01
5.831356048583984375e-01
3.574564158916473389e-01
4.230104386806488037e-01
1.528455168008804321e-01
3.632573410868644714e-02
1.250191777944564819e-01
1.582407653331756592e-01
-9.238470345735549927e-02
1.205145269632339478e-01
-8.711453676223754883e-01
-1.125837787985801697e-01
-2.221890240907669067e-01
-1.671313196420669556e-01
-4.579574167728424072e-01
-6.656970381736755371e-01
-4.648528695106506348e-01
-4.657359123229980469e-01
-8.068442940711975098e-01
6.345937848091125488e-01
-9.531491994857788086e-01
7.986751794815063477e-01
1.129048224538564682e-02
-1.308448314666748047e-01
5.416815876960754395e-01
3.192932307720184326e-01
1.426552832126617432e-01
-2.906464226543903351e-02
1.767451763153076172e-01
-9.212262928485870361e-02
9.614343196153640747e-02
-7.270916551351547241e-02
