2.277092784643173218e-01
-3.446460366249084473e-01
-1.744454205036163330e-01
1.066103670746088028e-02
-5.853913426399230957e-01
-9.266593456268310547e-01
-2.172849625349044800e-01
5.060909390449523926e-01
2.384821027517318726e-01
-1.620282605290412903e-02
2.982000410556793213e-01
-8.535304106771945953e-03
8.840030431747436523e-02
7.564916014671325684e-01
3.868087530136108398e-01
1.543510109186172485e-01
3.492279648780822754e-01
7.461201548576354980e-01
1.448360979557037354e-01
8.787988126277923584e-02
-1.569950729608535767e-01
4.797333851456642151e-02
1.238225698471069336e-01
-1.892157644033432007e-02
-1.013124138116836548e-01
-3.639109432697296143e-01
2.692432329058647156e-02
-8.035034537315368652e-01
3.265162706375122070e-01
1.377917379140853882e-01
1.405466347932815552e-01
-1.727360337972640991e-01
7.357067465782165527e-01
-1.193261221051216125e-01
1.384538173675537109e+00
-2.512060403823852539e-01
3.762167394161224365e-01
5.230308175086975098e-01
8.680116534233093262e-01
3.108390420675277710e-02
-4.882662296295166016e-01
-9.108180403709411621e-01
-1.344325989484786987e-01
-1.157696723937988281e+00
-1.601415872573852539e-01
2.791401445865631104e-01
9.235352277755737305e-02
2.372255474328994751e-01
1.656175404787063599e-01
-2.076888829469680786e-01
-3.314990699291229248e-01
-3.722886443138122559e-01
8.803910017013549805e-01
1.051573038101196289e+00
1.151119709014892578e+00
3.352705836296081543e-01
5.592582821846008301e-01
-3.735050559043884277e-02
-7.200926542282104492e-02
-3.249379694461822510e-01
-3.583251535892486572e-01
-5.073564052581787109e-01
6.972273439168930054e-02
-3.118387460708618164e-01
-5.864785909652709961e-01
1.467824447900056839e-02
1.585734635591506958e-01
-8.353828638792037964e-02
3.869927823543548584e-01
2.401731461286544800e-01
6.674312949180603027e-01
-8.324059844017028809e-01
-2.354219853878021240e-01
1.275001019239425659e-01
-2.197283320128917694e-02
2.195170670747756958e-01
4.273206293582916260e-01
-4.139709770679473877e-01
5.282257795333862305e-01
7.851602882146835327e-02
1.810791045427322388e-01
9.131478071212768555e-01
-6.380643844604492188e-01
-1.256268918514251709e-01
1.023976802825927734e+00
2.358548045158386230e-01
1.972605288028717041e-01
-2.427517622709274292e-01
2.856429815292358398e-01
2.503436207771301270e-01
-5.058125257492065430e-01
8.885186165571212769e-02
9.643428027629852295e-02
2.046532034873962402e-01
3.421364128589630127e-01
-2.904752492904663086e-01
-2.824282087385654449e-02
-3.366532027721405029e-01
-8.328494429588317871e-01
4.318316876888275146e-01
1.021994948387145996e+00
-2.040296941995620728e-01
1.047477483749389648e+00
5.919581055641174316e-01
-4.545780643820762634e-02
-3.774186670780181885e-01
2.753053307533264160e-01
2.670461237430572510e-01
2.620944082736968994e-01
-3.057708442211151123e-01
-6.743234395980834961e-01
3.828297853469848633e-01
-4.318985342979431152e-01
-9.858900308609008789e-01
-4.106627702713012695e-01
-1.441569179296493530e-01
-7.290824502706527710e-02
-6.692842245101928711e-01
-6.502532213926315308e-02
-1.215374544262886047e-01
3.345884978771209717e-01
7.987591624259948730e-02
9.890280663967132568e-02
6.890255808830261230e-01
6.982821822166442871e-01
-2.814601175487041473e-03
8.985552191734313965e-01
6.506561636924743652e-01
5.908327102661132812e-01
8.409329056739807129e-01
-5.100900679826736450e-02
3.961027860641479492e-01
1.074099093675613403e-01
-4.664853811264038086e-01
4.852505326271057129e-01
-1.227044388651847839e-01
-1.411345303058624268e-01
1.585855931043624878e-01
6.517008543014526367e-01
-1.639406383037567139e-01
-5.025198459625244141e-01
-8.215976953506469727e-01
-1.001547455787658691e+00
-1.238834206014871597e-02
-6.275691092014312744e-02
-7.187355160713195801e-01
2.219240218400955200e-01
1.207525581121444702e-01
1.292555481195449829e-01
2.574322223663330078e-01
8.880029320716857910e-01
4.863170087337493896e-01
4.347885847091674805e-01
-2.692622244358062744e-01
-3.075777739286422729e-02
-1.951518505811691284e-01
-3.335530459880828857e-01
-3.468058258295059204e-02
2.847332507371902466e-03
5.882873535156250000e-01
1.334033370018005371e+00
-6.037332862615585327e-02
1.376290321350097656e-01
-5.303983092308044434e-01
1.733910590410232544e-01
4.506415128707885742e-01
-2.914025783538818359e-01
-5.229192376136779785e-01
1.582345552742481232e-02
3.768134862184524536e-02
2.305593043565750122e-01
-4.054837822914123535e-01
-2.276288568973541260e-01
-1.781488060951232910e-01
-4.469891488552093506e-01
8.917423337697982788e-02
1.207380816340446472e-01
6.845069527626037598e-01
7.506792247295379639e-02
5.843567252159118652e-01
-2.094596773386001587e-01
8.690689504146575928e-02
1.478644460439682007e-02
-1.252804696559906006e-01
-4.732448458671569824e-01
4.831343516707420349e-02
1.980575621128082275e-01
-8.509949594736099243e-02
-4.915946722030639648e-01
2.300051897764205933e-01
5.939099192619323730e-01
2.491582185029983521e-01
3.121960163116455078e-01
-1.500568836927413940e-01
1.360262930393218994e-01
1.716113537549972534e-01
5.967128649353981018e-02
-6.341875195503234863e-01
-5.894146487116813660e-02
2.309236489236354828e-02
1.606494039297103882e-01
6.048530936241149902e-01
-1.670704036951065063e-01
1.470232456922531128e-01
-2.711968123912811279e-01
-4.087505936622619629e-01
4.472766816616058350e-01
6.068043783307075500e-02
3.734043538570404053e-01
6.643718481063842773e-01
1.073679208755493164e+00
4.852367341518402100e-01
-9.520673155784606934e-01
-1.910515278577804565e-01
4.878002777695655823e-02
-9.071528911590576172e-03
2.344060838222503662e-01
7.091945409774780273e-01
-1.432994455099105835e-01
1.065986156463623047e+00
4.349021315574645996e-01
-5.282811522483825684e-01
-1.190858244895935059e+00
-6.643667817115783691e-01
-5.264767408370971680e-01
3.359781950712203979e-02
2.637690305709838867e-01
-2.959134876728057861e-01
-1.037356927990913391e-01
4.872268810868263245e-02
3.270969260483980179e-03
1.317215085029602051e+00
1.716726422309875488e+00
1.404948234558105469e+00
5.573405697941780090e-02
-2.899155020713806152e-01
-3.364281952381134033e-01
-5.116112232208251953e-01
-1.729557812213897705e-01
-1.182421520352363586e-01
4.701486229896545410e-01
-1.907177828252315521e-02
4.445516765117645264e-01
-3.510029315948486328e-01
2.211866229772567749e-01
-7.232126593589782715e-02
4.455548226833343506e-01
-7.305164635181427002e-02
5.197790861129760742e-01
3.595151007175445557e-01
3.020862117409706116e-02
1.070903539657592773e+00
1.238694548606872559e+00
2.589689493179321289e-01
1.042415946722030640e-01
-3.879672884941101074e-01
4.330717027187347412e-01
7.760600000619888306e-02
-8.540861308574676514e-02
-9.138419032096862793e-01
-5.928068757057189941e-01
4.226203262805938721e-01
2.716539800167083740e-01
-3.069996237754821777e-01
-5.809178948402404785e-01
-6.689730882644653320e-01
1.326973736286163330e-01
2.966119647026062012e-01
-1.506796926259994507e-01
5.020408034324645996e-01
3.221711218357086182e-01
-2.687104046344757080e-01
2.837423682212829590e-01
-5.585487931966781616e-02
2.676699161529541016e-01
-3.207488916814327240e-03
-4.664958715438842773e-01
4.450638964772224426e-02
-7.095993310213088989e-02
4.397438466548919678e-01
9.899994730949401855e-01
5.684487819671630859e-01
2.806460857391357422e-01
-2.204535305500030518e-01
-5.748440027236938477e-01
-3.180151581764221191e-01
6.316084861755371094e-01
1.763451099395751953e-01
2.879619002342224121e-01
-4.594328999519348145e-01
3.104789741337299347e-02
3.178932964801788330e-01
2.455877363681793213e-01
-2.297960370779037476e-01
4.633177816867828369e-01
-2.434414029121398926e-01
-1.550791561603546143e-01
-9.309223294258117676e-01
-1.125374674797058105e+00
-3.150170147418975830e-01
-2.802597284317016602e-01
7.968137860298156738e-01
4.753275215625762939e-01
3.436833024024963379e-01
1.086435556411743164e+00
1.134850382804870605e+00
-1.438710540533065796e-01
6.036200523376464844e-01
-3.527774810791015625e-01
1.037846282124519348e-01
4.151976704597473145e-01
8.575755357742309570e-01
-3.297938704490661621e-01
-1.300119757652282715e-01
-2.064369320869445801e-01
9.488107264041900635e-02
3.347623646259307861e-01
5.152330994606018066e-01
1.120834469795227051e+00
-7.466846108436584473e-01
1.227271854877471924e-01
2.604606449604034424e-01
-8.764656633138656616e-02
4.306939542293548584e-01
2.118534296751022339e-01
4.839836359024047852e-01
-1.280636936426162720e-01
-8.514256477355957031e-01
-3.206126391887664795e-01
-3.614396452903747559e-01
-1.845334619283676147e-01
-3.814638257026672363e-01
-1.999044120311737061e-01
-5.669900774955749512e-01
2.360123693943023682e-01
7.226729989051818848e-01
7.206469178199768066e-01
7.456256151199340820e-01
4.684852436184883118e-02
3.064416646957397461e-01
2.769233882427215576e-01
-1.102853491902351379e-01
2.308193147182464600e-01
5.218304991722106934e-01
-8.135348558425903320e-02
4.270126670598983765e-02
-2.390835732221603394e-01
-1.598045974969863892e-01
5.023657679557800293e-01
3.732337355613708496e-01
7.662879675626754761e-02
-2.838675975799560547e-01
1.889462709426879883e+00
2.447991818189620972e-01
-3.768721222877502441e-01
-4.111217558383941650e-01
6.357912421226501465e-01
-6.130989789962768555e-01
4.134698510169982910e-01
-6.125547289848327637e-01
-7.628296017646789551e-01
-9.370971918106079102e-01
-1.822345852851867676e-01
-1.040401905775070190e-01
-4.315455257892608643e-01
4.941537976264953613e-01
3.530090749263763428e-01
8.564717322587966919e-02
-7.617694884538650513e-02
1.102529815398156643e-03
3.853300809860229492e-01
5.500479340553283691e-01
4.884001016616821289e-01
5.429700613021850586e-01
6.740110367536544800e-02
2.559591531753540039e-01
9.055432081222534180e-01
1.219262242317199707e+00
-1.007738828659057617e+00
-3.294832408428192139e-01
-1.011048555374145508e+00
-7.081491351127624512e-01
-1.058209180831909180e+00
-4.373717904090881348e-01
-2.771027386188507080e-01
3.197069168090820312e-01
9.425656497478485107e-02
2.701316475868225098e-01
-1.620164327323436737e-02
4.865359067916870117e-01
1.702184528112411499e-01
6.098445653915405273e-01
-6.272590905427932739e-02
-9.198568016290664673e-02
8.817884922027587891e-01
-3.299770355224609375e-01
-1.236478611826896667e-01
3.110304474830627441e-01
4.463250339031219482e-01
-4.066684469580650330e-02
4.701724648475646973e-01
1.532286107540130615e-01
4.023132622241973877e-01
-4.815705120563507080e-02
4.820141196250915527e-01
3.855711221694946289e-02
-2.989389188587665558e-02
-3.915823698043823242e-01
-7.452351599931716919e-02
6.589246541261672974e-02
-3.258643746376037598e-01
4.651509821414947510e-01
4.915660619735717773e-01
-4.135573506355285645e-01
-1.044710129499435425e-01
-1.743483245372772217e-01
5.834804773330688477e-01
7.760918140411376953e-01
2.796635031700134277e-01
-2.477333098649978638e-01
2.443981822580099106e-03
-5.018760561943054199e-01
-5.660340189933776855e-01
-2.178026288747787476e-01
5.204162001609802246e-01
6.567850112915039062e-01
6.387425065040588379e-01
-6.017631888389587402e-01
-8.703548312187194824e-01
-2.260519415140151978e-01
6.879172325134277344e-01
7.442412376403808594e-01
2.614859342575073242e-01
3.117948174476623535e-01
2.452127486467361450e-01
-2.668958306312561035e-01
1.002191781997680664e+00
3.691285550594329834e-01
9.933659434318542480e-02
-3.167666494846343994e-01
-6.025611981749534607e-02
-6.331932544708251953e-02
9.476150274276733398e-01
-7.875207066535949707e-01
-1.687069833278656006e-01
7.276921719312667847e-02
1.964721381664276123e-01
1.386334747076034546e-01
1.531738936901092529e-01
-2.880796603858470917e-02
-2.020492851734161377e-01
-3.551490008831024170e-01
-2.470472902059555054e-01
5.818717479705810547e-01
3.442562818527221680e-01
7.158110290765762329e-02
7.939234375953674316e-02
-4.041153788566589355e-01
-2.577313780784606934e-01
9.544792771339416504e-02
-2.312435656785964966e-01
4.481018781661987305e-01
4.692602455615997314e-01
-5.789207816123962402e-01
-9.031143188476562500e-01
6.755014657974243164e-01
7.407369017601013184e-01
1.182371497154235840e+00
8.914906978607177734e-01
5.376610159873962402e-01
1.206134036183357239e-01
-1.308961957693099976e-01
-8.339438438415527344e-01
-2.416699230670928955e-01
-1.700335294008255005e-01
-9.038708172738552094e-03
-4.065763354301452637e-01
-7.544348239898681641e-01
4.004932343959808350e-01
-2.579049468040466309e-01
6.636423468589782715e-01
6.725714206695556641e-01
1.761328242719173431e-02
-6.000452041625976562e-01
1.059296488761901855e+00
8.115565180778503418e-01
7.332094907760620117e-01
-2.408114075660705566e-02
-6.768690347671508789e-01
-7.316264510154724121e-01
9.249868392944335938e-01
5.972053855657577515e-02
-2.055351734161376953e-01
-1.734182834625244141e-01
-4.667127132415771484e-01
4.986910820007324219e-01
7.284694910049438477e-01
7.624927163124084473e-01
1.333206295967102051e-01
-7.188518643379211426e-01
-4.845031797885894775e-01
-1.241626366972923279e-01
-7.120708823204040527e-01
-1.655257344245910645e-01
1.758564263582229614e-01
-4.953099787235260010e-01
-1.221396178007125854e-01
5.518584251403808594e-01
6.272198557853698730e-01
3.268599808216094971e-01
2.034353017807006836e-01
1.265382021665573120e-01
6.658762693405151367e-01
