1.348252743482589722e-01
-5.490591526031494141e-01
-6.756788492202758789e-01
-6.261413693428039551e-01
-3.740020096302032471e-01
1.116462424397468567e-01
5.409423112869262695e-01
1.676526516675949097e-01
-1.659453101456165314e-02
6.919974684715270996e-01
4.400353133678436279e-01
4.025831520557403564e-01
4.221934676170349121e-01
3.198392093181610107e-01
5.095242857933044434e-01
1.503401994705200195e-01
1.444784253835678101e-01
1.404890865087509155e-01
-5.128648877143859863e-01
-7.097285985946655273e-01
-3.588788211345672607e-02
-2.337333410978317261e-01
-2.708606608211994171e-02
5.057227611541748047e-01
1.069692015647888184e+00
6.959248185157775879e-01
6.590000987052917480e-01
-1.419645100831985474e-01
-1.014172583818435669e-01
1.824149936437606812e-01
2.906410694122314453e-01
-2.058351784944534302e-01
3.129841685295104980e-01
-1.214598342776298523e-01
1.011251688003540039e+00
7.717801928520202637e-01
1.016955018043518066e+00
-3.417702913284301758e-01
-9.605412483215332031e-01
-1.311651587486267090e+00
-7.096506357192993164e-01
1.285429894924163818e-01
8.489280194044113159e-02
1.352135688066482544e-01
-1.065366640686988831e-01
-2.211883217096328735e-01
-6.654896587133407593e-02
-1.801424771547317505e-01
-3.346651792526245117e-02
5.004747509956359863e-01
-1.473447233438491821e-01
-4.422199130058288574e-01
1.232744082808494568e-01
-8.228536695241928101e-03
-4.610438644886016846e-01
2.788017690181732178e-01
7.497971057891845703e-01
-6.948807835578918457e-01
2.014721393585205078e+00
7.919162511825561523e-01
1.536644697189331055e+00
2.427273511886596680e+00
4.428791403770446777e-01
-5.802776813507080078e-01
6.981567144393920898e-01
-1.369434475898742676e+00
-9.095705151557922363e-01
-6.314989328384399414e-01
-8.081488609313964844e-01
-1.436676740646362305e+00
-6.363056302070617676e-01
-1.295220702886581421e-01
9.129813313484191895e-01
3.894347846508026123e-01
8.335002660751342773e-01
4.157024919986724854e-01
-1.201472505927085876e-01
4.807080030441284180e-01
4.781309515237808228e-02
-6.839961409568786621e-01
2.324709296226501465e-02
-6.594025492668151855e-01
-3.175506591796875000e-01
5.686289072036743164e-02
1.595842279493808746e-02
2.984608411788940430e-01
2.435016185045242310e-01
1.308387219905853271e-01
8.355950713157653809e-01
9.073711633682250977e-01
1.171524167060852051e+00
7.988949418067932129e-01
-9.437724202871322632e-02
1.066254898905754089e-01
-8.107377886772155762e-01
2.575956284999847412e-03
-2.397080184891819954e-03
-5.187429785728454590e-01
-1.105331301689147949e+00
-5.656841397285461426e-01
6.361083388328552246e-01
1.656500250101089478e-01
-2.944373488426208496e-01
-1.186484191566705704e-02
-1.649875193834304810e-01
-5.878430604934692383e-02
-2.532898485660552979e-01
-6.171966791152954102e-01
2.085521221160888672e-01
2.969958484172821045e-01
-1.230019032955169678e-01
3.141955435276031494e-01
7.750607132911682129e-01
6.160758733749389648e-01
1.365339159965515137e+00
1.350312829017639160e+00
3.555045723915100098e-01
-6.340443491935729980e-01
-9.197221994400024414e-01
-7.813609838485717773e-01
1.493273824453353882e-01
-2.855873405933380127e-01
-6.446079611778259277e-01
-6.446132063865661621e-02
1.852118670940399170e-01
-2.023514658212661743e-01
7.608143985271453857e-02
3.832271322607994080e-04
9.821728803217411041e-03
6.327049732208251953e-01
4.409619569778442383e-01
1.981935203075408936e-01
9.238506108522415161e-02
6.887603551149368286e-02
4.257085919380187988e-01
3.930006027221679688e-01
7.375700473785400391e-01
2.930505201220512390e-02
-2.737199664115905762e-01
-5.399052426218986511e-02
-7.491818070411682129e-01
-2.790074646472930908e-01
-3.929576575756072998e-01
-5.028354525566101074e-01
1.327878832817077637e-01
-2.310119122266769409e-01
-3.043144941329956055e-01
4.990778267383575439e-01
6.206386685371398926e-01
9.170486927032470703e-01
8.523077368736267090e-01
3.166322708129882812e-01
5.764295458793640137e-01
-6.274624168872833252e-02
1.387388855218887329e-01
-2.127058655023574829e-01
1.239820867776870728e-01
-9.182340651750564575e-02
-2.442739531397819519e-02
1.524738371372222900e-01
-3.432049602270126343e-02
-1.570042967796325684e-01
-8.481544256210327148e-01
-1.147613003849983215e-01
-2.150081843137741089e-01
1.592369675636291504e-01
5.040646716952323914e-02
-3.380496501922607422e-01
-1.159525871276855469e+00
-6.703028082847595215e-01
-5.950053334236145020e-01
-2.809657752513885498e-01
3.376761376857757568e-01
3.181399405002593994e-01
-1.407705396413803101e-01
3.698615133762359619e-01
5.595117807388305664e-01
2.999022901058197021e-01
1.848912984132766724e-01
1.012253880500793457e+00
1.229298472404479980e+00
3.337500095367431641e-01
5.016627907752990723e-01
4.418055415153503418e-01
1.763040572404861450e-01
-2.115137726068496704e-01
-2.916744649410247803e-01
-1.195290327072143555e+00
-4.816478490829467773e-01
-3.763395547866821289e-01
2.058475017547607422e-01
3.678474426269531250e-01
2.631972730159759521e-01
4.520787596702575684e-01
4.369968771934509277e-01
5.098341107368469238e-01
-2.384757697582244873e-01
-1.013876557350158691e+00
1.979972869157791138e-01
-6.206210851669311523e-01
-4.289579689502716064e-01
6.260887384414672852e-01
7.121928036212921143e-02
1.768264323472976685e-01
4.446817338466644287e-01
-5.336069464683532715e-01
-6.828367710113525391e-01
-7.445471733808517456e-02
-2.839526720345020294e-02
7.821441292762756348e-01
1.472726225852966309e+00
1.277622222900390625e+00
-2.402509748935699463e-01
-1.877315193414688110e-01
-4.126528650522232056e-02
5.985520780086517334e-02
2.761622965335845947e-01
-1.118950024247169495e-01
-5.009320974349975586e-01
7.082628607749938965e-01
9.720031619071960449e-01
1.384475678205490112e-01
-1.755624264478683472e-01
-1.894230991601943970e-01
-3.434419929981231689e-01
-2.523612678050994873e-01
-2.900326158851385117e-03
-4.847372770309448242e-01
-1.933188885450363159e-01
5.701259970664978027e-01
8.062922954559326172e-01
-6.608156487345695496e-03
-4.864879548549652100e-01
-1.730628460645675659e-01
-5.648432299494743347e-03
4.097784459590911865e-01
-4.215018153190612793e-01
-8.183845877647399902e-01
-3.577795326709747314e-01
-4.148969054222106934e-01
4.897009730339050293e-01
5.161499232053756714e-02
4.392956495285034180e-01
4.092161655426025391e-01
3.680489584803581238e-02
2.809444069862365723e-01
1.114660739898681641e+00
8.522984385490417480e-01
4.807124137878417969e-01
-2.571105659008026123e-01
2.535569667816162109e-01
6.314600706100463867e-01
5.437713265419006348e-01
5.494948029518127441e-01
7.312915921211242676e-01
4.259116053581237793e-01
-1.451683044433593750e-01
2.081507630646228790e-02
6.548922061920166016e-01
1.435989856719970703e+00
1.425454974174499512e+00
-7.073360085487365723e-01
1.525745093822479248e-01
-7.530438899993896484e-01
-5.412389636039733887e-01
-6.391515731811523438e-01
-5.537788867950439453e-01
-1.455426812171936035e-01
-1.940968483686447144e-01
-1.129740357398986816e+00
-2.837907969951629639e-01
3.860894143581390381e-01
1.079798415303230286e-01
5.389431715011596680e-01
6.414141058921813965e-01
4.642433524131774902e-01
1.011616945266723633e+00
1.942800581455230713e-01
-6.596823334693908691e-01
-6.324451565742492676e-01
8.951580524444580078e-02
-3.786246106028556824e-02
8.282008171081542969e-01
-2.671830356121063232e-01
-8.979055881500244141e-01
-2.247508168220520020e-01
1.088280916213989258e+00
-6.140343546867370605e-01
5.898660421371459961e-01
7.761270403861999512e-01
1.636164188385009766e-01
1.056029200553894043e+00
1.556438326835632324e+00
-9.002584218978881836e-01
-1.120499819517135620e-01
3.065479695796966553e-01
-3.537702560424804688e-01
-3.945215344429016113e-01
-1.744690351188182831e-02
-3.288846313953399658e-01
-2.103637531399726868e-02
9.323645830154418945e-01
1.963124424219131470e-01
2.703797817230224609e-01
-5.320176109671592712e-02
5.113087296485900879e-01
6.803981065750122070e-01
3.379595279693603516e-02
-4.802465438842773438e-01
-3.745811991393566132e-04
-4.440706670284271240e-01
2.768260836601257324e-01
3.211557865142822266e-01
4.231418371200561523e-01
4.408839046955108643e-01
1.154299974441528320e+00
5.053750425577163696e-02
-2.154220491647720337e-01
4.910652711987495422e-02
-4.119216203689575195e-01
-2.415568083524703979e-01
9.523057192564010620e-02
-1.297188848257064819e-01
3.086221516132354736e-01
-8.296495676040649414e-02
5.062201619148254395e-01
-1.228276014328002930e+00
-2.177441120147705078e-01
1.938980072736740112e-01
-3.032098412513732910e-01
7.495553493499755859e-01
4.887316823005676270e-01
4.277338087558746338e-01
6.579561233520507812e-01
5.100558400154113770e-01
4.010382294654846191e-01
8.606976270675659180e-01
3.852570652961730957e-01
-5.467323064804077148e-01
-6.629913300275802612e-02
-6.561022996902465820e-01
-7.230809330940246582e-01
4.445245563983917236e-01
6.494877934455871582e-01
-5.283290743827819824e-01
-1.706910282373428345e-01
-6.008397042751312256e-02
1.873916834592819214e-01
3.749388456344604492e-02
2.736682295799255371e-01
-1.164379119873046875e+00
-4.191769361495971680e-01
6.249291300773620605e-01
7.096183300018310547e-01
-3.750097006559371948e-02
-6.103751063346862793e-01
-3.812550306320190430e-01
-3.710775971412658691e-01
-3.474338650703430176e-01
-1.529076248407363892e-01
2.547688782215118408e-02
-2.696394622325897217e-01
4.789542257785797119e-01
7.454353570938110352e-01
7.722024619579315186e-02
1.192881613969802856e-01
3.216499090194702148e-01
-2.693498730659484863e-01
1.005357623100280762e+00
2.808139920234680176e-01
-1.287064403295516968e-01
1.943500488996505737e-01
-1.979374140501022339e-02
-8.597646355628967285e-01
-3.624731898307800293e-01
2.764212191104888916e-01
7.800058126449584961e-01
9.953661262989044189e-02
-5.490829348564147949e-01
3.383058011531829834e-01
4.570521712303161621e-01
-3.336984664201736450e-02
1.986895799636840820e-01
-7.659609317779541016e-01
-1.378747940063476562e+00
-9.767686128616333008e-01
-2.395024150609970093e-01
1.054692640900611877e-01
3.642670810222625732e-01
1.443848200142383575e-02
3.584275841712951660e-01
4.054537415504455566e-01
2.924946844577789307e-01
3.943859040737152100e-01
3.557325899600982666e-01
-4.829406738281250000e-01
-1.200073808431625366e-01
5.953412652015686035e-01
8.754422515630722046e-02
-3.238773345947265625e-01
5.653433203697204590e-01
7.897276282310485840e-01
2.633339762687683105e-01
-4.422862827777862549e-01
-2.742491960525512695e-01
8.270941674709320068e-02
-1.318541169166564941e-01
3.298437595367431641e-01
2.410224974155426025e-01
-5.700824260711669922e-01
1.280814290046691895e+00
1.059725522994995117e+00
9.602248668670654297e-02
-3.250952363014221191e-01
5.626804232597351074e-01
5.393525958061218262e-01
1.366959214210510254e-01
1.909238398075103760e-01
-7.041667699813842773e-01
-1.615430265665054321e-01
-2.071494162082672119e-01
-8.603474497795104980e-01
-1.514785550534725189e-02
1.983672380447387695e-01
5.864351391792297363e-01
2.474885880947113037e-01
4.249024391174316406e-01
-8.655983209609985352e-01
-6.686611771583557129e-01
1.097963005304336548e-01
4.534114301204681396e-01
9.674969315528869629e-01
7.433320879936218262e-01
3.029762804508209229e-01
4.996075332164764404e-01
7.012602090835571289e-01
9.762738645076751709e-02
-7.871657609939575195e-01
-9.803534150123596191e-01
-5.840254426002502441e-01
2.734310738742351532e-02
2.486162334680557251e-01
8.058435320854187012e-01
1.345754742622375488e+00
9.175476618111133575e-03
1.030363321304321289e+00
-3.866923153400421143e-01
-1.074595004320144653e-01
-6.190850138664245605e-01
-9.016312360763549805e-01
-1.045814752578735352e+00
-2.972173988819122314e-01
2.189809232950210571e-01
-2.613889276981353760e-01
4.482474923133850098e-01
-1.404701769351959229e-01
-7.773397564888000488e-01
-1.446436047554016113e-01
-2.331956923007965088e-01
-5.330292880535125732e-02
7.950604557991027832e-01
1.014783978462219238e+00
2.739324569702148438e-01
7.875131964683532715e-01
7.698005437850952148e-01
-2.501549124717712402e-01
-6.853207349777221680e-01
-1.717692762613296509e-01
1.567459553480148315e-01
-1.180886998772621155e-01
4.099949076771736145e-02
1.684670299291610718e-01
8.092223852872848511e-02
5.989720225334167480e-01
4.188328981399536133e-01
6.153172254562377930e-01
5.784673988819122314e-02
-2.697604000568389893e-01
3.923297524452209473e-01
6.809816360473632812e-01
-2.749015390872955322e-01
-2.362004667520523071e-02
-2.990633249282836914e-01
-4.141315817832946777e-01
3.929676711559295654e-01
5.258703231811523438e-01
7.546926140785217285e-01
-4.860989153385162354e-01
-7.865602374076843262e-01
-9.198956489562988281e-01
-3.631104528903961182e-01
2.422966063022613525e-01
-2.177875190973281860e-01
-4.833530485630035400e-01
-6.336031109094619751e-02
1.072914972901344299e-01
-3.958382606506347656e-01
8.896270990371704102e-01
6.020134091377258301e-01
-3.685119748115539551e-01
3.359046280384063721e-01
7.530704140663146973e-01
-1.551709175109863281e-01
-3.904092311859130859e-01
-2.358963638544082642e-01
-1.193724989891052246e+00
-5.836530923843383789e-01
2.057164460420608521e-01
1.380007743835449219e+00
7.073780894279479980e-01
7.679593563079833984e-01
1.042333602905273438e+00
9.080107212066650391e-01
