2.652386426925659180e-01
1.158842742443084717e-01
-7.805351912975311279e-02
1.629048585891723633e-01
1.396832913160324097e-01
-4.082463085651397705e-01
-3.471308350563049316e-01
3.107481822371482849e-02
-1.478585749864578247e-01
-3.730903267860412598e-01
2.246926128864288330e-01
4.054503142833709717e-01
2.176528573036193848e-01
1.775398552417755127e-01
-4.871904253959655762e-01
-1.609154492616653442e-01
-1.007081717252731323e-01
-1.260569244623184204e-01
1.005364581942558289e-01
1.750638484954833984e-01
5.830543041229248047e-01
1.175643503665924072e-02
2.035868018865585327e-01
1.732550114393234253e-01
4.820662140846252441e-01
3.754832148551940918e-01
-5.157272219657897949e-01
-1.124091371893882751e-01
-2.421691864728927612e-01
-5.682733654975891113e-01
6.355287507176399231e-03
-9.583236649632453918e-03
4.882001280784606934e-01
1.273857504129409790e-01
2.450153678655624390e-01
1.248632222414016724e-01
5.161448121070861816e-01
6.993769109249114990e-02
-1.007387876510620117e+00
-5.921185016632080078e-01
3.118815645575523376e-02
-1.752610355615615845e-01
-4.062702879309654236e-03
2.093519270420074463e-01
6.311087012290954590e-01
9.155850112438201904e-02
6.425415873527526855e-01
2.063916176557540894e-01
3.214406073093414307e-01
-4.242632910609245300e-02
-1.407938897609710693e-01
2.820684611797332764e-01
4.184624552726745605e-01
-2.235427964478731155e-03
-5.171306133270263672e-01
-7.316428422927856445e-01
7.944241166114807129e-02
-5.076397061347961426e-01
-2.220890969038009644e-01
-1.588270664215087891e-01
-1.057535111904144287e-01
-2.579499185085296631e-01
-2.670362405478954315e-02
-2.360246628522872925e-01
7.849529385566711426e-02
-2.011459171772003174e-01
-1.911897584795951843e-02
5.228645801544189453e-01
3.840681016445159912e-01
3.077943027019500732e-01
2.209973484277725220e-01
-7.673141360282897949e-02
8.709775283932685852e-03
8.533788323402404785e-01
3.968616724014282227e-01
2.506676912307739258e-01
-1.825233101844787598e-01
-3.764305263757705688e-02
-3.588737547397613525e-01
-1.530984491109848022e-01
-3.294153213500976562e-01
-6.641548275947570801e-01
-4.394611120223999023e-01
-6.052818149328231812e-02
1.504879742860794067e-01
5.050804615020751953e-01
3.395999670028686523e-01
-2.350236102938652039e-02
1.206514090299606323e-01
4.892102777957916260e-01
7.880784571170806885e-02
3.605801165103912354e-01
3.162616491317749023e-01
-2.114817798137664795e-01
-2.041637897491455078e-01
-5.309305191040039062e-01
1.585756614804267883e-02
1.831677109003067017e-01
-5.850152969360351562e-01
-5.289520323276519775e-02
2.599986791610717773e-01
1.860936433076858521e-01
-3.504345118999481201e-01
1.575875282287597656e-01
-1.479248609393835068e-02
-1.864110678434371948e-02
4.510993659496307373e-01
-2.119965106248855591e-01
7.751903682947158813e-02
-1.271229386329650879e-01
-5.787786841392517090e-01
6.562887132167816162e-02
-2.417278885841369629e-01
-2.242859005928039551e-01
8.183073401451110840e-01
8.054993152618408203e-01
2.799867689609527588e-01
4.776502847671508789e-01
-2.055131196975708008e-01
-2.546850740909576416e-01
-3.992306590080261230e-01
-3.794270157814025879e-01
-1.205743029713630676e-01
-2.729912847280502319e-02
-1.078051105141639709e-01
2.456269115209579468e-01
-1.324951499700546265e-01
1.639438569545745850e-01
1.627267748117446899e-01
4.004053175449371338e-01
3.904918134212493896e-01
5.548470467329025269e-02
1.833604425191879272e-01
-1.231445372104644775e-01
-1.375642567873001099e-01
1.600710749626159668e-01
-1.423262506723403931e-01
5.277316570281982422e-01
-3.202751576900482178e-01
-5.859295129776000977e-01
-6.659085154533386230e-01
-7.442583441734313965e-01
1.265504509210586548e-01
-6.457610726356506348e-01
1.076966404914855957e+00
1.127740070223808289e-01
1.372594535350799561e-01
6.995946168899536133e-01
9.995627403259277344e-01
7.138341069221496582e-01
-1.357705444097518921e-01
-7.869039773941040039e-01
4.828760325908660889e-01
-2.880833446979522705e-01
-3.716174960136413574e-01
1.575768589973449707e-01
8.548741936683654785e-01
6.323332432657480240e-03
2.514646649360656738e-01
-2.482833117246627808e-01
-5.175309777259826660e-01
-1.831217110157012939e-02
-4.842110276222229004e-01
-5.141621828079223633e-01
-1.619834303855895996e-01
2.754531614482402802e-02
-3.969813883304595947e-02
5.707993507385253906e-01
8.696144819259643555e-02
2.256975471973419189e-01
1.793510764837265015e-01
-2.823004126548767090e-01
-8.984122425317764282e-02
-4.688169807195663452e-03
-8.114721179008483887e-01
6.263255327939987183e-02
-2.377464622259140015e-01
1.083108484745025635e-01
1.640417724847793579e-01
6.462461315095424652e-03
3.375151753425598145e-01
2.147202640771865845e-01
1.651285588741302490e-02
-1.126512140035629272e-01
6.832224130630493164e-01
-1.571450382471084595e-01
3.612764775753021240e-01
-2.513273060321807861e-02
-1.529200226068496704e-01
-6.823602318763732910e-02
2.943572402000427246e-01
-4.299157559871673584e-01
-5.214932933449745178e-02
-2.329815626144409180e-01
1.957681179046630859e-01
1.277839243412017822e-01
-2.420225925743579865e-02
-2.094020545482635498e-01
-3.155448138713836670e-01
3.008624315261840820e-01
-1.408015787601470947e-01
1.740140467882156372e-01
2.080612182617187500e-01
3.251918554306030273e-01
3.988291919231414795e-01
-1.422879844903945923e-01
-5.222209692001342773e-01
-4.153808057308197021e-01
-2.785581946372985840e-01
2.934662699699401855e-01
-2.182489633560180664e-02
1.605852544307708740e-01
4.451442956924438477e-01
8.493853360414505005e-02
2.618950605392456055e-01
2.800284624099731445e-01
1.528190728276968002e-02
6.850405335426330566e-01
3.028230667114257812e-01
2.272503264248371124e-02
-8.899396657943725586e-02
7.536143064498901367e-02
-4.501225799322128296e-02
-4.527554810047149658e-01
-2.772406339645385742e-01
-2.825849354267120361e-01
-1.482319980859756470e-01
2.546284794807434082e-01
-4.666944965720176697e-03
-9.291215986013412476e-02
-3.276296257972717285e-01
-1.115211769938468933e-01
1.304612755775451660e-01
-1.772125661373138428e-01
4.845280945301055908e-02
2.226984947919845581e-01
1.449483036994934082e-01
-3.683605790138244629e-01
4.645403474569320679e-03
-1.240489408373832703e-01
2.028188556432723999e-01
2.612331323325634003e-02
3.879856467247009277e-01
1.888872832059860229e-01
2.955422699451446533e-01
2.266743965446949005e-02
3.405744731426239014e-01
5.578173398971557617e-01
1.465412676334381104e-01
7.481112480163574219e-01
-9.126601368188858032e-02
3.053900301456451416e-01
-9.861991554498672485e-02
3.952888846397399902e-01
-2.381268739700317383e-01
-1.020983755588531494e-01
-3.255218863487243652e-01
-5.727980136871337891e-01
-6.141186356544494629e-01
-7.717773914337158203e-01
-3.814924657344818115e-01
5.295118317008018494e-02
2.628235518932342529e-01
2.053909003734588623e-01
3.222630620002746582e-01
4.085235595703125000e-01
5.728969573974609375e-01
-3.104425594210624695e-02
2.091324329376220703e-01
-3.259133175015449524e-02
5.191458463668823242e-01
1.272807130590081215e-03
5.032351016998291016e-01
-1.232932060956954956e-01
-1.915125548839569092e-01
-2.855345904827117920e-01
-3.279274702072143555e-01
1.277416106313467026e-02
-3.048826754093170166e-01
-1.405345201492309570e-01
-2.665642499923706055e-01
-4.384118914604187012e-01
-5.331181883811950684e-01
-1.648625880479812622e-01
-4.760621786117553711e-01
1.338787525892257690e-01
4.932106435298919678e-01
4.381612241268157959e-01
-3.574269637465476990e-02
1.007553458213806152e+00
4.703971743583679199e-01
1.702076792716979980e-01
6.331124901771545410e-01
3.227676153182983398e-01
-1.478135734796524048e-01
2.553124725818634033e-01
-3.057722188532352448e-02
-4.561634734272956848e-02
-6.321918964385986328e-01
2.615945786237716675e-02
4.310474544763565063e-02
-5.412046313285827637e-01
2.978295385837554932e-01
-2.042037397623062134e-01
-3.380691707134246826e-01
2.774673141539096832e-02
-2.948146164417266846e-01
2.232296615839004517e-01
4.813615679740905762e-01
2.952377200126647949e-01
8.295113593339920044e-02
-1.282046139240264893e-01
1.721867173910140991e-01
-7.040174677968025208e-03
3.664160892367362976e-02
-2.170157432556152344e-01
2.581596970558166504e-01
-1.147201359272003174e-01
1.523506343364715576e-01
3.402796089649200439e-01
-4.295239150524139404e-01
3.410516679286956787e-01
-8.790616691112518311e-02
-6.289547309279441833e-03
-4.606257677078247070e-01
1.480948030948638916e-01
-4.836510717868804932e-01
-2.711875140666961670e-01
3.380303978919982910e-01
6.255135685205459595e-02
6.931561827659606934e-01
3.486374616622924805e-01
3.388916254043579102e-01
1.980317234992980957e-01
1.354814469814300537e-01
2.467653453350067139e-01
5.087947249412536621e-01
-3.045134246349334717e-02
-2.366075664758682251e-02
-1.228811070322990417e-01
1.381317228078842163e-01
-5.062302350997924805e-01
5.461508780717849731e-02
2.518301010131835938e-01
-4.268582463264465332e-01
1.174555197358131409e-01
-1.625636219978332520e-01
-4.679607152938842773e-01
6.857232749462127686e-02
-4.430140554904937744e-01
-1.337422430515289307e-01
-3.977418839931488037e-01
-2.516564428806304932e-01
3.566288575530052185e-02
6.950880885124206543e-01
4.212842509150505066e-02
5.426201224327087402e-01
3.501348495483398438e-01
-3.657495379447937012e-01
1.802265495061874390e-01
2.832931280136108398e-01
-4.734387993812561035e-02
-1.242893189191818237e-01
-4.648795425891876221e-01
-7.096055150032043457e-01
-4.930662214756011963e-01
2.821633219718933105e-01
1.670461520552635193e-02
2.280119210481643677e-01
2.623645775020122528e-02
-2.886846363544464111e-01
1.789609044790267944e-01
1.350367516279220581e-01
-2.652299404144287109e-01
-7.497274130582809448e-02
3.651673495769500732e-01
6.689764857292175293e-01
1.114125609397888184e+00
3.611922562122344971e-01
-2.683290541172027588e-01
-1.314747482538223267e-01
-1.500612646341323853e-01
-4.157921969890594482e-01
-2.464576065540313721e-01
2.183622568845748901e-01
-3.234284222126007080e-01
-5.513930916786193848e-01
-2.104139775037765503e-01
-5.055119097232818604e-02
-2.734864950180053711e-01
2.588501870632171631e-01
-2.562361359596252441e-01
2.557565569877624512e-01
1.904619187116622925e-01
8.472459018230438232e-02
6.077589988708496094e-01
8.699453622102737427e-02
2.573955059051513672e-01
3.686166107654571533e-01
-2.779275178909301758e-01
-2.578255236148834229e-01
-6.482820212841033936e-02
1.014068424701690674e-01
2.567807435989379883e-01
-5.509558320045471191e-01
-2.826465964317321777e-01
-3.952398896217346191e-01
-1.107634305953979492e-01
-3.763694688677787781e-02
1.952068656682968140e-01
3.667248189449310303e-01
4.424761235713958740e-01
6.139551401138305664e-01
-2.292086556553840637e-02
2.677202783524990082e-02
4.905514419078826904e-01
3.333596289157867432e-01
4.629703760147094727e-01
2.147118598222732544e-01
1.104402914643287659e-02
2.499274015426635742e-01
2.848739027976989746e-01
-7.702554017305374146e-02
-5.169146060943603516e-01
1.053453907370567322e-01
-7.362399697303771973e-01
-5.483754873275756836e-01
-4.563542902469635010e-01
-2.292691469192504883e-01
-3.429400548338890076e-02
-5.345994234085083008e-01
3.693302571773529053e-01
5.936496853828430176e-01
2.800136208534240723e-01
-7.564541697502136230e-02
5.865449905395507812e-01
7.396697998046875000e-02
-1.228626258671283722e-02
3.365923464298248291e-01
-2.893855050206184387e-02
-4.542728140950202942e-02
-6.393374502658843994e-02
-5.826638080179691315e-03
5.788455903530120850e-02
-8.536703139543533325e-02
1.921741664409637451e-01
1.069901436567306519e-01
-1.566109061241149902e-01
1.950873285531997681e-01
2.301965057849884033e-01
-6.216732859611511230e-01
-8.294948935508728027e-02
-1.239650323987007141e-01
-3.684779703617095947e-01
5.824208855628967285e-01
4.341942965984344482e-01
2.954494953155517578e-01
6.653802990913391113e-01
-9.494319558143615723e-02
4.523378610610961914e-01
-1.031289845705032349e-01
-1.214766502380371094e-01
4.720765352249145508e-02
1.262377202510833740e-01
-5.814952254295349121e-01
-4.154134690761566162e-01
-2.955056428909301758e-01
-3.280397355556488037e-01
-2.643377184867858887e-01
2.743721604347229004e-01
-3.032307028770446777e-01
6.178141236305236816e-01
1.188581660389900208e-01
-6.845462322235107422e-01
3.135026097297668457e-01
5.105198025703430176e-01
1.073057651519775391e+00
-2.328564971685409546e-01
-3.395867943763732910e-01
1.876292675733566284e-01
-1.246154755353927612e-01
-3.523352444171905518e-01
3.197049796581268311e-01
-2.885926961898803711e-01
3.279422819614410400e-01
3.874592781066894531e-01
1.582839041948318481e-01
1.641609519720077515e-02
-4.678217321634292603e-02
-7.229836583137512207e-01
-5.225102901458740234e-01
4.289426207542419434e-01
-2.489828318357467651e-01
3.917735219001770020e-01
-5.045030266046524048e-02
3.074089884757995605e-01
1.857172548770904541e-01
-4.666873216629028320e-01
7.604894042015075684e-02
2.804673910140991211e-01
5.699263513088226318e-02
1.679683923721313477e-01
-1.070260256528854370e-01
-1.195692196488380432e-01
2.988059520721435547e-01
7.312405109405517578e-02
-4.167777001857757568e-01
-1.928697973489761353e-01
1.323706656694412231e-01
6.292030960321426392e-02
-6.761933118104934692e-02
3.094402253627777100e-01
-5.514534711837768555e-01
