1.847529709339141846e-01
6.448687519878149033e-03
-3.466496169567108154e-01
3.159160017967224121e-01
-2.756983339786529541e-01
4.447500407695770264e-01
8.947188258171081543e-01
-4.407718777656555176e-02
-6.513226032257080078e-02
1.452336758375167847e-01
3.541893661022186279e-01
-2.937988638877868652e-01
-3.969515860080718994e-01
2.220793366432189941e-01
-2.028334140777587891e-01
7.689971327781677246e-01
-3.566078469157218933e-02
1.494324058294296265e-01
-2.728019654750823975e-01
8.121603168547153473e-03
-2.700428664684295654e-01
-8.389154076576232910e-01
1.243439270183444023e-03
-7.691047787666320801e-01
-2.477137595415115356e-01
-7.373801469802856445e-01
5.480400323867797852e-01
6.239122152328491211e-01
1.433578133583068848e-01
2.658974230289459229e-01
4.230538308620452881e-01
-6.182920336723327637e-01
-6.478362716734409332e-03
-7.070009112358093262e-01
-2.609228491783142090e-01
6.716300547122955322e-02
-7.038182020187377930e-02
2.668664753437042236e-01
8.736249208450317383e-01
9.928606748580932617e-01
4.687634408473968506e-01
-1.769185066223144531e-01
2.456437945365905762e-01
-6.238133907318115234e-01
-3.033289015293121338e-01
-5.485804677009582520e-01
2.674842998385429382e-02
-1.300185203552246094e+00
3.527424633502960205e-01
-7.368285655975341797e-01
2.782575488090515137e-01
-3.150229156017303467e-01
-3.932838439941406250e-01
-2.555838227272033691e-01
6.285331249237060547e-01
3.341676294803619385e-01
5.755857229232788086e-01
-3.293170630931854248e-01
7.997239828109741211e-01
-9.014517813920974731e-02
4.067968726158142090e-01
2.227712124586105347e-01
8.679283261299133301e-01
2.509597223252058029e-03
4.096436798572540283e-01
7.997851818799972534e-02
1.983962208032608032e-01
7.810312323272228241e-03
-9.594238400459289551e-01
-2.230487018823623657e-01
-2.894490957260131836e-01
-1.693646311759948730e-01
-5.850226059556007385e-02
-3.651979863643646240e-01
-5.317530632019042969e-01
-6.073840260505676270e-01
-2.648180425167083740e-01
9.789066910743713379e-01
-1.463578790426254272e-01
6.812916994094848633e-01
3.918141424655914307e-01
7.892832756042480469e-01
2.952652871608734131e-01
-1.169139221310615540e-01
-5.399139523506164551e-01
-1.417795181274414062e+00
-2.732639014720916748e-01
3.460554480552673340e-01
-1.113356947898864746e+00
6.194705143570899963e-03
-5.949244499206542969e-01
-2.728537023067474365e-01
-1.559648215770721436e-01
1.282675713300704956e-01
8.677321672439575195e-01
4.809779822826385498e-01
9.767022728919982910e-01
-3.212092816829681396e-02
3.186241090297698975e-01
1.060170173645019531e+00
-2.389023900032043457e-01
-1.256705224514007568e-01
-3.967878520488739014e-01
7.470628619194030762e-01
-6.753055453300476074e-01
3.143868744373321533e-01
-1.371821314096450806e-01
-3.585137724876403809e-01
3.290451765060424805e-01
-2.672742605209350586e-01
4.637340605258941650e-01
5.540727972984313965e-01
-2.908730208873748779e-01
6.241700053215026855e-01
-6.716681122779846191e-01
-1.663528442382812500e+00
-1.314339518547058105e+00
2.309936285018920898e-01
-3.367341756820678711e-01
3.168737292289733887e-01
2.480595372617244720e-03
5.877969264984130859e-01
2.570635452866554260e-02
2.132089883089065552e-01
2.660864889621734619e-01
1.067185178399085999e-01
-3.566497564315795898e-01
3.258854150772094727e-01
-3.867169022560119629e-01
-3.857919275760650635e-01
-5.078063011169433594e-01
-3.565964698791503906e-01
-6.733524799346923828e-02
-1.227958053350448608e-01
2.011477053165435791e-01
-1.114436164498329163e-01
-9.068583697080612183e-02
7.350271940231323242e-02
-2.905040979385375977e-01
1.445699691772460938e+00
9.553361535072326660e-01
7.063736319541931152e-01
9.034447073936462402e-01
-2.879953682422637939e-01
7.293620705604553223e-01
-1.602566242218017578e+00
7.298737764358520508e-01
-8.272836208343505859e-01
-5.017395019531250000e-01
-6.098177433013916016e-01
-5.525807738304138184e-01
4.691146314144134521e-01
4.538897573947906494e-01
-1.228167891502380371e+00
1.156198024749755859e+00
3.936755955219268799e-01
-2.825720310211181641e+00
-1.225514411926269531e-01
1.797436177730560303e-01
-4.299814999103546143e-01
8.568941354751586914e-01
9.726350307464599609e-01
1.654401272535324097e-01
1.006075739860534668e+00
5.339374542236328125e-01
2.227342426776885986e-01
-1.572108417749404907e-01
8.701685816049575806e-03
-7.045004367828369141e-01
3.846046030521392822e-01
-2.251385450363159180e-01
1.472793817520141602e-01
3.346427977085113525e-01
-2.147780060768127441e-01
3.940582275390625000e-01
9.197763204574584961e-01
-4.167659878730773926e-01
3.734763264656066895e-01
-3.703172504901885986e-01
-2.536039054393768311e-01
1.501288115978240967e-01
-2.417808473110198975e-01
1.215861439704895020e-01
1.980547606945037842e-02
-2.930233255028724670e-02
-8.522066473960876465e-01
5.298634171485900879e-01
-7.148138880729675293e-01
1.870243996381759644e-01
1.312718493863940239e-03
-3.510558307170867920e-01
-5.152351260185241699e-01
3.234571814537048340e-01
-2.583636045455932617e-01
3.932618796825408936e-01
-3.587568104267120361e-01
1.639748811721801758e-01
4.779217243194580078e-01
3.650768697261810303e-01
5.349128842353820801e-01
-7.195661664009094238e-01
5.711526870727539062e-01
-3.683936893939971924e-01
2.368130534887313843e-01
-2.913543879985809326e-01
-1.548471152782440186e-01
4.343630969524383545e-01
8.700678348541259766e-01
1.125683188438415527e-01
8.090434968471527100e-02
-6.099610328674316406e-01
-1.561329960823059082e-01
-4.897536635398864746e-01
-6.210739016532897949e-01
2.587753534317016602e-01
-5.258809924125671387e-01
-2.829743325710296631e-01
-2.765280008316040039e-01
-1.184022784233093262e+00
1.836924552917480469e-01
1.542708128690719604e-01
4.684759378433227539e-01
8.935289457440376282e-03
4.650704562664031982e-01
4.240559637546539307e-01
3.434612751007080078e-01
-1.077795475721359253e-01
3.625689074397087097e-02
-2.599335014820098877e-01
1.976613849401473999e-01
2.472120076417922974e-01
3.454245626926422119e-01
-9.899966418743133545e-02
-2.412868440151214600e-01
4.029378294944763184e-01
-3.736348450183868408e-01
1.085548698902130127e-01
-1.254272907972335815e-01
7.586239576339721680e-01
-4.491761624813079834e-01
3.601222634315490723e-01
-4.961869418621063232e-01
9.416119754314422607e-02
-6.208729147911071777e-01
-2.398573607206344604e-01
-7.526277303695678711e-01
1.883170306682586670e-01
-8.123031854629516602e-01
-5.784768462181091309e-01
-5.393659472465515137e-01
-8.579900860786437988e-01
6.023724675178527832e-01
-4.732156395912170410e-01
6.805889606475830078e-01
-3.147590160369873047e-01
1.080887079238891602e+00
4.869657158851623535e-01
5.764506459236145020e-01
9.364008307456970215e-01
8.013210296630859375e-01
4.786501824855804443e-01
-1.333374083042144775e-01
-4.338983595371246338e-01
-4.058458209037780762e-01
-5.105148553848266602e-01
-4.602179825305938721e-01
-9.306221604347229004e-01
-4.041890799999237061e-01
-3.805173560976982117e-02
-8.645629882812500000e-02
6.955498456954956055e-02
-6.891731023788452148e-01
5.144096016883850098e-01
-3.146269917488098145e-01
6.573604345321655273e-01
4.574118554592132568e-01
3.661164343357086182e-01
4.470102190971374512e-01
-9.956786781549453735e-02
4.687146842479705811e-01
2.580161094665527344e-01
3.670521080493927002e-01
5.706173777580261230e-01
5.617474317550659180e-01
-3.271834254264831543e-01
7.022092938423156738e-01
-1.046139717102050781e+00
-7.862813472747802734e-01
3.940979950129985809e-03
-8.580796420574188232e-02
-1.002042770385742188e+00
-2.695408165454864502e-01
-7.309297323226928711e-01
-7.343416213989257812e-01
-3.832710981369018555e-01
-4.987747222185134888e-02
-4.382875561714172363e-01
2.744236588478088379e-01
1.815072149038314819e-01
1.101272821426391602e+00
-5.947281122207641602e-01
4.597963690757751465e-01
7.886877655982971191e-01
-3.945397436618804932e-01
1.017051219940185547e+00
3.475659191608428955e-01
3.400075435638427734e-01
5.310602486133575439e-02
-5.123090744018554688e-01
-2.035956531763076782e-01
-2.608619928359985352e-01
9.133929759263992310e-02
5.228207707405090332e-01
-2.848977148532867432e-01
9.539767354726791382e-02
-2.681297957897186279e-01
-2.551934719085693359e-01
-4.797435104846954346e-01
1.718579977750778198e-01
-4.733662009239196777e-01
-1.937244534492492676e-01
6.953550577163696289e-01
-8.591387271881103516e-01
7.964816093444824219e-01
6.470738351345062256e-02
9.070751070976257324e-01
-4.555513150990009308e-03
1.902999877929687500e-01
-3.153283298015594482e-01
-4.949932992458343506e-01
-1.078384995460510254e+00
-1.113383650779724121e+00
-3.186025321483612061e-01
-4.093036055564880371e-01
-1.951940059661865234e-01
3.469524532556533813e-02
-1.596270352602005005e-01
-3.470233380794525146e-01
7.198768258094787598e-01
4.843698143959045410e-01
3.010670468211174011e-02
9.895777702331542969e-02
4.441557526588439941e-01
-3.144401609897613525e-01
1.870596408843994141e-01
4.676865339279174805e-01
-3.593077659606933594e-01
2.607920467853546143e-01
3.923772573471069336e-01
-7.787822186946868896e-02
7.027795910835266113e-01
-1.255497038364410400e-01
7.060736417770385742e-01
3.195782601833343506e-01
-4.117202460765838623e-01
-6.062651872634887695e-01
1.810611039400100708e-02
-1.816367655992507935e-01
-6.796604022383689880e-03
5.926870107650756836e-01
-5.021412372589111328e-01
-4.770452976226806641e-01
3.630004227161407471e-01
-1.350794732570648193e-01
7.665697336196899414e-01
2.743484973907470703e-01
3.476476073265075684e-01
-5.772233009338378906e-01
2.238496840000152588e-01
-3.174845362082123756e-03
1.407478451728820801e-01
1.866927444934844971e-01
-5.100271105766296387e-01
-2.408895082771778107e-02
2.527221143245697021e-01
-2.287813723087310791e-01
-8.889571428298950195e-01
-8.364719152450561523e-01
-6.288813352584838867e-01
-1.219816133379936218e-01
5.996898412704467773e-01
1.835482418537139893e-01
1.712201386690139771e-01
8.088784217834472656e-01
1.190490871667861938e-01
3.659339994192123413e-02
6.109915971755981445e-01
5.892587900161743164e-01
-3.116462230682373047e-01
3.748482763767242432e-01
4.739314615726470947e-01
-4.370750784873962402e-01
5.163672566413879395e-01
-6.379917263984680176e-01
6.199235841631889343e-02
3.953412547707557678e-02
-8.498779535293579102e-01
8.906155824661254883e-03
-6.293339729309082031e-01
1.532329916954040527e-01
5.113773420453071594e-02
4.362178444862365723e-01
-2.954857349395751953e-01
8.429794013500213623e-02
1.311475876718759537e-02
9.139280319213867188e-01
3.155151009559631348e-01
2.662371397018432617e-01
3.066597320139408112e-02
-2.362279221415519714e-03
-5.666012763977050781e-01
-6.416296362876892090e-01
-5.993423461914062500e-01
-5.641061663627624512e-01
-9.457761049270629883e-02
-4.204169213771820068e-01
-7.620575428009033203e-01
-4.317237436771392822e-01
-4.645840823650360107e-01
-2.260877341032028198e-01
-6.828279793262481689e-02
-5.565679073333740234e-01
1.455390602350234985e-01
2.296624034643173218e-01
8.754291534423828125e-01
2.391879707574844360e-01
7.313135862350463867e-01
5.095498561859130859e-01
2.489736825227737427e-01
3.502524495124816895e-01
3.383970558643341064e-01
6.371687054634094238e-01
-5.454877018928527832e-01
-6.829865574836730957e-01
7.553640753030776978e-02
1.042674407362937927e-01
-7.774471640586853027e-01
1.673459708690643311e-01
-4.595534875988960266e-02
-1.555438637733459473e-01
3.028647303581237793e-01
2.605777382850646973e-01
-2.954747378826141357e-01
-1.827322840690612793e-01
6.621084176003932953e-03
-4.119690656661987305e-01
-8.616835623979568481e-02
-2.284121885895729065e-02
4.183454215526580811e-01
-5.722476243972778320e-01
3.586440384387969971e-01
1.183744907379150391e+00
-5.768752694129943848e-01
7.581713795661926270e-02
-8.154711127281188965e-01
-1.511754274368286133e+00
-4.571626335382461548e-02
-8.103243708610534668e-01
-6.008096337318420410e-01
1.959410309791564941e-01
-2.422922253608703613e-01
4.048296213150024414e-01
2.276617884635925293e-01
-5.875757336616516113e-02
6.315417289733886719e-01
1.226272821426391602e+00
6.990314126014709473e-01
3.998602628707885742e-01
5.127110481262207031e-01
4.734238982200622559e-01
-1.616212576627731323e-01
4.402550458908081055e-01
-6.836239695549011230e-01
2.655498683452606201e-01
5.885161757469177246e-01
-1.367156624794006348e+00
-1.707088351249694824e+00
-2.225698083639144897e-01
6.392123699188232422e-01
4.983681142330169678e-01
-3.459441661834716797e-01
2.272455841302871704e-01
-7.073795795440673828e-02
-9.311122298240661621e-01
2.169140130281448364e-01
-1.795268297195434570e+00
4.219043254852294922e-01
-4.950154423713684082e-01
1.823135763406753540e-01
7.343397140502929688e-01
6.648534536361694336e-01
7.340024709701538086e-01
-5.951111912727355957e-01
2.622144818305969238e-01
-6.187124252319335938e-01
4.966554045677185059e-01
-5.542740225791931152e-01
1.466494053602218628e-01
4.206726551055908203e-01
-4.632494151592254639e-01
5.091922730207443237e-02
1.539122909307479858e-01
-9.542624652385711670e-02
2.985828816890716553e-01
2.267194986343383789e-01
-5.765746831893920898e-01
5.656003952026367188e-01
1.932092905044555664e-01
3.020759671926498413e-02
-4.840241670608520508e-01
1.366493385285139084e-02
8.078341931104660034e-02
-5.696897506713867188e-01
