2.081988900899887085e-01
8.251141905784606934e-01
1.522853732109069824e+00
-4.147045016288757324e-01
4.330149590969085693e-01
1.466166973114013672e+00
1.604730606079101562e+00
-3.071987032890319824e-01
1.897476799786090851e-02
5.615283269435167313e-03
2.151012867689132690e-01
-5.201476216316223145e-01
1.824776828289031982e-01
-6.787123084068298340e-01
-4.390906095504760742e-01
-5.860707759857177734e-01
-8.234300613403320312e-01
-1.035259962081909180e+00
-5.541312694549560547e-02
9.627605974674224854e-02
-5.449067950248718262e-01
9.294204115867614746e-01
4.011380672454833984e-01
5.064967274665832520e-02
2.264001667499542236e-01
1.198201417922973633e+00
-4.786827862262725830e-01
2.900516092777252197e-01
-1.713654518127441406e+00
-4.216955006122589111e-01
4.888454675674438477e-01
4.528032243251800537e-01
-5.482896566390991211e-01
4.742549955844879150e-01
-6.252528429031372070e-01
7.445114254951477051e-01
-3.485398739576339722e-02
-6.575204133987426758e-01
9.911824464797973633e-01
7.092174887657165527e-01
-5.236847996711730957e-01
1.438720673322677612e-01
-1.641341805458068848e+00
1.724864840507507324e+00
3.891282379627227783e-01
-7.205859422683715820e-01
1.191962212324142456e-01
3.327234387397766113e-01
-6.538880467414855957e-01
2.797239720821380615e-01
8.305949568748474121e-01
8.602802157402038574e-01
4.833420217037200928e-01
-1.068557500839233398e+00
-2.875961549580097198e-02
4.441871047019958496e-01
-4.843005537986755371e-02
4.080643355846405029e-01
-2.364237457513809204e-01
-1.134080529212951660e+00
-5.237272381782531738e-01
-1.870469808578491211e+00
-1.670120239257812500e+00
-3.561115562915802002e-01
-1.517197489738464355e+00
-1.000816583633422852e+00
-1.026864647865295410e+00
-1.975365877151489258e-01
-6.041552424430847168e-01
4.238899648189544678e-01
-5.684404969215393066e-01
1.252520680427551270e+00
1.145160198211669922e+00
-8.705720901489257812e-01
1.453848242759704590e+00
9.249863773584365845e-02
-3.891201019287109375e-01
7.388624548912048340e-01
-5.777046084403991699e-01
-7.139936685562133789e-01
-4.281179606914520264e-01
-5.736982822418212891e-01
-2.991033792495727539e-01
1.275538086891174316e+00
-1.710672497749328613e+00
4.841267764568328857e-01
9.905295968055725098e-01
-1.644396185874938965e-01
-7.885642349720001221e-03
-8.472385257482528687e-02
3.268214464187622070e-01
-1.850889176130294800e-01
4.162843823432922363e-01
1.765527427196502686e-01
1.496646523475646973e+00
8.708546757698059082e-01
2.246980369091033936e-01
-7.254348695278167725e-02
-8.913794159889221191e-01
-1.361826896667480469e+00
-7.375693321228027344e-01
-3.529000282287597656e-01
-3.441715538501739502e-01
-1.132310271263122559e+00
4.156931638717651367e-01
-2.273362725973129272e-01
-7.070110440254211426e-01
-4.936382770538330078e-01
-1.599145680665969849e-01
1.576416641473770142e-01
4.662908017635345459e-01
3.491925895214080811e-01
8.114802837371826172e-01
1.670142412185668945e+00
1.390668988227844238e+00
3.201805353164672852e-01
-1.300990283489227295e-01
-1.760718226432800293e-01
-1.124581575393676758e+00
-1.068880319595336914e+00
8.941745162010192871e-01
-2.882172763347625732e-01
1.021875023841857910e+00
-8.074142336845397949e-01
-1.986953020095825195e-01
8.779746294021606445e-01
-1.597475558519363403e-01
-1.370468735694885254e-01
-6.037445273250341415e-03
-2.640916407108306885e-01
2.917848229408264160e-01
-5.865509435534477234e-02
-3.224032223224639893e-01
7.035364955663681030e-02
-1.452774882316589355e+00
-1.294610947370529175e-01
-8.302974700927734375e-01
-3.802065253257751465e-01
-1.046148180961608887e+00
-1.645993441343307495e-01
4.269069433212280273e-01
3.524192869663238525e-01
9.284244179725646973e-01
9.694208502769470215e-01
-1.146339550614356995e-01
1.705861449241638184e+00
8.226275444030761719e-01
-8.702148199081420898e-01
-1.691727712750434875e-02
5.243356227874755859e-01
-5.307592153549194336e-01
8.119102567434310913e-02
5.649443268775939941e-01
-4.902940690517425537e-01
-4.356484711170196533e-01
-1.157149672508239746e+00
-7.822071909904479980e-01
-9.312568306922912598e-01
-1.025209665298461914e+00
-8.613056540489196777e-01
-9.071928262710571289e-01
2.294233627617359161e-02
3.985869288444519043e-01
1.392932295799255371e+00
-1.235329657793045044e-01
-4.861655235290527344e-01
2.430576235055923462e-01
1.832288056612014771e-01
2.316326946020126343e-01
5.297966003417968750e-01
5.896402597427368164e-01
9.559211134910583496e-01
6.875931620597839355e-01
-9.148129820823669434e-02
8.830675482749938965e-01
2.928466498851776123e-01
1.532024592161178589e-01
-2.608614861965179443e-01
9.727859497070312500e-02
-5.859213471412658691e-01
8.662665486335754395e-01
3.065425753593444824e-01
-2.388970851898193359e-01
2.100316137075424194e-01
4.363140761852264404e-01
-8.963525295257568359e-01
-8.509773612022399902e-01
6.422356367111206055e-01
1.546439886093139648e+00
-7.793669700622558594e-01
8.845005184412002563e-02
2.293103784322738647e-01
-7.069075107574462891e-01
6.786154955625534058e-02
-7.492425441741943359e-01
-5.375823974609375000e-01
-7.698314785957336426e-01
-6.032235026359558105e-01
-1.360376358032226562e+00
-6.486922502517700195e-01
-1.558084964752197266e+00
-1.191770315170288086e+00
6.848282814025878906e-01
1.879381984472274780e-01
-1.500039361417293549e-02
8.226562291383743286e-02
-1.439977169036865234e+00
-4.956716895103454590e-01
-1.596821904182434082e+00
-1.448357343673706055e+00
6.558581590652465820e-01
-5.951490402221679688e-01
8.028822541236877441e-01
-9.458016753196716309e-01
-2.515349984169006348e-01
-1.905805915594100952e-01
-1.798727810382843018e-01
-8.397113680839538574e-01
1.545546293258666992e+00
2.039381116628646851e-01
3.450625240802764893e-01
2.342000007629394531e-01
8.177278637886047363e-01
1.591892093420028687e-01
-5.375280380249023438e-01
-7.082072496414184570e-01
-6.355098485946655273e-01
-1.382604718208312988e+00
-7.981052994728088379e-02
1.016158103942871094e+00
1.248233914375305176e+00
-1.270708143711090088e-01
-4.963368177413940430e-02
-2.996691130101680756e-02
-2.895599603652954102e-01
1.167458482086658478e-02
9.135074168443679810e-02
-1.926914043724536896e-02
-1.201914310455322266e+00
8.597676455974578857e-02
-1.467257142066955566e+00
1.080676078796386719e+00
-2.545299053192138672e+00
1.130334496498107910e+00
8.124441504478454590e-01
8.374559283256530762e-01
-4.044511616230010986e-01
1.565710753202438354e-01
-7.473579645156860352e-01
3.513633608818054199e-01
-8.299572467803955078e-01
-6.412391662597656250e-01
-1.798149049282073975e-01
-2.589874267578125000e-01
-1.590233445167541504e-01
8.284544944763183594e-01
9.961375594139099121e-01
1.047022461891174316e+00
8.189175128936767578e-01
1.233884334564208984e+00
1.020417451858520508e+00
-4.230712354183197021e-01
-1.990033499896526337e-02
-3.941531181335449219e-01
-5.801642537117004395e-01
-3.181453049182891846e-01
9.076997637748718262e-01
-9.526107907295227051e-01
8.814148604869842529e-02
-1.068948388099670410e+00
-5.765246748924255371e-01
9.510462880134582520e-01
1.409061253070831299e-01
9.828007966279983521e-02
-3.813630640506744385e-01
1.005888819694519043e+00
-9.528210759162902832e-01
2.682871520519256592e-01
4.578482210636138916e-01
6.849304437637329102e-01
2.349929511547088623e-01
6.779164671897888184e-01
4.359766840934753418e-01
1.132493734359741211e+00
2.942779958248138428e-01
1.180420875549316406e+00
-2.676475606858730316e-02
-4.181166365742683411e-02
-2.829503715038299561e-01
8.471468091011047363e-02
-5.712585449218750000e-01
3.290848731994628906e-01
-2.598252296447753906e-01
8.027018904685974121e-01
3.602106496691703796e-02
8.681402206420898438e-01
-4.636626243591308594e-01
6.547759771347045898e-01
1.531590461730957031e+00
4.983525872230529785e-01
4.908540248870849609e-01
-2.685889601707458496e-01
-1.314327567815780640e-01
2.940579056739807129e-01
-4.447785913944244385e-01
-3.769834637641906738e-01
1.180603504180908203e+00
-8.458270430564880371e-01
1.510004162788391113e+00
-1.543056368827819824e+00
-3.432784676551818848e-01
-3.676252961158752441e-01
-3.888271749019622803e-08
-1.183780357241630554e-01
2.755526006221771240e-01
-4.218587875366210938e-01
-1.011835217475891113e+00
-5.796132683753967285e-01
-2.021656274795532227e+00
4.688141942024230957e-01
-2.249556779861450195e+00
-1.150915265083312988e+00
-4.264477789402008057e-01
-1.478223681449890137e+00
-6.517493128776550293e-01
3.503303229808807373e-01
3.866601586341857910e-01
7.203010320663452148e-01
5.759541988372802734e-01
-3.378155231475830078e-01
2.667143344879150391e-01
1.050827264785766602e+00
-4.563263952732086182e-01
5.915431976318359375e-01
-1.444457411766052246e+00
-4.100976884365081787e-01
7.346743345260620117e-02
-1.531821787357330322e-01
-3.768270462751388550e-02
1.094148635864257812e+00
1.557573080062866211e-01
-2.239287346601486206e-01
3.347034454345703125e-01
-1.242617368698120117e+00
4.854080826044082642e-02
9.814167022705078125e-01
1.259097695350646973e+00
4.986453056335449219e-01
-6.172997951507568359e-01
-2.505209743976593018e-01
-7.838200777769088745e-02
1.641694605350494385e-01
-1.277376651763916016e+00
1.388066053390502930e+00
4.600810408592224121e-01
5.748036503791809082e-01
-3.776971623301506042e-02
-2.174887806177139282e-01
1.801894158124923706e-01
1.052854657173156738e+00
5.534365177154541016e-01
8.741284012794494629e-01
2.688864767551422119e-01
1.267015486955642700e-01
7.775595188140869141e-01
-5.034459233283996582e-01
-3.076661229133605957e-01
1.111476421356201172e+00
-5.377790331840515137e-01
-2.176585793495178223e-01
-1.000343561172485352e+00
-3.273430764675140381e-01
-2.051316261291503906e+00
-9.874004125595092773e-02
-4.097475409507751465e-01
1.224176678806543350e-02
-9.593772292137145996e-01
-6.173889152705669403e-03
1.457953929901123047e+00
9.541646242141723633e-01
2.244560122489929199e-01
8.474794626235961914e-01
1.237109780311584473e+00
4.957166910171508789e-01
2.641647756099700928e-01
6.720614433288574219e-01
7.096988707780838013e-02
-1.786725670099258423e-01
7.338360548019409180e-01
3.083197772502899170e-02
-3.038692474365234375e-01
2.438097745180130005e-01
-9.890885651111602783e-02
1.170415759086608887e+00
-1.124793648719787598e+00
4.670312404632568359e-01
7.777379751205444336e-01
-8.295964598655700684e-01
-4.277907907962799072e-01
1.541061282157897949e+00
-4.879893064498901367e-01
2.112031579017639160e-01
-1.859371066093444824e-01
1.466367691755294800e-01
-3.870332241058349609e-01
3.571120202541351318e-01
-2.921457886695861816e-01
1.280656576156616211e+00
5.851147174835205078e-01
-4.487109184265136719e-02
3.053945899009704590e-01
-2.151656746864318848e-01
-8.780434131622314453e-01
2.974165678024291992e-01
-1.433342337608337402e+00
-5.368288159370422363e-01
-1.073189139366149902e+00
-2.452997565269470215e-01
-5.481826663017272949e-01
1.396429538726806641e-01
-8.707448840141296387e-01
1.895640343427658081e-01
9.776263833045959473e-01
8.460335731506347656e-01
3.445673882961273193e-01
4.816854298114776611e-01
-1.077543854713439941e+00
9.681722521781921387e-01
1.169219017028808594e+00
4.883990883827209473e-01
4.036557972431182861e-01
-6.549766063690185547e-01
6.225398182868957520e-01
7.615843415260314941e-01
2.216581404209136963e-01
-3.482418656349182129e-01
-3.873670697212219238e-01
-4.782006442546844482e-01
5.038975551724433899e-02
4.202457070350646973e-01
5.284593105316162109e-01
7.979211807250976562e-01
-3.702431023120880127e-01
9.588400721549987793e-01
-3.916279673576354980e-01
-8.211217522621154785e-01
6.529338359832763672e-01
3.197860717773437500e-01
2.043076157569885254e-01
3.356757164001464844e-01
-2.876772880554199219e-01
-6.887156963348388672e-01
2.014698088169097900e-01
-2.041469097137451172e+00
-6.882673501968383789e-01
-8.048976063728332520e-01
-5.474023222923278809e-01
-8.032452464103698730e-01
-1.345431506633758545e-01
-1.823554158210754395e+00
-9.692206047475337982e-03
-2.289558410644531250e+00
-9.633937478065490723e-01
2.908109314739704132e-02
-1.683287024497985840e+00
-1.245261192321777344e+00
-3.350627124309539795e-01
-4.245138466358184814e-01
-2.536413967609405518e-01
-1.854993849992752075e-01
-6.458105146884918213e-02
5.160527825355529785e-01
1.519708275794982910e+00
-1.943859696388244629e+00
5.240116715431213379e-01
-2.978884935379028320e+00
7.479314804077148438e-01
1.980702400207519531e+00
3.031978607177734375e-01
-3.601522147655487061e-01
1.474867165088653564e-01
-4.852547645568847656e-01
-5.695509910583496094e-01
1.826687455177307129e+00
-2.921078205108642578e-01
-1.878505945205688477e-01
-7.910038530826568604e-02
-2.430748790502548218e-01
-2.342521548271179199e-01
5.546229481697082520e-01
-1.596412301063537598e+00
-1.659005731344223022e-01
-7.174011468887329102e-01
-9.390372633934020996e-01
-1.018159866333007812e+00
-2.898837924003601074e-01
-1.658376812934875488e+00
-5.550615787506103516e-01
2.567438781261444092e-01
1.862345486879348755e-01
8.112685680389404297e-01
-6.405467540025711060e-02
-2.901563346385955811e-01
-1.215989589691162109e+00
-3.162602186203002930e-01
-1.307005286216735840e+00
2.751341462135314941e-01
-1.710242629051208496e+00
-4.371168017387390137e-01
-1.107428789138793945e+00
-9.672787785530090332e-01
-8.153473138809204102e-01
-1.825552344322204590e+00
