-2.925293743610382080e-01
-1.553967893123626709e-01
-6.142295897006988525e-02
-4.037597775459289551e-01
-4.150908291339874268e-01
4.956215023994445801e-01
7.059197425842285156e-01
1.030880093574523926e+00
7.728084325790405273e-01
8.442047238349914551e-01
-5.185087770223617554e-02
-2.025286108255386353e-01
-3.306980729103088379e-01
3.788048774003982544e-02
-1.081603243947029114e-01
-5.082953572273254395e-01
-7.075165510177612305e-01
-3.506406545639038086e-01
-9.402940273284912109e-01
-6.598992273211479187e-03
-3.492392003536224365e-01
-1.097448766231536865e-01
-2.728097736835479736e-01
-2.130128294229507446e-01
-1.832738369703292847e-01
-5.129536241292953491e-02
1.659022122621536255e-01
7.326405644416809082e-01
1.117626652121543884e-01
1.748134791851043701e-01
-7.561765313148498535e-01
2.976506054401397705e-01
-3.724832534790039062e-01
2.353449165821075439e-01
-1.308780312538146973e-01
-6.682144850492477417e-02
1.837478578090667725e-01
5.214985013008117676e-01
-3.840212821960449219e-01
-2.254932373762130737e-01
-7.468339204788208008e-01
-2.374240309000015259e-01
8.828468620777130127e-02
-2.514269948005676270e-01
1.304383873939514160e-01
7.527916878461837769e-02
-2.491643577814102173e-01
9.625669568777084351e-02
-3.402728438377380371e-01
-2.824931740760803223e-01
-1.681347936391830444e-01
1.633762568235397339e-01
-2.785561680793762207e-01
-8.553624153137207031e-02
1.314963400363922119e-01
-3.162113726139068604e-01
-5.859808325767517090e-01
-1.224453672766685486e-01
2.197583019733428955e-01
1.240750998258590698e-01
2.653086781501770020e-01
4.200249612331390381e-01
1.872366517782211304e-01
8.455262333154678345e-02
1.476705521345138550e-01
7.267376780509948730e-01
-1.108614802360534668e-01
1.980145722627639771e-01
-1.693588644266128540e-01
-1.622844040393829346e-01
-5.231667160987854004e-01
-1.248101711273193359e+00
-7.139970660209655762e-01
-4.714798927307128906e-01
1.706980019807815552e-01
1.550613939762115479e-01
-2.715849578380584717e-01
-5.139512419700622559e-01
8.300609886646270752e-02
8.529222607612609863e-01
2.592520415782928467e-01
5.461255460977554321e-02
-4.110287129878997803e-02
-8.483762294054031372e-02
-7.944747805595397949e-02
-2.024912238121032715e-01
-3.158903717994689941e-01
5.182377099990844727e-01
1.285311430692672729e-01
1.637918800115585327e-01
-4.249871373176574707e-01
-3.344399929046630859e-01
-1.963193714618682861e-01
-2.370449006557464600e-01
9.089072048664093018e-02
-6.113734245300292969e-01
-5.016348510980606079e-02
-1.133963540196418762e-01
9.969375282526016235e-02
4.636294841766357422e-01
1.021686568856239319e-01
-3.289293348789215088e-01
-1.304988712072372437e-01
-1.473003178834915161e-01
-7.392559666186571121e-03
3.243621438741683960e-02
-5.702946186065673828e-01
2.467934489250183105e-01
-4.802405536174774170e-01
-3.551349937915802002e-01
2.177112847566604614e-01
3.242530822753906250e-01
2.149727791547775269e-01
1.872945874929428101e-01
5.056672692298889160e-01
1.387905478477478027e-01
-4.834502041339874268e-01
-1.265204790979623795e-02
1.138539090752601624e-01
-1.394118219614028931e-01
1.132894903421401978e-01
1.814013421535491943e-01
1.363827139139175415e-01
-1.292676329612731934e-01
-6.683562397956848145e-01
-5.339415278285741806e-03
-1.897732764482498169e-01
-3.977550864219665527e-01
1.913056522607803345e-01
-1.133189275860786438e-01
-5.311241745948791504e-01
-3.423042222857475281e-02
-4.486010670661926270e-01
-3.864317834377288818e-01
-2.967357635498046875e-01
5.100221037864685059e-01
1.945067346096038818e-01
-2.468942552804946899e-01
4.734459891915321350e-02
1.793516725301742554e-01
3.153327703475952148e-01
2.406938523054122925e-01
4.865968823432922363e-01
3.672349452972412109e-01
-4.123061299324035645e-01
-1.091163277626037598e+00
-1.408517718315124512e+00
-5.151202678680419922e-01
3.654024600982666016e-01
6.214228272438049316e-01
-2.146733850240707397e-01
-6.099575757980346680e-02
-4.041354656219482422e-01
2.828372716903686523e-01
-1.009170711040496826e-01
-7.502511143684387207e-02
-3.885680437088012695e-01
5.674036219716072083e-02
2.808402776718139648e-01
6.876716613769531250e-01
1.668503694236278534e-02
-3.447163105010986328e-01
1.842477172613143921e-01
4.063763916492462158e-01
-3.231905996799468994e-01
-4.520654678344726562e-02
9.035798311233520508e-01
2.182852029800415039e-01
3.652383983135223389e-01
-3.216658234596252441e-01
3.642671406269073486e-01
-6.182615458965301514e-02
-1.711658388376235962e-01
-5.881132483482360840e-01
-1.466871261596679688e+00
-1.659362196922302246e+00
-5.331411361694335938e-01
-7.151745557785034180e-01
-1.205666437745094299e-01
7.838343828916549683e-02
2.825662493705749512e-01
4.190652668476104736e-01
6.464574933052062988e-01
4.301570653915405273e-01
1.401486992835998535e-02
1.456265300512313843e-01
8.379170298576354980e-02
2.439309209585189819e-01
3.203615844249725342e-01
4.063153564929962158e-01
3.162852525711059570e-01
3.538011610507965088e-01
-3.899074196815490723e-01
-3.210660442709922791e-02
-1.285706162452697754e-01
-4.044564962387084961e-01
-1.029945611953735352e+00
-5.464689135551452637e-01
-2.151822149753570557e-01
-2.585452198982238770e-01
4.750040471553802490e-01
3.754916489124298096e-01
-9.213464334607124329e-03
2.252440601587295532e-01
-4.362160339951515198e-02
6.005690097808837891e-01
3.627107441425323486e-01
-2.938743308186531067e-02
-4.412177205085754395e-01
-4.580195844173431396e-01
-2.666696906089782715e-01
-1.925287693738937378e-01
-2.315231226384639740e-02
-2.943239733576774597e-02
-4.188859462738037109e-01
-3.253323435783386230e-01
2.406632900238037109e-01
-1.798677742481231689e-01
3.664599359035491943e-01
-2.713859379291534424e-01
2.842032164335250854e-02
-2.321662455797195435e-01
-8.923057317733764648e-01
-2.822201550006866455e-01
-4.375720620155334473e-01
6.889994442462921143e-02
6.349991559982299805e-01
-4.210324585437774658e-02
1.042760014533996582e+00
4.029193222522735596e-01
3.336372599005699158e-02
1.829538196325302124e-01
6.100274622440338135e-02
-3.229743242263793945e-01
-2.894093692302703857e-01
-1.785729080438613892e-01
-2.023284435272216797e-01
-2.298102378845214844e-01
-1.662515044212341309e+00
-6.413843035697937012e-01
-1.179979555308818817e-02
2.755189836025238037e-01
1.114686653017997742e-01
1.703960597515106201e-01
4.378412067890167236e-01
5.577164143323898315e-02
-2.682342827320098877e-01
-2.588211894035339355e-01
1.255157589912414551e-01
-3.973681926727294922e-01
1.843086630105972290e-02
-3.116035461425781250e-01
-9.788502454757690430e-01
-2.417684532701969147e-02
5.081090927124023438e-01
8.819252252578735352e-01
1.417211294174194336e-01
1.540864259004592896e-01
-1.271009743213653564e-01
-1.063581258058547974e-01
-5.167129635810852051e-01
-4.233058094978332520e-01
-9.286622405052185059e-01
-4.218916594982147217e-01
-2.121182531118392944e-01
-2.522173821926116943e-01
-7.087904214859008789e-01
-8.664351105690002441e-01
-1.071051478385925293e+00
1.723076552152633667e-01
3.037481904029846191e-01
9.240375161170959473e-01
4.317602217197418213e-01
7.968955636024475098e-01
2.660987377166748047e-01
2.209830284118652344e-01
-7.919013500213623047e-03
4.454099237918853760e-01
2.039897590875625610e-01
6.026640534400939941e-02
1.551321297883987427e-01
1.758161932229995728e-01
-1.719234287738800049e-01
8.607935160398483276e-02
4.385219514369964600e-01
-1.201895833015441895e+00
-1.958483219146728516e+00
-1.282363414764404297e+00
-4.455508887767791748e-01
6.972960829734802246e-01
3.831277787685394287e-01
-2.091577798128128052e-01
-6.017776131629943848e-01
2.810323536396026611e-01
7.849136590957641602e-01
8.353367447853088379e-02
-5.634740591049194336e-01
-1.293632984161376953e-01
-2.039038985967636108e-01
-1.649336218833923340e-01
1.592237949371337891e-01
-1.679099649190902710e-01
-3.281441628932952881e-01
-2.488716542720794678e-01
1.987960636615753174e-01
6.222425773739814758e-02
2.115267701447010040e-02
5.032007396221160889e-02
-2.676821313798427582e-02
-3.699121475219726562e-01
2.377661615610122681e-01
1.291300170123577118e-02
-2.398786246776580811e-01
-2.190936654806137085e-01
-5.085119605064392090e-02
3.651021420955657959e-02
-2.614443004131317139e-01
-7.546262443065643311e-02
-5.407716035842895508e-01
-3.611304163932800293e-01
2.125410735607147217e-01
-4.509192705154418945e-01
-2.212494611740112305e-01
-3.973031640052795410e-01
4.237718135118484497e-02
-3.020837008953094482e-01
-7.129334211349487305e-01
2.755171991884708405e-02
-1.484600901603698730e-01
3.226876258850097656e-01
2.194741964340209961e-01
7.378885746002197266e-01
7.510124444961547852e-01
2.878139019012451172e-01
6.550735831260681152e-01
1.566009670495986938e-01
-3.320423364639282227e-01
-9.618568420410156250e-01
-7.512525916099548340e-01
-1.041939973831176758e+00
-2.859409451484680176e-01
9.573077410459518433e-02
-4.809198677539825439e-01
4.691000580787658691e-01
2.093937695026397705e-01
-2.034605145454406738e-01
-2.149855643510818481e-01
-4.285516440868377686e-01
-4.729557037353515625e-01
-3.203733265399932861e-01
8.846215158700942993e-02
5.206227898597717285e-01
3.098959028720855713e-01
-8.928309082984924316e-01
-5.950831174850463867e-01
3.984414041042327881e-01
2.479070127010345459e-01
5.291042327880859375e-01
-9.335595369338989258e-01
-1.796004027128219604e-01
1.310642529278993607e-02
6.015363931655883789e-01
3.316335976123809814e-01
7.264333963394165039e-02
1.453083902597427368e-01
5.772269964218139648e-01
-4.972545504570007324e-01
-1.788069009780883789e-01
-3.935104012489318848e-01
-2.737294137477874756e-01
-3.743698000907897949e-01
5.622673407196998596e-02
7.388069033622741699e-01
4.233144521713256836e-01
6.422817707061767578e-02
-1.803101152181625366e-01
-3.831523358821868896e-01
-1.871205866336822510e-02
-3.336883485317230225e-01
4.413417577743530273e-01
1.283151805400848389e-01
8.677434176206588745e-02
1.699087619781494141e-01
7.830841094255447388e-02
-7.773919403553009033e-02
-1.572257652878761292e-02
-1.118362545967102051e-01
-1.578648388385772705e-01
-2.079804688692092896e-01
2.677406072616577148e-01
-9.999039769172668457e-01
-3.116853833198547363e-01
-4.383954703807830811e-01
-2.102800458669662476e-02
3.558574616909027100e-02
-4.046436250209808350e-01
2.018214613199234009e-01
-4.465226083993911743e-06
-4.869482517242431641e-01
1.510186791419982910e-01
-9.855125844478607178e-02
3.470454514026641846e-01
-5.108017325401306152e-01
-2.107157409191131592e-01
2.277825772762298584e-01
-1.119437068700790405e-01
6.676921248435974121e-02
4.533475041389465332e-01
5.786753296852111816e-01
2.571293115615844727e-01
-4.440603256225585938e-01
-3.217235580086708069e-02
-6.844736933708190918e-01
2.429334223270416260e-01
-3.784465193748474121e-01
-4.121220409870147705e-01
-6.385272145271301270e-01
-3.167972862720489502e-01
-4.023059010505676270e-01
2.826464176177978516e-01
-3.063884377479553223e-01
1.693627834320068359e-01
-1.671944111585617065e-01
3.173377811908721924e-01
3.087730146944522858e-02
-1.949660480022430420e-02
1.853162646293640137e-01
-2.274151742458343506e-01
3.369661867618560791e-01
-1.184594109654426575e-01
1.020929887890815735e-01
-1.027342230081558228e-01
-5.466495752334594727e-01
3.029753863811492920e-01
-5.886566042900085449e-01
-1.788440793752670288e-01
-4.962299466133117676e-01
5.200741887092590332e-01
-5.610560178756713867e-01
3.734258115291595459e-01
-3.728773593902587891e-01
5.305600762367248535e-01
3.537811636924743652e-01
3.387210667133331299e-01
1.574282348155975342e-01
-3.261458501219749451e-02
-1.312331199645996094e+00
-3.594727218151092529e-01
-1.003696680068969727e+00
-8.151434063911437988e-01
-9.132727980613708496e-01
2.391248494386672974e-01
7.751352339982986450e-02
3.002890348434448242e-01
4.640841782093048096e-01
4.747132658958435059e-01
1.125866532325744629e+00
5.422356128692626953e-01
5.645467638969421387e-01
-2.700788900256156921e-02
5.028665065765380859e-01
2.108735591173171997e-01
3.785951808094978333e-02
-4.009168148040771484e-01
-4.113200008869171143e-01
-5.561395883560180664e-01
-2.156430929899215698e-01
-1.788177341222763062e-01
-3.788306713104248047e-01
4.696526378393173218e-02
-2.802008576691150665e-02
-6.807639598846435547e-01
-4.117484688758850098e-01
2.176208049058914185e-01
-4.198657274246215820e-01
-7.612822651863098145e-01
-2.812530100345611572e-01
-2.254227995872497559e-01
-1.116583570837974548e-01
4.128144979476928711e-01
-1.050172746181488037e-01
8.911476731300354004e-01
2.610523998737335205e-01
4.763202071189880371e-01
-3.001589775085449219e-01
5.667904615402221680e-01
-5.748910903930664062e-01
-4.834297895431518555e-01
-5.207225084304809570e-01
4.081674814224243164e-01
3.472905755043029785e-01
-2.517649233341217041e-01
-1.690567880868911743e-01
-5.012453794479370117e-01
-2.674541771411895752e-01
-2.243859916925430298e-01
1.631418764591217041e-01
3.892516493797302246e-01
-3.390368223190307617e-01
-2.471842989325523376e-02
4.596604406833648682e-01
4.354099184274673462e-02
-4.904008209705352783e-01
-7.182440906763076782e-02
1.428333520889282227e-01
1.703168898820877075e-01
9.391763806343078613e-02
2.728420794010162354e-01
-6.349931359291076660e-01
1.157516166567802429e-01
2.256398200988769531e-01
-1.719631403684616089e-01
4.477917253971099854e-01
