7.189590334892272949e-01
3.136581182479858398e-01
4.177893400192260742e-01
6.048143506050109863e-01
6.551799774169921875e-01
5.156044960021972656e-01
8.979189395904541016e-01
9.021989107131958008e-01
8.770536184310913086e-01
3.519877195358276367e-01
3.385650217533111572e-01
-7.425994873046875000e-01
-9.928187131881713867e-01
-7.498540282249450684e-01
-4.286663234233856201e-01
-4.844927787780761719e-01
-9.869701266288757324e-01
-6.882520318031311035e-01
-2.499610930681228638e-01
1.081657484173774719e-01
3.198408186435699463e-01
-4.429227411746978760e-01
2.571204602718353271e-01
4.882298707962036133e-01
1.080409646034240723e+00
1.166230082511901855e+00
1.187607407569885254e+00
1.298979401588439941e+00
7.188596129417419434e-01
6.066704392433166504e-01
-5.756941437721252441e-01
-1.448649287223815918e+00
-1.072431683540344238e+00
-1.084063887596130371e+00
5.793675407767295837e-02
-8.074622601270675659e-02
-1.320913881063461304e-01
3.488423824310302734e-01
1.493810489773750305e-02
-8.378259954042732716e-04
-4.029197692871093750e-01
-8.070968985557556152e-01
-1.300945520401000977e+00
3.690113723278045654e-01
-6.476057171821594238e-01
1.723057217895984650e-02
-3.976700901985168457e-01
-2.193434834480285645e-01
9.420991688966751099e-02
4.157113432884216309e-01
1.904808729887008667e-01
7.027113437652587891e-01
7.149088978767395020e-01
4.223401844501495361e-01
4.839379787445068359e-01
3.020924925804138184e-01
6.194564700126647949e-01
-1.240919306874275208e-01
8.224233239889144897e-02
-2.000159025192260742e-02
7.107292413711547852e-01
8.711954355239868164e-01
5.723506212234497070e-01
-1.712229549884796143e-01
2.804005742073059082e-01
-1.543993473052978516e+00
2.083615362644195557e-01
4.025865793228149414e-01
3.366658687591552734e-01
2.978812456130981445e-01
1.901337057352066040e-01
1.950173228979110718e-01
-4.912757277488708496e-01
7.765555977821350098e-01
-1.287395238876342773e+00
-8.092267513275146484e-01
-1.066119551658630371e+00
-3.217850923538208008e-01
2.473855465650558472e-01
-8.275004625320434570e-01
-6.725459545850753784e-02
-3.045114576816558838e-01
-2.899115905165672302e-03
-1.189013719558715820e-01
8.274652957916259766e-01
4.614312946796417236e-01
4.461784362792968750e-01
6.049369573593139648e-01
7.393744587898254395e-01
2.596152126789093018e-01
3.858480155467987061e-01
-3.918981552124023438e-02
-6.838308274745941162e-02
-5.737608671188354492e-01
-8.512061834335327148e-01
2.392740398645401001e-01
9.972798079252243042e-02
5.100784897804260254e-01
6.189069151878356934e-02
7.209604978561401367e-01
2.156281769275665283e-01
1.514213830232620239e-01
-1.423285305500030518e-01
1.739416271448135376e-01
-9.043175727128982544e-02
5.503403395414352417e-02
1.865463852882385254e-01
3.558918088674545288e-02
8.011502027511596680e-02
-3.554214537143707275e-01
-4.494917392730712891e-01
3.329421579837799072e-02
-2.160809701308608055e-03
-7.160509377717971802e-02
-5.408831685781478882e-02
1.305127143859863281e-01
2.934199757874011993e-02
4.898300170898437500e-01
-2.965959608554840088e-01
3.278877139091491699e-01
2.766207046806812286e-02
4.147402942180633545e-01
3.751031309366226196e-02
8.302585482597351074e-01
5.222622752189636230e-01
5.196151137351989746e-01
1.893580425530672073e-03
4.943966865539550781e-01
-1.126654028892517090e+00
-1.258122563362121582e+00
-4.739318490028381348e-01
-1.630613684654235840e+00
3.320057392120361328e-01
-2.417839169502258301e-01
3.525799810886383057e-01
3.475929796695709229e-02
1.147683337330818176e-01
7.076989859342575073e-02
-1.620883792638778687e-01
-5.829378589987754822e-02
1.172535866498947144e-02
-5.446052923798561096e-02
5.243607163429260254e-01
1.463590860366821289e-01
2.560728490352630615e-01
-1.217941269278526306e-01
-2.739989459514617920e-01
5.682342648506164551e-01
4.619601070880889893e-01
7.797082662582397461e-01
8.317499756813049316e-01
2.971028685569763184e-01
2.389408200979232788e-01
-1.302158236503601074e-01
-1.443924605846405029e-01
-6.146071851253509521e-02
-2.537903785705566406e-01
-1.033695065416395664e-03
-7.104034721851348877e-02
-1.805405914783477783e-01
8.203668892383575439e-02
5.897542238235473633e-01
3.736534416675567627e-01
4.486737847328186035e-01
3.569491505622863770e-01
-3.926147520542144775e-01
-7.546707987785339355e-01
-1.397293359041213989e-01
-3.709531128406524658e-01
-6.661660224199295044e-02
-2.690123915672302246e-01
3.498889803886413574e-01
-1.674574017524719238e-01
4.432789981365203857e-01
-2.830913849174976349e-02
4.656371772289276123e-01
3.173930346965789795e-01
7.646168470382690430e-01
-3.783383667469024658e-01
3.093590438365936279e-01
-6.374127268791198730e-01
-5.567322373390197754e-01
4.498968645930290222e-02
1.544189080595970154e-02
8.791223913431167603e-02
-1.291562020778656006e-01
9.144297838211059570e-01
1.453050523996353149e-01
2.409714013338088989e-01
1.210206001996994019e-01
2.994319200515747070e-01
-6.911444067955017090e-01
4.283211529254913330e-01
-1.680285930633544922e-01
2.876924574375152588e-01
2.072280347347259521e-01
1.960269063711166382e-01
-1.797937452793121338e-01
-4.144950807094573975e-01
2.896970883011817932e-02
-5.653838515281677246e-01
1.811950504779815674e-01
6.634904146194458008e-01
1.733580231666564941e-01
6.008300781250000000e-01
7.860032320022583008e-01
8.835866451263427734e-01
7.553948163986206055e-01
2.633523643016815186e-01
-2.469960302114486694e-01
-7.829905748367309570e-01
-8.547340035438537598e-01
-3.066944181919097900e-01
3.567086160182952881e-01
3.279673755168914795e-01
5.373389720916748047e-01
5.425400137901306152e-01
-7.448457181453704834e-02
-1.900852620601654053e-01
3.123818933963775635e-01
5.288568735122680664e-01
-7.222964763641357422e-01
-9.196095466613769531e-01
-8.425807952880859375e-01
-1.206158921122550964e-01
4.320976436138153076e-01
9.346669912338256836e-02
-4.395748302340507507e-02
5.315788984298706055e-01
-1.571144104003906250e+00
-1.238507390022277832e+00
-1.468301057815551758e+00
2.033546715974807739e-01
3.221140801906585693e-01
4.067806303501129150e-01
6.581143736839294434e-01
1.041958212852478027e+00
9.205945134162902832e-01
1.331807494163513184e+00
1.382670760154724121e+00
9.823771119117736816e-01
8.032023906707763672e-01
4.822606146335601807e-01
3.327400386333465576e-01
-1.752601414918899536e-01
-1.263614296913146973e-01
-3.505507707595825195e-01
1.672074496746063232e-01
-8.463575839996337891e-01
1.066345274448394775e-01
-1.286853432655334473e+00
2.316067367792129517e-01
-5.012165755033493042e-02
-5.566500425338745117e-01
-3.848934173583984375e-02
-5.011255741119384766e-01
2.819703817367553711e-01
-8.924348950386047363e-01
-7.539765238761901855e-01
-6.557863354682922363e-01
4.488455597311258316e-04
-1.332295387983322144e-01
-9.732694923877716064e-02
-1.796745210886001587e-01
-1.472254544496536255e-01
-1.422193050384521484e-01
4.476055875420570374e-02
-4.346349239349365234e-01
5.229158997535705566e-01
1.437638252973556519e-01
3.501393198966979980e-01
6.621656417846679688e-01
1.037601232528686523e+00
7.806020975112915039e-01
7.354611754417419434e-01
5.867278575897216797e-01
-4.532578215003013611e-02
5.023943185806274414e-01
5.036407113075256348e-01
3.566084802150726318e-01
-5.417314916849136353e-02
-4.222900569438934326e-01
-5.202605128288269043e-01
-7.964438945055007935e-02
-2.375310659408569336e-01
1.291949748992919922e-01
3.216087520122528076e-01
7.110986113548278809e-02
1.902288049459457397e-01
2.012516409158706665e-01
7.791361212730407715e-02
-2.736031711101531982e-01
-9.030717015266418457e-01
-9.837303161621093750e-01
-8.339456319808959961e-01
-8.314449787139892578e-01
2.142508924007415771e-01
-2.127240002155303955e-01
8.409754037857055664e-01
4.716352820396423340e-01
3.049094676971435547e-01
2.054960876703262329e-01
1.465570032596588135e-01
-3.168425336480140686e-02
-4.848600178956985474e-02
3.136448562145233154e-02
3.198085427284240723e-01
1.875564604997634888e-01
-1.989997476339340210e-01
-4.839763045310974121e-01
-1.113842949271202087e-01
-3.863588720560073853e-02
-5.971764028072357178e-02
-2.086544334888458252e-01
1.560616027563810349e-02
-1.700547933578491211e-01
-1.138977408409118652e-01
-2.432528585195541382e-01
-5.406133830547332764e-02
1.652697622776031494e-01
-3.141995370388031006e-01
2.229343801736831665e-01
-4.197990298271179199e-01
1.836858689785003662e-01
-3.123973906040191650e-01
4.012106359004974365e-01
7.466229051351547241e-02
2.195487618446350098e-01
4.215485453605651855e-01
5.443523526191711426e-01
2.737869024276733398e-01
-1.083507901057600975e-03
-1.278924793004989624e-01
3.909382596611976624e-02
2.513446211814880371e-01
6.131475567817687988e-01
-1.072898581624031067e-01
-1.640211790800094604e-02
-6.495407819747924805e-01
-5.148627758026123047e-01
-5.190382599830627441e-01
-2.239477485418319702e-01
-7.111873477697372437e-02
4.497891962528228760e-01
-2.066518366336822510e-01
1.446306146681308746e-02
-6.032084580510854721e-03
-4.192754924297332764e-01
-5.402557179331779480e-02
-5.008003860712051392e-02
2.876200887840241194e-04
-1.766726821660995483e-01
2.511724457144737244e-02
-7.681642472743988037e-02
8.275850559584796429e-04
-1.012371852993965149e-01
5.147120356559753418e-01
9.048222750425338745e-02
3.005322515964508057e-01
1.552345007658004761e-01
2.582218647003173828e-01
-6.568969786167144775e-02
3.006017766892910004e-02
-2.173210494220256805e-02
-1.894659996032714844e-01
-1.852820366621017456e-01
1.329104155302047729e-01
-2.395278066396713257e-01
-1.425438821315765381e-01
2.784035727381706238e-02
8.604372739791870117e-01
8.601488471031188965e-01
4.339066743850708008e-01
4.475313723087310791e-01
3.796166777610778809e-01
4.410813152790069580e-01
8.122956752777099609e-01
2.953849136829376221e-01
1.526980698108673096e-01
-5.578129887580871582e-01
-6.785257458686828613e-01
-1.675257325172424316e+00
-1.556388884782791138e-01
-9.061150252819061279e-02
-2.067677825689315796e-01
8.845695853233337402e-02
1.003104373812675476e-01
-1.255491673946380615e-01
4.092080593109130859e-01
6.017642617225646973e-01
7.585222721099853516e-01
2.802965603768825531e-02
2.806290984153747559e-01
-1.734217703342437744e-01
3.362469375133514404e-02
3.941837549209594727e-01
2.527803555130958557e-02
4.821261465549468994e-01
4.979026019573211670e-01
-6.022365763783454895e-02
-2.651340663433074951e-01
1.397454142570495605e-01
-6.885994225740432739e-02
-1.712922602891921997e-01
-3.598912954330444336e-01
-5.377484560012817383e-01
3.342782258987426758e-01
-5.017058178782463074e-02
-9.184011071920394897e-02
-3.155241012573242188e-01
-9.145832061767578125e-02
-9.737553447484970093e-02
-4.273895025253295898e-01
2.211241275072097778e-01
-4.901604950428009033e-01
6.175944209098815918e-01
6.086475849151611328e-01
4.312435388565063477e-01
6.742533445358276367e-01
4.339798986911773682e-01
-7.784166336059570312e-01
-7.660988718271255493e-02
-3.329151272773742676e-01
-2.048405855894088745e-01
4.223873019218444824e-01
-4.618189856410026550e-02
-1.247105076909065247e-01
7.407703995704650879e-01
-1.051048636436462402e+00
4.178099632263183594e-01
-6.635985374450683594e-01
-6.821426749229431152e-01
-3.404077291488647461e-01
-1.595348715782165527e-01
-1.255690678954124451e-02
2.908645570278167725e-01
-5.214023590087890625e-02
-4.537771642208099365e-02
4.454297944903373718e-02
-4.821038246154785156e-01
4.124056696891784668e-01
1.651188284158706665e-01
4.271603822708129883e-01
2.394341677427291870e-01
5.986682176589965820e-01
1.046532511711120605e+00
1.054036021232604980e+00
8.448520302772521973e-01
6.232302188873291016e-01
1.810626685619354248e-01
-1.969095915555953979e-01
-2.904765307903289795e-01
4.014400020241737366e-02
-3.042876720428466797e-01
-2.841554284095764160e-01
2.832490503787994385e-01
6.442580372095108032e-02
4.651391133666038513e-02
-3.264799118041992188e-01
1.389936208724975586e-01
-5.376066640019416809e-02
-1.899489164352416992e-01
-9.152258746325969696e-03
-6.643154472112655640e-02
1.663906723260879517e-01
-4.810440242290496826e-01
-4.307335317134857178e-01
-8.174483776092529297e-01
3.077277839183807373e-01
-4.091148376464843750e-01
-5.564631223678588867e-01
6.950227022171020508e-01
3.027881383895874023e-01
6.177211403846740723e-01
8.353536128997802734e-01
-1.709091961383819580e-01
-9.489495307207107544e-02
-3.153533041477203369e-01
3.601179718971252441e-01
6.829727292060852051e-01
7.490302324295043945e-01
4.241138100624084473e-01
4.127116873860359192e-02
-1.936708539724349976e-01
1.259829998016357422e-01
-4.507375061511993408e-01
3.660228252410888672e-01
-1.074804663658142090e-01
1.335926055908203125e-01
-8.418326824903488159e-02
1.640794575214385986e-01
4.040422290563583374e-02
-1.780465096235275269e-01
-3.803244829177856445e-01
-1.702965945005416870e-01
-3.985583782196044922e-01
-3.084367513656616211e-01
-8.157869577407836914e-01
1.802471280097961426e-01
-1.280125379562377930e+00
-3.878846764564514160e-01
9.595896601676940918e-01
4.102843403816223145e-01
9.127454757690429688e-01
8.385051488876342773e-01
6.835793256759643555e-01
1.036879539489746094e+00
1.123331904411315918e+00
8.496805429458618164e-01
-1.354399323463439941e-01
-2.442578524351119995e-01
7.839865982532501221e-02
-3.551460802555084229e-01
