4.152687191963195801e-01
-8.933468908071517944e-02
-1.370597630739212036e-02
2.233419716358184814e-01
2.379694432020187378e-01
8.520262315869331360e-03
-2.261832170188426971e-02
-2.710273563861846924e-01
-1.218387484550476074e-01
-4.557653367519378662e-01
-1.223977655172348022e-01
-2.049292027950286865e-01
2.545128166675567627e-01
3.177665919065475464e-02
1.797108650207519531e-01
5.242512226104736328e-01
2.851650714874267578e-01
5.707558989524841309e-01
3.999051451683044434e-01
7.673741132020950317e-02
2.007874995470046997e-01
-1.066580712795257568e-01
2.432833313941955566e-01
-2.703376412391662598e-01
-3.404638171195983887e-01
-5.843108296394348145e-01
-8.654703497886657715e-01
-8.593042492866516113e-01
-3.518296182155609131e-01
-4.020741283893585205e-01
4.227914512157440186e-01
-4.102332144975662231e-02
8.764822483062744141e-01
9.350523352622985840e-02
3.424436450004577637e-01
6.728768944740295410e-01
2.941144257783889771e-02
4.419447183609008789e-01
-2.337908893823623657e-01
3.205702602863311768e-01
4.054054021835327148e-01
-7.237775623798370361e-02
-3.238524794578552246e-01
4.544775485992431641e-01
-4.780374765396118164e-01
-4.265532195568084717e-01
2.701850049197673798e-02
2.004175931215286255e-01
3.318897783756256104e-01
-2.843232154846191406e-01
2.087235897779464722e-01
-3.494971245527267456e-02
5.163444280624389648e-01
-4.544328153133392334e-01
-5.407394841313362122e-02
-2.055216431617736816e-01
-8.844747394323348999e-02
-6.636993885040283203e-01
-3.045473694801330566e-01
-4.938181042671203613e-01
1.138878799974918365e-02
-4.892553687095642090e-01
2.849164605140686035e-01
-1.069671660661697388e-01
2.100224345922470093e-01
-2.155191749334335327e-01
8.575286269187927246e-01
9.208582043647766113e-01
1.068581819534301758e+00
4.833012521266937256e-01
6.688115000724792480e-01
1.424309611320495605e-01
-1.507153809070587158e-01
5.932644754648208618e-02
1.005897894501686096e-01
-4.747946560382843018e-01
-2.220210582017898560e-01
-1.157101750373840332e+00
-7.116355895996093750e-01
-2.652142643928527832e-01
-2.805348299443721771e-02
1.152412667870521545e-01
-1.831589192152023315e-01
-5.640254616737365723e-01
4.121083021163940430e-02
3.430376946926116943e-01
3.676262497901916504e-01
9.599423408508300781e-01
1.540486663579940796e-01
4.897545874118804932e-01
3.023519217967987061e-01
6.391420960426330566e-01
-5.432761311531066895e-01
-2.113403677940368652e-01
-3.949079513549804688e-01
-3.987950086593627930e-01
-2.971565127372741699e-01
-2.197845280170440674e-01
-2.768826484680175781e-01
-2.471243292093276978e-01
3.380712270736694336e-01
-9.348790161311626434e-03
-6.285121440887451172e-01
5.288340449333190918e-01
1.718509346246719360e-01
6.993516683578491211e-01
3.899746239185333252e-01
-2.025843411684036255e-02
-1.803132891654968262e-01
-2.038344591856002808e-01
1.488286852836608887e-01
1.265348941087722778e-01
2.906189560890197754e-01
2.173368930816650391e-01
-7.851454615592956543e-02
-5.467279553413391113e-01
3.382998332381248474e-02
3.187957406044006348e-01
-1.649601161479949951e-01
2.135374210774898529e-02
-1.638628356158733368e-02
-9.889374673366546631e-02
-6.108556985855102539e-01
-8.009234666824340820e-01
-1.975307017564773560e-01
-1.142378225922584534e-01
6.585616618394851685e-02
3.249632120132446289e-01
-3.337569534778594971e-01
7.005662471055984497e-02
4.717786610126495361e-01
3.466554284095764160e-01
2.796940803527832031e-01
-1.162669137120246887e-01
6.157037019729614258e-01
1.715151518583297729e-01
-5.050767064094543457e-01
2.056842148303985596e-01
-5.755488872528076172e-01
-1.698611974716186523e-01
4.847680777311325073e-02
4.691256880760192871e-01
9.361329078674316406e-01
3.762985467910766602e-01
7.710815072059631348e-01
3.829169869422912598e-01
-1.303337663412094116e-01
-2.911952733993530273e-01
-4.764081537723541260e-01
-8.109995126724243164e-01
-2.099708020687103271e-01
-8.191930055618286133e-01
2.088094204664230347e-01
-9.404197931289672852e-01
1.087334081530570984e-01
-3.434170186519622803e-01
-5.255544558167457581e-02
5.088029503822326660e-01
4.387224912643432617e-01
7.120468020439147949e-01
6.859191656112670898e-01
1.151933312416076660e+00
3.190941512584686279e-01
-1.454840227961540222e-02
-8.172237128019332886e-02
-1.964628100395202637e-01
-6.124777197837829590e-01
-3.056584596633911133e-01
-7.537658810615539551e-01
-3.674853444099426270e-01
-3.635797798633575439e-01
-5.399547889828681946e-02
-4.078637361526489258e-01
-1.327049285173416138e-01
-5.237261652946472168e-01
-4.955201596021652222e-02
-1.625517159700393677e-01
5.879607200622558594e-01
3.525283634662628174e-01
5.820928812026977539e-01
9.531803727149963379e-01
-4.879113137722015381e-01
1.238621249794960022e-01
-3.865258395671844482e-01
8.732745051383972168e-01
1.549597177654504776e-02
7.125317454338073730e-01
4.331309497356414795e-01
-2.376164644956588745e-01
1.138906478881835938e-01
-8.396183252334594727e-01
-1.421693526208400726e-02
-1.762973144650459290e-02
-1.485151499509811401e-01
-1.320998221635818481e-01
-3.003853559494018555e-02
-1.537065207958221436e-02
-4.127859473228454590e-01
-5.524274110794067383e-01
4.365016520023345947e-02
-3.778608441352844238e-01
1.566734462976455688e-01
5.999450683593750000e-01
-6.297145783901214600e-02
4.863587021827697754e-01
-1.830703169107437134e-01
-4.889482557773590088e-01
-1.474749445915222168e-01
-3.667998313903808594e-02
5.123761892318725586e-01
3.831039071083068848e-01
7.630242109298706055e-01
3.003737628459930420e-01
1.957113593816757202e-01
-2.105982303619384766e-01
-1.477376222610473633e-01
-1.239565759897232056e-02
4.245438054203987122e-02
-2.973451614379882812e-01
2.503797411918640137e-01
-3.928095400333404541e-01
-2.223639041185379028e-01
-2.363853305578231812e-01
-2.539319097995758057e-01
3.807377517223358154e-01
-4.230595529079437256e-01
-2.902374267578125000e-01
8.525305241346359253e-02
-1.850477233529090881e-02
5.783696770668029785e-01
-2.052597999572753906e-01
3.151938319206237793e-01
7.794585824012756348e-01
2.747561335563659668e-01
1.064561963081359863e+00
4.473108351230621338e-01
3.473949432373046875e-01
-6.562165021896362305e-01
1.952443122863769531e-01
-1.066776394844055176e+00
4.691694676876068115e-02
-9.830871224403381348e-01
-1.979394704103469849e-01
-2.633975148200988770e-01
-2.386374026536941528e-01
-1.483439505100250244e-01
5.889032483100891113e-01
4.926633238792419434e-01
3.911100924015045166e-01
8.593710064888000488e-01
-1.934529840946197510e-01
4.488541483879089355e-01
1.720914840698242188e-01
2.801694571971893311e-01
3.598638176918029785e-01
4.184829294681549072e-01
5.825183391571044922e-01
-3.859311938285827637e-01
-1.891785860061645508e-01
-9.944852590560913086e-01
-4.966488182544708252e-01
5.144197344779968262e-01
-6.738226115703582764e-02
2.495392113924026489e-01
3.947378396987915039e-01
1.153636872768402100e-01
5.969012975692749023e-01
-1.783309429883956909e-01
-1.024411767721176147e-01
1.428347527980804443e-01
6.781424395740032196e-03
-7.528889179229736328e-01
2.695591188967227936e-03
-2.884134352207183838e-01
-2.434095293283462524e-01
1.996265053749084473e-01
-2.529382705688476562e-01
-5.996318534016609192e-02
-9.725002944469451904e-02
1.988986283540725708e-01
2.873027622699737549e-01
2.391689121723175049e-01
2.254507504403591156e-02
2.196842581033706665e-01
-4.166134074330329895e-02
1.840513050556182861e-01
6.036108732223510742e-02
-2.302668243646621704e-01
1.101210247725248337e-02
8.654177933931350708e-02
2.408196330070495605e-01
6.872956454753875732e-02
4.275022745132446289e-01
1.544409990310668945e-01
-8.648376166820526123e-02
-4.836001992225646973e-01
3.073567748069763184e-01
-8.911492675542831421e-02
-3.190223872661590576e-01
1.287170648574829102e-01
-1.417759805917739868e-01
-1.788294166326522827e-01
-8.037462830543518066e-02
-1.828958094120025635e-02
-3.345327675342559814e-01
1.439657956361770630e-01
1.542129069566726685e-01
4.877073764801025391e-01
-6.392613053321838379e-02
1.434572339057922363e-01
-2.707397937774658203e-01
-2.153274267911911011e-01
-2.403284758329391479e-01
1.494638174772262573e-01
4.064563214778900146e-01
3.964283168315887451e-01
4.374653100967407227e-01
3.550117015838623047e-01
2.319108247756958008e-01
4.596543312072753906e-01
-1.102073192596435547e+00
1.024949789047241211e+00
-5.754337310791015625e-01
9.183457493782043457e-01
-5.510926246643066406e-01
5.735390186309814453e-01
-2.070991545915603638e-01
1.482523381710052490e-01
3.896799385547637939e-01
-8.628857880830764771e-02
8.548109233379364014e-02
-3.709278702735900879e-01
-3.625532686710357666e-01
-3.275302946567535400e-01
-2.822320759296417236e-01
8.418563753366470337e-02
-2.180337756872177124e-01
2.719219326972961426e-01
-7.440244406461715698e-02
6.779506802558898926e-01
3.354772925376892090e-03
2.160792499780654907e-01
2.232137918472290039e-01
1.569985896348953247e-01
-3.218465447425842285e-01
3.627546429634094238e-01
-4.138453900814056396e-01
4.662638008594512939e-01
-8.448579907417297363e-01
6.931703686714172363e-01
8.627697825431823730e-02
-3.212771713733673096e-01
4.626553952693939209e-01
2.421269714832305908e-01
5.531930923461914062e-01
-1.813975423574447632e-01
1.379591375589370728e-01
2.666637487709522247e-02
9.478440135717391968e-02
-3.877595067024230957e-01
-4.163768589496612549e-01
-2.604742050170898438e-01
-1.281948089599609375e-01
-5.521607398986816406e-02
-1.569291502237319946e-01
-5.516697168350219727e-01
1.528445333242416382e-01
-3.624171614646911621e-01
1.472454071044921875e-01
1.587536185979843140e-01
1.402319688349962234e-02
7.329125702381134033e-02
1.297119110822677612e-01
6.112580895423889160e-01
5.140967369079589844e-01
6.550505291670560837e-03
1.634214520454406738e-01
-1.407592184841632843e-02
-2.442430704832077026e-02
-3.755006790161132812e-01
-4.508081078529357910e-01
-6.286496520042419434e-01
-4.791433513164520264e-01
-2.935588657855987549e-01
-6.289984285831451416e-02
-4.291628673672676086e-02
2.690783143043518066e-01
-2.737598121166229248e-01
1.515284478664398193e-01
-3.039447590708732605e-02
2.642501890659332275e-01
5.247530937194824219e-01
1.380985260009765625e+00
3.507159650325775146e-01
2.501288056373596191e-01
-2.195520848035812378e-01
1.446460038423538208e-01
-4.931752383708953857e-01
-9.362360835075378418e-02
-3.717533946037292480e-01
-2.249527424573898315e-01
-4.794279485940933228e-02
3.570892810821533203e-01
1.441194862127304077e-01
1.413878500461578369e-01
-2.278660833835601807e-01
-5.234891176223754883e-02
-3.492583036422729492e-01
3.182186186313629150e-01
1.056622564792633057e-01
5.016107559204101562e-01
2.347133606672286987e-01
3.125854134559631348e-01
-1.766207069158554077e-01
-4.935607314109802246e-02
6.158843040466308594e-01
3.662008643150329590e-01
6.004993915557861328e-01
-1.273885071277618408e-01
-3.750245571136474609e-01
-1.348411887884140015e-01
-5.285984873771667480e-01
5.256175063550472260e-03
-5.586717128753662109e-01
1.027161836624145508e+00
-7.228648662567138672e-02
1.279315829277038574e+00
7.893956303596496582e-01
-7.672632336616516113e-01
-4.459305405616760254e-01
3.150483220815658569e-02
-1.449299335479736328e+00
-1.747916489839553833e-01
-6.974332928657531738e-01
-4.951174259185791016e-01
1.666128784418106079e-01
-1.573976874351501465e-01
-2.385126054286956787e-01
4.430293440818786621e-01
3.202806711196899414e-01
5.154584646224975586e-01
5.686343312263488770e-01
-2.957645356655120850e-01
2.908709347248077393e-01
-3.915995061397552490e-01
2.633234858512878418e-01
2.075365781784057617e-01
3.128225803375244141e-01
3.126624226570129395e-01
4.615968167781829834e-01
5.791853740811347961e-02
-2.250291556119918823e-01
2.645735740661621094e-01
2.545899152755737305e-01
2.594512654468417168e-03
-2.349346578121185303e-01
-2.871887087821960449e-01
-1.910057216882705688e-01
-2.613016366958618164e-01
5.549550428986549377e-02
-3.924002870917320251e-02
-7.400268316268920898e-02
-1.878125965595245361e-01
1.204654760658740997e-02
-2.483995705842971802e-01
-2.794190943241119385e-01
3.932346701622009277e-01
-2.681223116815090179e-02
4.086357951164245605e-01
-1.382434368133544922e-01
1.904478073120117188e-01
5.254502296447753906e-01
2.525330781936645508e-01
-4.417207837104797363e-01
4.951988160610198975e-02
-1.112561896443367004e-01
2.254714071750640869e-01
-3.610728681087493896e-01
-8.636333048343658447e-02
2.114565670490264893e-02
1.704324781894683838e-01
2.426419556140899658e-01
3.772020936012268066e-01
3.868835270404815674e-01
4.298564195632934570e-01
9.569505602121353149e-02
1.480377316474914551e-01
-6.079811230301856995e-02
2.718601189553737640e-02
-2.382995337247848511e-01
-2.874303162097930908e-01
6.136563420295715332e-01
2.128089666366577148e-01
1.015388444066047668e-01
-5.578213334083557129e-01
-2.918177843093872070e-01
-1.697717607021331787e-01
-5.444557070732116699e-01
1.713641881942749023e-01
6.242802739143371582e-02
-5.641008019447326660e-01
1.579102277755737305e-01
-1.547177731990814209e-01
2.925683557987213135e-01
9.096378087997436523e-01
-4.160383939743041992e-01
-1.715395003557205200e-01
5.739986896514892578e-02
2.293195426464080811e-01
1.658759415149688721e-01
-3.589915484189987183e-02
-2.589957788586616516e-02
-1.534290462732315063e-01
