-7.971731424331665039e-01
4.171654284000396729e-01
-2.200962454080581665e-01
-5.347096323966979980e-01
-5.589696392416954041e-02
1.314384788274765015e-01
-6.020392179489135742e-01
-6.949264407157897949e-01
-1.917303949594497681e-01
8.486168384552001953e-01
3.449419438838958740e-01
3.927470743656158447e-01
3.332659900188446045e-01
9.602329879999160767e-02
2.583913803100585938e-01
1.037874519824981689e-01
-2.498984932899475098e-01
3.958167135715484619e-02
1.438160777091979980e+00
1.138813614845275879e+00
6.509807109832763672e-01
6.021496653556823730e-01
-1.303898692131042480e-01
-6.711146980524063110e-02
-3.151007294654846191e-01
-2.004692517220973969e-02
-3.730831146240234375e-01
-7.321352958679199219e-01
-1.132508158683776855e+00
-2.260193973779678345e-01
-3.254552781581878662e-01
2.048380076885223389e-01
-2.074227929115295410e-01
1.167051553726196289e+00
1.264784187078475952e-01
9.048504829406738281e-01
-2.289319485425949097e-01
2.034646272659301758e-01
2.964798212051391602e-01
1.520575433969497681e-01
1.442055553197860718e-01
-1.480264514684677124e-01
-3.437439501285552979e-01
2.285544425249099731e-01
-6.786925792694091797e-01
-3.730620741844177246e-01
1.196779847145080566e+00
7.808876037597656250e-01
6.380235552787780762e-01
7.599931359291076660e-01
3.101672530174255371e-01
-2.122913300991058350e-02
-4.598757326602935791e-01
-2.194028943777084351e-01
8.902040719985961914e-01
3.952200710773468018e-01
-2.247112393379211426e-01
6.903061866760253906e-01
-1.046363487839698792e-01
-1.540736407041549683e-01
-1.766319423913955688e-01
-8.202382326126098633e-01
-5.941465497016906738e-01
4.983806610107421875e-02
-5.535033345222473145e-01
1.620136760175228119e-02
-4.043346270918846130e-02
1.523989289999008179e-01
2.147204279899597168e-01
4.001605808734893799e-01
-1.310816854238510132e-01
6.188625097274780273e-01
-3.708958923816680908e-01
-6.322463750839233398e-01
9.398220181465148926e-01
-2.578446567058563232e-01
1.243005469441413879e-01
6.888213157653808594e-01
8.409076184034347534e-02
1.714842915534973145e-01
4.726833999156951904e-01
2.905182242393493652e-01
7.652226686477661133e-01
1.207656562328338623e-01
-4.238819181919097900e-01
8.857744336128234863e-01
1.490539405494928360e-02
-4.504470154643058777e-02
-2.319029346108436584e-02
2.106182426214218140e-01
4.941550642251968384e-02
5.605626478791236877e-02
3.785637021064758301e-02
-1.709634810686111450e-01
2.207651138305664062e-01
-5.067742466926574707e-01
-9.698167443275451660e-02
-5.933296307921409607e-02
-3.862566947937011719e-01
-5.461807847023010254e-01
2.141416221857070923e-01
1.469330549240112305e+00
5.210880637168884277e-01
7.593005150556564331e-02
1.156841278076171875e+00
3.200913667678833008e-01
-3.386606872081756592e-01
6.470384448766708374e-02
9.539403766393661499e-02
3.705875873565673828e-01
2.028333097696304321e-01
-1.562803983688354492e-01
4.317368566989898682e-02
-4.846574366092681885e-02
-6.255490183830261230e-01
-8.064897656440734863e-01
-3.102128803730010986e-01
-3.552573323249816895e-01
-4.431309401988983154e-01
-1.431938409805297852e-01
2.491783350706100464e-02
8.208935707807540894e-02
2.887869477272033691e-01
-2.213633507490158081e-01
-1.387301534414291382e-01
1.029279947280883789e+00
-1.004829108715057373e-01
4.911729693412780762e-01
6.997431516647338867e-01
5.911543965339660645e-01
6.181928515434265137e-01
4.039832353591918945e-01
3.721346259117126465e-01
2.590485215187072754e-01
-4.502148032188415527e-01
4.346295297145843506e-01
1.744896620512008667e-01
-1.614202409982681274e-01
1.137719005346298218e-01
1.311523765325546265e-01
3.733903169631958008e-01
1.375895552337169647e-02
5.461764056235551834e-03
-5.575217008590698242e-01
-3.767953217029571533e-01
-3.030765056610107422e-02
-8.866842389106750488e-01
-4.728377461433410645e-01
3.276013731956481934e-01
7.488677501678466797e-01
1.058105006814002991e-01
7.146046161651611328e-01
5.845663323998451233e-02
3.089829981327056885e-01
-3.903816640377044678e-01
-1.376165747642517090e-01
-3.811173886060714722e-02
-1.574781090021133423e-01
-4.739023149013519287e-01
-1.592067778110504150e-01
2.992185056209564209e-01
5.066413879394531250e-01
5.765970945358276367e-01
3.248595595359802246e-01
-3.879656791687011719e-01
-1.301396638154983521e-01
1.416176795959472656e+00
3.380823731422424316e-01
4.190394282341003418e-01
-4.330401122570037842e-02
-5.956832319498062134e-04
-8.272506296634674072e-02
-4.483503997325897217e-01
-4.071050584316253662e-01
5.836474522948265076e-02
-4.326322078704833984e-01
-1.000248044729232788e-01
3.447497263550758362e-02
3.300782144069671631e-01
4.314688444137573242e-01
2.938302159309387207e-01
-1.493756920099258423e-01
-1.649368405342102051e-01
4.227321147918701172e-01
-6.758826971054077148e-02
-2.314594089984893799e-01
-3.202630281448364258e-01
5.116284489631652832e-01
1.173351705074310303e-01
-5.960541963577270508e-01
1.016077846288681030e-01
-1.669960319995880127e-01
-5.266138911247253418e-01
3.562864661216735840e-01
-3.781058639287948608e-02
1.398783475160598755e-01
1.312791556119918823e-01
1.150477752089500427e-01
5.919692292809486389e-02
1.253965776413679123e-02
2.164807766675949097e-01
1.363977789878845215e-01
7.166513204574584961e-01
1.560058593750000000e-01
2.619303464889526367e-01
-5.743996053934097290e-02
-3.030226528644561768e-01
-7.473456859588623047e-02
-2.221716940402984619e-01
-4.052782356739044189e-01
9.491729736328125000e-01
5.492848157882690430e-01
5.685808658599853516e-01
-1.715225279331207275e-01
2.032609730958938599e-01
5.828317403793334961e-01
2.546359896659851074e-01
2.535326778888702393e-01
5.241100192070007324e-01
-5.139785408973693848e-01
-1.761629581451416016e-01
-4.943758845329284668e-01
-1.017742455005645752e-01
-6.162595748901367188e-01
-2.777880728244781494e-01
-4.143002927303314209e-01
-1.671014130115509033e-01
-2.463864088058471680e-01
3.804407715797424316e-01
3.551661074161529541e-01
-3.207987174391746521e-02
-3.493329510092735291e-02
2.204331010580062866e-01
3.008933663368225098e-01
9.556118845939636230e-01
3.904818892478942871e-01
5.916187763214111328e-01
3.073076307773590088e-01
-1.329842209815979004e-01
-1.631209850311279297e-01
-3.298529610037803650e-02
3.065836727619171143e-01
-6.441994905471801758e-01
2.398222237825393677e-01
-1.702123135328292847e-01
5.635384842753410339e-02
-3.527805507183074951e-01
6.901168823242187500e-02
1.546259671449661255e-01
2.615087330341339111e-01
5.210064053535461426e-01
-1.515133827924728394e-01
1.258634805679321289e+00
1.498841047286987305e+00
1.409311413764953613e+00
8.133189082145690918e-01
3.225539922714233398e-01
6.068796291947364807e-02
-3.081632852554321289e-01
-3.410580456256866455e-01
-6.699038743972778320e-01
-6.845875978469848633e-01
-1.355476975440979004e-01
1.532472372055053711e-01
-3.359056115150451660e-01
2.049560099840164185e-01
2.837570756673812866e-02
-1.051921620965003967e-01
8.626718819141387939e-02
-3.277751207351684570e-01
1.804561465978622437e-01
8.851342797279357910e-01
-1.383361220359802246e-01
1.046298667788505554e-01
3.238210678100585938e-01
3.846482932567596436e-01
2.302547246217727661e-01
4.498440325260162354e-01
2.610951364040374756e-01
-8.088126778602600098e-02
-2.113471627235412598e-01
2.519972026348114014e-01
2.515478245913982391e-02
1.057550311088562012e-02
-1.786087006330490112e-01
1.344242244958877563e-01
-5.931655764579772949e-01
1.254685819149017334e-01
1.698735654354095459e-01
2.051452994346618652e-01
2.306177765130996704e-01
1.857471317052841187e-01
8.421980589628219604e-02
2.258215099573135376e-01
6.369401514530181885e-02
1.996314972639083862e-01
-5.401955842971801758e-01
2.194811701774597168e-01
-3.248579800128936768e-01
-7.020978927612304688e-01
-2.052897661924362183e-01
-2.360953837633132935e-01
8.910413384437561035e-01
3.926569521427154541e-01
1.988060474395751953e-01
1.528348773717880249e-01
3.904515206813812256e-01
-3.885765969753265381e-01
9.480967521667480469e-01
-9.567690491676330566e-01
7.386100292205810547e-01
9.105314612388610840e-01
9.437912702560424805e-01
1.073518037796020508e+00
4.787005484104156494e-01
1.716943979263305664e-01
-1.907389461994171143e-01
-2.551693320274353027e-01
-4.511306583881378174e-01
7.226672768592834473e-01
-3.710327446460723877e-01
-2.344025671482086182e-01
4.715484678745269775e-01
-4.590459167957305908e-01
5.381492972373962402e-01
2.006305903196334839e-01
2.626376450061798096e-01
-5.322053283452987671e-02
-6.571272015571594238e-01
-3.830704987049102783e-01
-1.773020774126052856e-01
3.202489390969276428e-02
-1.741998195648193359e-01
5.115615949034690857e-02
-3.939137160778045654e-01
2.275700867176055908e-01
9.253287315368652344e-01
3.535178303718566895e-01
3.966175913810729980e-01
3.989458382129669189e-01
-3.027536906301975250e-02
3.042441010475158691e-01
4.501013755798339844e-01
-4.158812761306762695e-01
3.988394979387521744e-03
-1.019008308649063110e-01
3.322701435536146164e-03
-1.123791709542274475e-01
-1.970249563455581665e-01
2.902552783489227295e-01
1.135393619537353516e+00
-6.547614932060241699e-02
1.899745762348175049e-01
4.398933053016662598e-01
-2.472688853740692139e-01
2.143948972225189209e-01
-2.785322070121765137e-01
5.153316259384155273e-02
2.847715467214584351e-02
1.173257827758789062e-01
-7.180511951446533203e-01
-5.578690767288208008e-02
-4.098134338855743408e-01
-2.429013103246688843e-01
-2.945720590651035309e-02
-3.305529057979583740e-01
1.288961172103881836e-01
4.600645601749420166e-01
-2.552858889102935791e-01
-2.984519004821777344e-01
3.475451469421386719e-01
-9.743196517229080200e-02
-1.967965215444564819e-01
9.332297444343566895e-01
1.499882102012634277e+00
4.862703979015350342e-01
5.001329779624938965e-01
4.385843575000762939e-01
2.433277964591979980e-01
-4.938640296459197998e-01
-4.817964732646942139e-01
-6.667194366455078125e-01
-5.699340105056762695e-01
-9.428133368492126465e-01
-6.409529447555541992e-01
-2.754878103733062744e-01
-2.812635302543640137e-01
-1.029588431119918823e-01
7.383450865745544434e-01
-5.410858988761901855e-02
1.700843870639801025e-01
1.018943712115287781e-01
3.122806251049041748e-01
2.692970633506774902e-01
-1.484950929880142212e-01
7.793858051300048828e-01
2.931090593338012695e-01
-3.496856391429901123e-01
2.490747869014739990e-01
6.686034202575683594e-01
-2.080201059579849243e-01
2.472002655267715454e-01
5.308619141578674316e-02
7.109599560499191284e-02
3.747303187847137451e-01
2.467551380395889282e-01
-5.834680050611495972e-02
2.692501842975616455e-01
-3.609865903854370117e-01
-3.548651039600372314e-01
-1.987154036760330200e-02
-1.110136359930038452e-01
1.291248798370361328e-01
6.096202135086059570e-01
-2.772777676582336426e-01
4.247781261801719666e-02
5.349070578813552856e-02
4.021219015121459961e-01
6.888408660888671875e-01
5.410458445549011230e-01
-1.134760454297065735e-01
4.640523791313171387e-01
-4.791603982448577881e-02
-3.635359406471252441e-01
-5.049006342887878418e-01
-1.719631999731063843e-01
-2.404024302959442139e-01
9.914475679397583008e-01
1.742923855781555176e-01
-3.325290381908416748e-01
-4.026867076754570007e-02
4.002053439617156982e-01
7.387315034866333008e-01
6.593038141727447510e-02
-3.306965529918670654e-01
6.518857087939977646e-03
-1.279901266098022461e-01
3.352716267108917236e-01
9.601539373397827148e-01
4.551138281822204590e-01
1.218308433890342712e-01
5.217245221138000488e-02
-4.912766218185424805e-01
3.215331435203552246e-01
-6.197859048843383789e-01
-5.852802395820617676e-01
2.967992126941680908e-01
-2.622701525688171387e-01
-3.210912644863128662e-02
-3.880365565419197083e-02
-1.351211667060852051e-01
1.465691924095153809e-01
5.392292886972427368e-02
-7.085593342781066895e-01
1.456064134836196899e-01
8.051603436470031738e-01
4.287996888160705566e-01
4.052216708660125732e-01
1.684742867946624756e-01
-2.478165179491043091e-01
-6.250939331948757172e-03
-4.135649502277374268e-01
2.136294394731521606e-01
9.390010833740234375e-01
-2.570683956146240234e-01
8.728239685297012329e-02
6.320358514785766602e-01
6.950714588165283203e-01
4.605121016502380371e-01
7.323474287986755371e-01
4.626979231834411621e-01
7.270671725273132324e-01
1.268976181745529175e-01
-2.749054729938507080e-01
-6.476967930793762207e-01
-9.120822548866271973e-01
-7.408360838890075684e-01
-3.224697709083557129e-01
-1.017101407051086426e+00
-9.723331779241561890e-02
6.686948984861373901e-02
-2.761750854551792145e-02
7.438225746154785156e-01
1.016549229621887207e+00
-6.765930056571960449e-01
8.949528336524963379e-01
4.510321617126464844e-01
5.466941595077514648e-01
4.962638616561889648e-01
2.027397453784942627e-01
-6.346473693847656250e-01
-5.087449401617050171e-02
2.163011133670806885e-01
-4.120034873485565186e-01
7.124861478805541992e-01
-6.692724674940109253e-02
4.178012721240520477e-03
4.188548028469085693e-01
5.559233427047729492e-01
3.334714770317077637e-01
3.613172471523284912e-01
-1.060002148151397705e-01
2.798802219331264496e-02
-5.507358312606811523e-01
-5.461824536323547363e-01
2.065224200487136841e-01
-1.119512505829334259e-02
-2.417093515396118164e-01
-5.277591571211814880e-02
2.007946372032165527e-01
1.666453629732131958e-01
-3.952706977725028992e-02
-4.232650399208068848e-01
