2.122575193643569946e-01
-3.191994428634643555e-01
-1.918079406023025513e-01
-4.856829345226287842e-01
-6.455395817756652832e-01
-3.271243721246719360e-02
-2.456920593976974487e-01
-3.597936034202575684e-01
1.450583487749099731e-01
2.712570726871490479e-01
-5.524366497993469238e-01
-3.871890157461166382e-02
-2.508637011051177979e-01
6.588368862867355347e-02
1.079342048615217209e-02
-4.437346756458282471e-01
-4.551630914211273193e-01
3.692843914031982422e-01
-8.150727301836013794e-02
1.359687149524688721e-01
-4.467378854751586914e-01
-5.361723303794860840e-01
-1.829606592655181885e-01
2.012182623147964478e-01
-3.473247885704040527e-01
1.083612442016601562e+00
1.999885737895965576e-01
1.933457106351852417e-01
-1.072654128074645996e-01
6.964030265808105469e-01
8.244936168193817139e-02
-1.400503218173980713e-01
-1.248875498771667480e+00
5.507870316505432129e-01
-6.220183372497558594e-01
3.434143662452697754e-01
-5.529019236564636230e-01
-3.365400731563568115e-01
-6.753929853439331055e-01
-6.766961216926574707e-01
-7.032926380634307861e-02
6.864540576934814453e-01
-3.104825317859649658e-01
3.724323809146881104e-01
-2.608250081539154053e-01
-7.271525263786315918e-01
-5.102896690368652344e-01
3.764880895614624023e-01
8.181506991386413574e-01
6.339808702468872070e-01
-2.923064399510622025e-03
2.286856025457382202e-01
-1.492333859205245972e-01
-1.145254448056221008e-01
5.822114348411560059e-01
-3.426670432090759277e-01
-5.200464725494384766e-01
1.621661931276321411e-01
-2.558478713035583496e-01
4.853853583335876465e-01
-2.186871170997619629e-01
-8.884785324335098267e-02
-3.650424480438232422e-01
4.015479385852813721e-01
-2.202521264553070068e-01
9.047419428825378418e-01
-8.278684020042419434e-01
-4.175430238246917725e-01
-3.254932165145874023e-01
-2.879145145416259766e-01
-2.030805647373199463e-01
3.863599300384521484e-01
-4.825517535209655762e-01
-2.746252119541168213e-01
2.722351849079132080e-01
2.594741582870483398e-01
5.520589947700500488e-01
-2.275836020708084106e-01
9.282884001731872559e-02
-1.872951090335845947e-01
1.801070421934127808e-01
7.739734649658203125e-02
1.636136621236801147e-01
-7.820178270339965820e-01
-2.559424936771392822e-01
-1.114884138107299805e+00
9.550966322422027588e-03
6.024839282035827637e-01
-1.756825447082519531e-01
-9.749650955200195312e-01
-3.211013376712799072e-01
-6.728847622871398926e-01
6.113944649696350098e-01
-3.300485014915466309e-01
9.488822817802429199e-01
1.660840511322021484e-01
5.935071110725402832e-01
6.756946444511413574e-01
6.365770697593688965e-01
3.588435053825378418e-01
-1.740713864564895630e-01
2.281653136014938354e-02
-2.677234113216400146e-01
-1.163621425628662109e+00
-1.334732919931411743e-01
-2.035676538944244385e-01
-1.251804679632186890e-01
-1.035616621375083923e-01
-7.788223624229431152e-01
-1.259997367858886719e+00
-1.951433658599853516e+00
-3.385003805160522461e-01
6.210823655128479004e-01
1.236954092979431152e+00
1.198311686515808105e+00
-6.392416357994079590e-02
-6.057932972908020020e-01
8.136742115020751953e-01
5.293957591056823730e-01
2.925895750522613525e-01
1.489489823579788208e-01
-1.553750038146972656e-01
-2.680114507675170898e-01
1.734477467834949493e-02
-7.752224802970886230e-01
4.911844134330749512e-01
5.319615006446838379e-01
-4.569032788276672363e-01
2.188887000083923340e-01
-5.183806419372558594e-01
-6.920552253723144531e-01
-1.320920735597610474e-01
-8.241783380508422852e-01
2.637260854244232178e-01
1.005745902657508850e-01
5.076746940612792969e-01
7.323349714279174805e-01
-1.730069518089294434e-01
9.930675625801086426e-01
-1.517642617225646973e+00
-1.140398025512695312e+00
-1.229175329208374023e+00
-1.167647719383239746e+00
-1.281827837228775024e-01
-2.552273869514465332e-01
4.154723286628723145e-01
7.690800428390502930e-01
3.694670200347900391e-01
3.081827163696289062e-01
2.954649925231933594e-01
-9.547857195138931274e-02
9.878886342048645020e-01
-1.635388284921646118e-01
8.911590576171875000e-01
-4.424839317798614502e-01
-6.880435347557067871e-01
-1.358341217041015625e+00
-4.517354816198348999e-02
-1.204889416694641113e-01
-2.298833727836608887e-01
-5.501134395599365234e-01
6.063960865139961243e-02
1.931239515542984009e-01
4.591090381145477295e-01
6.127129793167114258e-01
1.035266995429992676e+00
1.073998570442199707e+00
1.292740255594253540e-01
5.956320762634277344e-01
-2.709460854530334473e-01
2.601902186870574951e-01
2.024252861738204956e-01
-1.816779822111129761e-01
-3.931270912289619446e-02
-8.190383762121200562e-02
-2.245690524578094482e-01
-1.094413518905639648e+00
-7.937436699867248535e-01
-5.429219007492065430e-01
-7.293552160263061523e-01
4.403450787067413330e-01
3.262187242507934570e-01
-5.382400155067443848e-01
-2.957670986652374268e-01
-1.058870911598205566e+00
-3.947308063507080078e-01
-5.101256370544433594e-01
5.312038064002990723e-01
8.778172135353088379e-01
-6.794959306716918945e-02
3.145319819450378418e-01
2.949237823486328125e-01
3.560424745082855225e-01
-1.351469308137893677e-01
-1.096085309982299805e-01
3.030472099781036377e-01
1.923182755708694458e-01
4.757760763168334961e-01
1.060630530118942261e-01
1.942136585712432861e-01
2.387946397066116333e-01
-1.444993019104003906e-01
-6.893818974494934082e-01
-4.169086217880249023e-01
-7.634664177894592285e-01
6.869083046913146973e-01
1.952547281980514526e-01
-3.190308213233947754e-01
-6.664529442787170410e-01
-4.839703440666198730e-01
-1.132823303341865540e-01
-6.800252795219421387e-01
1.689410805702209473e-01
3.622232973575592041e-01
3.411384224891662598e-01
5.064070820808410645e-01
-5.664401128888130188e-02
-3.926845788955688477e-01
-4.567655920982360840e-01
-6.202652454376220703e-01
7.370634078979492188e-01
-5.818336606025695801e-01
3.561691939830780029e-02
2.903487682342529297e-01
2.471997290849685669e-01
2.875837385654449463e-01
-1.209235265851020813e-01
-9.595714211463928223e-01
-3.667531535029411316e-02
-6.151809692382812500e-01
1.847320944070816040e-01
5.708196163177490234e-01
-8.601972460746765137e-01
-4.598536491394042969e-01
-7.350502014160156250e-01
-1.330626904964447021e-01
6.172826886177062988e-01
6.408816576004028320e-01
-1.473733037710189819e-01
6.974124312400817871e-01
2.909824848175048828e-01
4.046496748924255371e-01
-3.878660798072814941e-01
-4.992044270038604736e-01
-6.303502321243286133e-01
3.124464452266693115e-01
-8.965666294097900391e-01
-2.467308491468429565e-01
-8.143988251686096191e-01
-6.801105141639709473e-01
1.218826398253440857e-01
2.452021986246109009e-01
2.779621183872222900e-01
-4.347243010997772217e-01
-4.304624497890472412e-01
1.572495847940444946e-01
-7.955868840217590332e-01
5.361447334289550781e-01
6.732726097106933594e-01
2.174538224935531616e-01
8.404546976089477539e-01
-6.716371774673461914e-01
-6.388571858406066895e-01
-1.511446237564086914e+00
-5.064020156860351562e-01
-7.982316613197326660e-01
-1.748963147401809692e-01
-2.673505842685699463e-01
-1.954565942287445068e-01
4.967937469482421875e-01
6.061695814132690430e-01
8.708858489990234375e-01
6.816502809524536133e-01
3.453407883644104004e-01
4.504926502704620361e-01
1.633064448833465576e-01
-2.005788534879684448e-01
1.300721019506454468e-01
-1.605667620897293091e-01
-8.074574917554855347e-02
-6.590911149978637695e-01
-5.560258626937866211e-01
-4.210144579410552979e-01
6.377177685499191284e-02
1.275441795587539673e-01
2.418782263994216919e-01
-1.243588402867317200e-01
1.472944617271423340e-01
-1.812953799962997437e-01
-6.682800054550170898e-01
5.881485342979431152e-02
-2.766401469707489014e-01
-6.564888358116149902e-01
8.619866967201232910e-01
-1.318683922290802002e-01
1.484910305589437485e-02
-6.028869748115539551e-01
1.476656049489974976e-01
-2.175807058811187744e-01
-2.269544005393981934e-01
1.027972325682640076e-01
-6.583154797554016113e-01
-1.879071742296218872e-01
-8.733125776052474976e-02
7.405791878700256348e-01
-2.469255477190017700e-01
3.285120129585266113e-01
5.986346006393432617e-01
6.007863283157348633e-01
2.978990077972412109e-01
5.664788484573364258e-01
-1.827825009822845459e-01
-1.117907524108886719e+00
-7.433894276618957520e-02
-3.349059820175170898e-01
-7.145236730575561523e-01
-3.407649397850036621e-01
-2.134522199630737305e-01
-1.068337321281433105e+00
-4.707676470279693604e-01
-9.680300205945968628e-02
-7.743939757347106934e-01
-3.673622310161590576e-01
-2.694233953952789307e-01
1.940756104886531830e-03
-3.891555964946746826e-01
4.322502911090850830e-01
4.590376913547515869e-01
8.522504568099975586e-02
6.858721375465393066e-01
-4.192517399787902832e-01
1.308080554008483887e+00
5.614076256752014160e-01
4.446434378623962402e-01
3.227426111698150635e-02
-3.878633081912994385e-01
-6.210550665855407715e-01
3.277447223663330078e-01
1.070245146751403809e+00
-3.415755033493041992e-01
-6.455141305923461914e-01
3.230637609958648682e-01
-5.188291072845458984e-01
-5.670219659805297852e-01
4.595310986042022705e-01
-1.515484690666198730e+00
-1.879022829234600067e-02
-1.445114970207214355e+00
-4.118301570415496826e-01
-4.132732450962066650e-01
-1.377087354660034180e+00
7.149860262870788574e-01
-8.717570453882217407e-02
1.158540621399879456e-01
1.059379816055297852e+00
3.909623026847839355e-01
-4.080826416611671448e-02
-1.857349723577499390e-01
1.082280993461608887e+00
4.136252701282501221e-01
1.680622696876525879e-01
5.434243679046630859e-01
1.593239158391952515e-01
-3.391835391521453857e-01
8.238154053688049316e-01
1.652858704328536987e-01
-4.621313214302062988e-01
7.166933417320251465e-01
-4.240392446517944336e-01
-5.826498270034790039e-01
-3.989897966384887695e-01
-8.543959259986877441e-01
-8.775581717491149902e-01
-4.388160407543182373e-01
-3.508142530918121338e-01
-4.180942177772521973e-01
-1.870768815279006958e-01
-4.773226976394653320e-01
2.855075597763061523e-01
8.782213926315307617e-01
3.134382069110870361e-01
8.467299938201904297e-01
6.246515512466430664e-01
8.507707118988037109e-01
-2.633073627948760986e-01
1.377361178398132324e+00
-7.458302192389965057e-03
2.733473479747772217e-02
-4.530052244663238525e-01
1.399607863277196884e-03
-1.507335901260375977e+00
-1.326748490333557129e+00
-1.195590019226074219e+00
3.985358178615570068e-01
-8.568782210350036621e-01
2.061715275049209595e-01
-2.010586559772491455e-01
9.197890758514404297e-01
-1.074506714940071106e-02
7.900776267051696777e-01
-4.460084140300750732e-01
5.663386583328247070e-01
-5.852767229080200195e-01
-3.378648459911346436e-01
-1.841019541025161743e-01
-4.032203257083892822e-01
-8.402230143547058105e-01
1.347886621952056885e-01
1.962690949440002441e-01
2.395042032003402710e-01
-4.413635432720184326e-01
1.564201861619949341e-01
-1.228239655494689941e+00
-9.894803166389465332e-02
-6.799259185791015625e-01
-2.042725682258605957e-01
-1.211330294609069824e-01
5.456486940383911133e-01
3.478980958461761475e-01
1.031877845525741577e-01
-3.694880604743957520e-01
-8.582103997468948364e-02
-1.364149570465087891e+00
3.866989016532897949e-01
-3.932715356349945068e-01
-4.979739487171173096e-01
-3.164120018482208252e-01
6.726272702217102051e-01
7.929363250732421875e-01
-8.448982238769531250e-01
4.186259806156158447e-01
-2.899011075496673584e-01
4.875137805938720703e-01
1.151459455490112305e+00
-2.969829440116882324e-01
4.678862094879150391e-01
-1.023423299193382263e-01
-6.060834974050521851e-02
5.624878406524658203e-01
-5.799817442893981934e-01
-4.781925380229949951e-01
8.148477971553802490e-02
-1.293762475252151489e-01
2.033263742923736572e-01
3.234930336475372314e-01
-6.496040821075439453e-01
-5.105608701705932617e-01
-3.972077369689941406e-01
-7.423384785652160645e-01
-4.284572601318359375e-01
2.657171487808227539e-01
-6.257029175758361816e-01
-6.461145877838134766e-01
4.878557324409484863e-01
2.017698287963867188e-01
1.683143675327301025e-01
-1.114872023463249207e-01
-7.080244421958923340e-01
1.240921854972839355e+00
9.901236295700073242e-01
8.096048235893249512e-01
-2.998741269111633301e-01
4.836859703063964844e-01
-6.064722537994384766e-01
-3.322653174400329590e-01
-1.374766230583190918e-01
-2.864222228527069092e-01
-3.698932528495788574e-01
-9.363009929656982422e-01
-1.724143147468566895e+00
-3.422664642333984375e+00
-1.160585358738899231e-01
9.037663340568542480e-01
7.302429676055908203e-01
-1.332285702228546143e-01
-5.409687161445617676e-01
2.217462360858917236e-01
7.452365756034851074e-01
5.160919427871704102e-01
1.346524357795715332e-01
-5.327732488512992859e-02
-1.045794725418090820e+00
-7.187834382057189941e-01
-2.420365810394287109e-01
9.978660345077514648e-01
9.243128895759582520e-01
-7.224550247192382812e-01
-9.882559627294540405e-02
-1.229357123374938965e-01
-4.375734925270080566e-01
9.020659327507019043e-02
-1.131483912467956543e+00
6.915815919637680054e-02
-5.052344873547554016e-02
-9.381714463233947754e-02
-4.677948653697967529e-01
-8.005364537239074707e-01
1.210675761103630066e-01
6.952697783708572388e-02
7.244430184364318848e-01
4.198398590087890625e-01
-8.539021015167236328e-01
-1.891205310821533203e-01
-8.763666152954101562e-01
-5.631529092788696289e-01
7.244578003883361816e-01
7.639937400817871094e-01
8.383675813674926758e-01
-5.215249657630920410e-01
6.379458904266357422e-01
2.521159350872039795e-01
1.079121589660644531e+00
-5.903277993202209473e-01
