-5.492063164710998535e-01
-1.064857840538024902e-01
-4.928111732006072998e-01
-4.798952341079711914e-01
-4.354521334171295166e-01
-1.542311310768127441e-01
-5.652313232421875000e-01
-5.069053769111633301e-01
-3.237234652042388916e-01
-3.152085542678833008e-01
-7.316607832908630371e-01
-1.228340864181518555e-01
1.800760477781295776e-01
1.259186118841171265e-01
3.099234700202941895e-01
-2.717645466327667236e-01
2.146979272365570068e-01
1.481022834777832031e+00
4.743027389049530029e-01
6.034731268882751465e-01
3.995946347713470459e-01
5.408739447593688965e-01
4.744223058223724365e-01
4.045304358005523682e-01
-1.506180167198181152e-01
5.874896794557571411e-02
-3.836227357387542725e-01
-2.772053480148315430e-01
-6.562240123748779297e-01
-3.176865875720977783e-01
-4.356748461723327637e-01
-1.009814515709877014e-01
-3.607796728610992432e-01
2.591120600700378418e-01
-4.547834992408752441e-01
6.850724667310714722e-02
-1.034002080559730530e-01
7.801944762468338013e-02
2.012199610471725464e-01
4.277112483978271484e-01
2.812363207340240479e-01
4.099220037460327148e-01
-5.520353093743324280e-02
1.543723583221435547e+00
8.904917240142822266e-01
9.022152423858642578e-01
2.798582017421722412e-01
-6.155160069465637207e-02
-1.923851668834686279e-02
1.070229709148406982e-01
1.001519933342933655e-01
1.201414987444877625e-01
-2.596909105777740479e-01
-3.546521812677383423e-02
-3.079847097396850586e-01
1.543657332658767700e-01
2.381182014942169189e-01
3.412813246250152588e-01
-2.130966037511825562e-01
-4.388897120952606201e-01
-6.188518404960632324e-01
-5.084788799285888672e-01
-6.022357940673828125e-01
-1.088262274861335754e-01
-1.029873117804527283e-01
2.412469834089279175e-01
-4.785725474357604980e-01
-1.385933011770248413e-01
-2.961818873882293701e-01
8.807430863380432129e-01
7.465403079986572266e-01
7.654343247413635254e-01
2.293324917554855347e-01
-6.020239088684320450e-03
1.044640839099884033e-01
3.151257708668708801e-02
1.423889696598052979e-01
2.755692899227142334e-01
1.087781041860580444e-01
6.090223416686058044e-02
-5.670019388198852539e-01
-8.723166584968566895e-02
-2.612650990486145020e-01
7.486101984977722168e-02
-6.845133006572723389e-02
1.036131531000137329e-01
-1.846836060285568237e-01
1.200054958462715149e-01
1.773131191730499268e-01
7.456842660903930664e-01
7.750003337860107422e-01
9.055199623107910156e-01
7.332413792610168457e-01
-2.584263309836387634e-02
3.079146742820739746e-01
-3.972173333168029785e-01
6.402201205492019653e-02
-4.585207402706146240e-01
-1.186916083097457886e-01
-4.217908680438995361e-01
9.491235017776489258e-02
4.951545894145965576e-01
4.454343616962432861e-01
-2.377005964517593384e-01
-1.069798842072486877e-01
-7.423883676528930664e-01
-6.291884183883666992e-02
-4.481445252895355225e-01
-3.979631885886192322e-02
-5.866197943687438965e-01
-4.202258884906768799e-01
-8.509789109230041504e-01
-4.762633889913558960e-02
-3.057683110237121582e-01
-2.005926370620727539e-01
-3.902036324143409729e-02
-8.599747419357299805e-01
1.070714831352233887e+00
5.004933476448059082e-01
7.411502003669738770e-01
5.518079996109008789e-01
5.189623832702636719e-01
2.815777063369750977e-01
-7.359940558671951294e-02
2.284500747919082642e-01
1.021648868918418884e-01
1.539955288171768188e-01
-9.344656020402908325e-02
3.749510645866394043e-01
-4.132299125194549561e-01
4.947204291820526123e-01
9.878729283809661865e-02
2.233348190784454346e-01
-4.046670496463775635e-01
-2.169128954410552979e-01
1.080386161804199219e+00
4.937909170985221863e-02
5.282156467437744141e-01
2.481976747512817383e-01
3.347891569137573242e-01
2.862823195755481720e-02
2.476990669965744019e-01
-4.079849421977996826e-01
-3.859887421131134033e-01
-4.840525686740875244e-01
-5.614057183265686035e-02
3.109479323029518127e-02
-6.320753693580627441e-01
-3.685738742351531982e-01
-5.766631960868835449e-01
-4.791916608810424805e-01
6.057310104370117188e-01
4.792017042636871338e-01
8.791170716285705566e-01
-9.453535079956054688e-02
1.821385622024536133e-01
-3.077673316001892090e-01
-4.283478483557701111e-02
-1.544222831726074219e-01
4.899383187294006348e-01
1.824111863970756531e-02
7.083534002304077148e-01
-6.881124339997768402e-03
5.953918024897575378e-02
-4.437272846698760986e-01
2.834034897387027740e-02
-3.921876847743988037e-01
-1.915470361709594727e-01
1.005763486027717590e-01
1.981396675109863281e-01
4.145164489746093750e-01
2.031945884227752686e-01
2.340508848428726196e-01
1.370731294155120850e-01
1.266550272703170776e-01
-1.373468637466430664e-01
-7.023789882659912109e-01
-2.533231675624847412e-01
3.994171321392059326e-01
9.485221654176712036e-02
-2.054518461227416992e-02
-2.367090731859207153e-01
-2.146178632974624634e-01
-2.639533281326293945e-01
-1.745894551277160645e-01
1.326807141304016113e-01
-3.749666735529899597e-02
1.063855215907096863e-01
-5.517615079879760742e-01
-3.565355539321899414e-01
-2.393336407840251923e-02
3.382622897624969482e-01
-6.880525499582290649e-02
2.660022079944610596e-01
-8.115997910499572754e-02
1.025083661079406738e+00
3.090482950210571289e-01
1.080233931541442871e+00
1.395058631896972656e-01
3.286146521568298340e-01
3.037554621696472168e-01
-4.395155906677246094e-01
1.270105838775634766e-01
-4.918029904365539551e-01
-1.689314544200897217e-01
-4.674532413482666016e-01
-7.400024533271789551e-01
-4.806896746158599854e-01
-3.103812634944915771e-01
2.762938737869262695e-01
3.989136219024658203e-01
1.548130661249160767e-01
1.961553543806076050e-01
-3.677770122885704041e-02
-1.767102330923080444e-01
5.445570219308137894e-03
-8.801909536123275757e-02
6.209589540958404541e-02
2.108268439769744873e-01
2.295060604810714722e-01
3.090574443340301514e-01
2.666716650128364563e-02
1.312886834144592285e+00
7.486131787300109863e-01
7.378916740417480469e-01
1.867597103118896484e-01
1.128271520137786865e-01
-5.682625770568847656e-01
-2.405971102416515350e-02
-9.462816119194030762e-01
-1.192318946123123169e-01
-1.925043463706970215e-01
-1.421362459659576416e-01
-2.776449918746948242e-01
-2.744671329855918884e-02
-2.504960820078849792e-02
4.858327507972717285e-01
7.408053427934646606e-02
-1.744383871555328369e-01
3.027490153908729553e-02
-2.241624146699905396e-01
1.049249321222305298e-01
-3.865255117416381836e-01
3.824502825736999512e-01
-4.344952851533889771e-02
1.183103993535041809e-01
-1.694438159465789795e-01
4.303102493286132812e-01
3.840488791465759277e-01
8.454742431640625000e-01
9.483938217163085938e-01
3.586018979549407959e-01
4.783929884433746338e-01
1.815253049135208130e-01
3.406928181648254395e-01
2.116255164146423340e-01
-9.543674439191818237e-02
-1.667413562536239624e-01
-3.069089651107788086e-01
-3.203753232955932617e-01
-2.458174377679824829e-01
-6.786329746246337891e-01
3.344089984893798828e-01
3.834896683692932129e-01
4.315294921398162842e-01
4.527146816253662109e-01
4.779600203037261963e-01
7.269579768180847168e-01
2.287948280572891235e-01
2.192776352167129517e-01
-1.777906268835067749e-01
-1.792946904897689819e-01
-5.597716569900512695e-01
6.767148617655038834e-03
-5.451253056526184082e-01
-1.680681556463241577e-01
-1.021175459027290344e-01
-6.566723436117172241e-02
-1.137738972902297974e-01
-1.098009571433067322e-01
-4.613983333110809326e-01
1.411635577678680420e-01
-7.235530018806457520e-02
3.249477744102478027e-01
-1.844200044870376587e-01
2.884455397725105286e-02
-9.338119998574256897e-03
4.633925855159759521e-02
-1.259886175394058228e-01
-1.534256041049957275e-01
1.029681637883186340e-01
2.433297187089920044e-01
1.721820682287216187e-01
4.593280553817749023e-01
-4.987783357501029968e-02
-4.136424362659454346e-01
6.959286332130432129e-01
8.398308753967285156e-01
8.515473604202270508e-01
1.788929551839828491e-01
2.708040177822113037e-01
-9.330416470766067505e-02
3.929530680179595947e-01
1.754924356937408447e-01
3.339907228946685791e-01
-3.787364810705184937e-02
2.712107598781585693e-01
-4.336394667625427246e-01
7.617642730474472046e-02
-3.588706254959106445e-03
3.100189864635467529e-01
-6.149246692657470703e-01
-2.525024674832820892e-02
-6.101417541503906250e-01
-5.917591452598571777e-01
-6.304952502250671387e-01
2.466592341661453247e-01
1.057089418172836304e-01
-1.655158847570419312e-01
1.355206668376922607e-01
2.587280869483947754e-01
-5.642622709274291992e-02
3.205054104328155518e-01
-3.112843930721282959e-01
-2.684011682868003845e-02
2.954219579696655273e-01
1.075169682502746582e+00
5.694690942764282227e-01
3.489789068698883057e-01
3.985619246959686279e-01
1.593745946884155273e-01
6.860101819038391113e-01
8.265818655490875244e-02
3.857464492321014404e-01
-6.594751775264739990e-02
-3.781492710113525391e-01
2.441695481538772583e-01
2.965759932994842529e-01
8.072444796562194824e-02
-1.213238909840583801e-01
-6.122376397252082825e-02
-3.379189074039459229e-01
-5.395196676254272461e-01
1.319348365068435669e-01
-2.276667058467864990e-01
-3.574044406414031982e-01
2.017402052879333496e-01
1.315293908119201660e-01
-4.992404282093048096e-01
-2.480217516422271729e-01
7.450366765260696411e-02
2.907282412052154541e-01
-1.564689129590988159e-01
-3.056973684579133987e-03
4.375450313091278076e-02
3.157757520675659180e-01
4.526254162192344666e-02
4.716956019401550293e-01
9.692686796188354492e-02
2.110708057880401611e-01
4.400862008333206177e-02
-1.712244749069213867e-01
-2.929470837116241455e-01
-1.340593248605728149e-01
2.437657415866851807e-01
-3.764876425266265869e-01
9.624820947647094727e-01
5.889848470687866211e-01
2.092884778976440430e-01
2.431255429983139038e-01
3.439714312553405762e-01
3.828642070293426514e-01
3.501279056072235107e-01
1.248502880334854126e-01
-9.360063076019287109e-02
-4.173772037029266357e-01
-3.714438080787658691e-01
4.736259579658508301e-02
-6.972539424896240234e-01
-1.738304048776626587e-01
-5.623777508735656738e-01
-6.150100231170654297e-01
-6.745558381080627441e-01
-6.702570319175720215e-01
-7.963510751724243164e-01
-1.562257856130599976e-01
3.457082808017730713e-02
1.864005476236343384e-01
-1.507164686918258667e-01
1.325888484716415405e-01
-3.299349546432495117e-02
5.333954691886901855e-01
-7.903558015823364258e-02
7.270112633705139160e-01
-1.667847335338592529e-01
2.112617492675781250e+00
6.424460411071777344e-01
1.412582635879516602e+00
1.004102379083633423e-01
6.874805092811584473e-01
-1.142470985651016235e-01
1.483894288539886475e-01
7.212818413972854614e-02
-4.728399962186813354e-02
7.314722985029220581e-02
-2.102458626031875610e-01
-7.466316968202590942e-02
3.913979977369308472e-02
-6.801385432481765747e-02
-2.136178314685821533e-01
4.876423776149749756e-01
1.309953778982162476e-01
-1.169898509979248047e-01
2.097001969814300537e-01
-9.406915865838527679e-03
2.441911101341247559e-01
-1.292361378669738770e+00
-4.967019557952880859e-01
-4.068147242069244385e-01
-2.015587091445922852e-01
2.949199676513671875e-01
4.329962134361267090e-01
1.083206534385681152e+00
7.418751716613769531e-01
4.220218360424041748e-01
4.002216458320617676e-01
-4.556373655796051025e-01
4.806114435195922852e-01
1.733666807413101196e-01
-3.104722797870635986e-01
1.835135817527770996e-01
-5.365813374519348145e-01
-2.978352010250091553e-01
-2.827003002166748047e-01
-1.539156734943389893e-01
5.445823073387145996e-01
7.496614456176757812e-01
7.965717911720275879e-01
5.604139566421508789e-01
6.384475231170654297e-01
2.473197281360626221e-01
-1.121405139565467834e-01
-5.141859650611877441e-01
-3.347390890121459961e-01
1.507674604654312134e-01
-5.655878782272338867e-01
1.856575459241867065e-01
-1.661936789751052856e-01
9.441141784191131592e-02
-2.388315200805664062e-01
1.264402568340301514e-01
-3.755372166633605957e-01
-5.378988981246948242e-01
-5.328288078308105469e-01
-1.352974921464920044e-01
-3.241289854049682617e-01
5.539982020854949951e-02
-2.271022796630859375e-01
3.957008421421051025e-01
-6.982510685920715332e-01
4.350429866462945938e-03
8.139874786138534546e-02
3.699830770492553711e-01
1.264384865760803223e+00
-3.842537477612495422e-02
1.881531238555908203e+00
2.664324641227722168e-01
7.332839965820312500e-01
-4.100111424922943115e-01
8.288979530334472656e-01
3.356149494647979736e-01
3.546470999717712402e-01
2.042595148086547852e-01
6.670903414487838745e-02
-2.548887431621551514e-01
3.381467759609222412e-01
1.195987313985824585e-01
3.735703825950622559e-01
-3.419258892536163330e-01
-8.290509581565856934e-01
-7.224805355072021484e-01
-4.472464621067047119e-01
-5.991399288177490234e-01
-6.179726123809814453e-01
-4.352146089076995850e-01
-1.405819803476333618e-01
-6.802580356597900391e-01
3.989671468734741211e-01
-2.415308505296707153e-01
4.581805169582366943e-01
-1.618794649839401245e-01
1.270599663257598877e-01
2.876562476158142090e-01
2.788932919502258301e-01
3.534137308597564697e-01
-1.377010196447372437e-01
3.447361588478088379e-01
-3.228685557842254639e-01
5.315313935279846191e-01
4.974543452262878418e-01
3.108624219894409180e-01
1.327504962682723999e-01
1.817909359931945801e+00
1.811555474996566772e-01
6.007443666458129883e-01
2.547810077667236328e-01
-6.563588976860046387e-02
-4.682849347591400146e-02
-5.946923494338989258e-01
-1.595190316438674927e-01
-6.170948743820190430e-01
-4.706422984600067139e-01
-6.282201409339904785e-01
