3.467509448528289795e-01
-3.022708930075168610e-02
2.161135077476501465e-01
-2.495576739311218262e-01
-1.297025531530380249e-01
-4.496144652366638184e-01
6.412587314844131470e-02
1.961475238204002380e-03
-3.947724401950836182e-02
4.535093605518341064e-01
6.908224225044250488e-01
-1.430952399969100952e-01
1.851241737604141235e-01
-5.505545139312744141e-01
1.836670748889446259e-02
-7.496285438537597656e-02
1.513188779354095459e-01
4.947279989719390869e-01
2.191506698727607727e-02
6.835500597953796387e-01
-4.526928961277008057e-01
1.918599903583526611e-01
5.086239054799079895e-02
3.438705801963806152e-01
1.948379576206207275e-01
-5.639899969100952148e-01
9.194212406873703003e-02
-3.881507515907287598e-01
-5.027531385421752930e-01
6.851568818092346191e-01
-1.662901192903518677e-01
7.130337357521057129e-01
5.527635812759399414e-01
1.569040566682815552e-01
2.783780992031097412e-01
2.078413367271423340e-01
-7.354969978332519531e-01
-6.425759196281433105e-02
1.772230863571166992e-01
-9.696016311645507812e-01
3.537802696228027344e-01
4.162888973951339722e-02
7.847403287887573242e-01
4.957779347896575928e-01
6.087281703948974609e-01
8.205732107162475586e-01
-1.719764620065689087e-01
-1.610148996114730835e-01
-2.161637097597122192e-01
-4.014107212424278259e-02
9.642963111400604248e-02
-1.705057546496391296e-02
-7.570417523384094238e-01
-7.773772478103637695e-01
-5.933813452720642090e-01
2.388156205415725708e-01
1.276420149952173233e-02
7.066895067691802979e-02
1.648549437522888184e-01
-2.229688763618469238e-01
-4.031780660152435303e-01
-2.569032311439514160e-01
-3.150878846645355225e-02
3.561589121818542480e-01
-6.867956835776567459e-04
5.666801929473876953e-01
1.739779353141784668e+00
6.708125472068786621e-01
1.987123042345046997e-01
1.554741114377975464e-01
-2.460371889173984528e-02
3.091761767864227295e-01
1.798980310559272766e-02
1.074164360761642456e-01
-6.227398514747619629e-01
3.191876783967018127e-02
-1.626736670732498169e-01
-2.520309090614318848e-01
-2.966896295547485352e-01
-4.427594542503356934e-01
-4.955344796180725098e-01
-9.960911236703395844e-03
7.463299036026000977e-01
2.863027751445770264e-01
7.130565047264099121e-01
8.285962045192718506e-02
5.482190251350402832e-01
4.766511321067810059e-01
3.601239919662475586e-01
1.479042023420333862e-01
5.415721535682678223e-01
-3.562207520008087158e-01
-3.095389902591705322e-01
-1.813669502735137939e-01
-5.428751707077026367e-01
2.718295454978942871e-01
-1.994473934173583984e-01
-4.569418132305145264e-01
2.801305651664733887e-01
-3.510754182934761047e-02
7.193373441696166992e-01
-7.264248728752136230e-01
6.517375111579895020e-01
-4.197950474917888641e-03
-6.219964940100908279e-03
3.105026185512542725e-01
-3.123217225074768066e-01
1.282781660556793213e-01
-6.779426932334899902e-01
-2.544229328632354736e-01
-1.189662516117095947e-01
1.249985247850418091e-01
9.134982824325561523e-01
8.783794641494750977e-01
6.843081712722778320e-01
-3.642389774322509766e-01
6.508049368858337402e-01
-8.622614741325378418e-01
-8.514782786369323730e-02
-6.342335045337677002e-02
5.809878185391426086e-02
5.706240534782409668e-01
-6.434025168418884277e-01
3.957707881927490234e-01
-2.584704896435141563e-03
-2.841785252094268799e-01
1.616846770048141479e-01
1.542992591857910156e-01
-2.005280740559101105e-02
4.430627077817916870e-02
-3.075700998306274414e-01
1.741393506526947021e-01
-3.417483568191528320e-01
4.985397681593894958e-02
4.853281974792480469e-01
-1.825258731842041016e-01
2.982740700244903564e-01
-6.169710755348205566e-01
-4.168683588504791260e-01
-4.529792368412017822e-01
6.176468729972839355e-02
3.823584914207458496e-01
2.895978987216949463e-01
1.760363578796386719e+00
-5.453847050666809082e-01
1.648455858230590820e+00
7.908949851989746094e-01
2.349260747432708740e-01
4.054825007915496826e-01
-1.294043540954589844e+00
-1.726568639278411865e-01
6.688114404678344727e-01
-5.384683609008789062e-01
1.645090058445930481e-02
7.831494212150573730e-01
6.249538660049438477e-01
-6.260395050048828125e-02
1.552157700061798096e-01
-7.417114973068237305e-01
-4.728181660175323486e-01
-2.291330546140670776e-01
-9.514623284339904785e-01
-5.465514063835144043e-01
-6.076045036315917969e-01
-4.316975176334381104e-02
-2.553652822971343994e-01
4.999129772186279297e-01
2.645040452480316162e-01
5.119885802268981934e-01
-1.962189972400665283e-01
-7.720375806093215942e-02
1.280131191015243530e-01
-2.937839925289154053e-01
-4.856658577919006348e-01
4.606623351573944092e-01
-1.370742917060852051e-01
2.335552573204040527e-01
8.211022615432739258e-01
-7.362570613622665405e-02
8.313659429550170898e-01
6.644562631845474243e-02
5.370794609189033508e-02
1.459026988595724106e-02
5.464535355567932129e-01
2.119607292115688324e-02
2.561477124691009521e-01
2.255885452032089233e-01
-5.322891473770141602e-01
2.719258069992065430e-01
-4.586714208126068115e-01
-3.302812874317169189e-01
5.232732743024826050e-02
2.169420756399631500e-02
1.997524648904800415e-01
-1.465274244546890259e-01
-2.892373204231262207e-01
-1.744439303874969482e-01
-2.789310812950134277e-01
6.183323860168457031e-01
3.044363260269165039e-01
1.829743981361389160e-01
1.260202407836914062e+00
2.109340578317642212e-01
-1.487869322299957275e-01
-6.351716518402099609e-01
-9.971041083335876465e-01
-5.024768114089965820e-01
2.300253212451934814e-01
4.134711325168609619e-01
3.839275538921356201e-01
5.191150307655334473e-01
5.732553005218505859e-01
-2.257894910871982574e-02
5.885705947875976562e-01
1.639946997165679932e-01
5.565130114555358887e-01
9.353037476539611816e-01
1.131245866417884827e-01
-5.368907749652862549e-02
-3.892957866191864014e-01
-3.555556833744049072e-01
-2.270949333906173706e-01
-6.242400407791137695e-01
-1.272878944873809814e-01
2.596915699541568756e-02
5.100688934326171875e-01
-1.038808599114418030e-01
1.114490553736686707e-01
-3.119590878486633301e-01
-6.948916614055633545e-02
1.190499812364578247e-01
-3.343077301979064941e-01
4.663545787334442139e-01
-3.890812695026397705e-01
4.107483625411987305e-01
-1.372405737638473511e-01
-4.328844845294952393e-01
-1.890707463026046753e-01
2.043969631195068359e-01
7.992441207170486450e-02
4.750348031520843506e-01
4.481231868267059326e-01
3.863305747509002686e-01
5.410966277122497559e-01
4.363542199134826660e-01
6.273453682661056519e-02
1.372042298316955566e+00
2.208792567253112793e-01
1.335625290870666504e+00
1.161149293184280396e-01
1.441215574741363525e-01
4.658882617950439453e-01
8.150863647460937500e-02
-6.004956737160682678e-02
-6.342179775238037109e-01
-1.000490665435791016e+00
-9.269284605979919434e-01
-7.063857316970825195e-01
-5.728374719619750977e-01
-5.628649890422821045e-02
4.156843423843383789e-01
2.116657346487045288e-01
2.625545263290405273e-01
3.133087456226348877e-01
2.973472476005554199e-01
3.434367775917053223e-01
2.176370620727539062e-01
1.719562262296676636e-01
3.790857493877410889e-01
7.659686803817749023e-01
-2.520271949470043182e-02
1.274774819612503052e-01
-5.138003826141357422e-01
-3.030293583869934082e-01
-2.588427364826202393e-01
2.601021826267242432e-01
2.438108175992965698e-01
-5.792407989501953125e-01
3.252455964684486389e-03
-8.885950446128845215e-01
-4.286870956420898438e-01
-8.614961504936218262e-01
4.743200540542602539e-01
-5.408513545989990234e-01
1.316023707389831543e+00
-7.378381490707397461e-02
1.468361377716064453e+00
-3.690391182899475098e-01
1.653346300125122070e+00
4.134317487478256226e-02
8.151271939277648926e-01
1.097594738006591797e+00
6.072218418121337891e-01
4.663952440023422241e-02
4.502758085727691650e-01
-3.894776999950408936e-01
2.731845714151859283e-02
-1.130119562149047852e+00
8.826230466365814209e-02
-2.846665084362030029e-01
-5.670414566993713379e-01
7.974275350570678711e-01
-2.762345373630523682e-01
1.093001887202262878e-01
-4.712133705615997314e-01
3.243896365165710449e-02
8.323418349027633667e-02
1.136054694652557373e-01
-6.494062542915344238e-01
-1.354906857013702393e-01
-3.592644631862640381e-01
1.485667973756790161e-01
4.856119155883789062e-01
1.818796060979366302e-02
-5.119358375668525696e-02
4.761803150177001953e-01
1.668064892292022705e-01
1.359991729259490967e-02
6.576726436614990234e-01
-7.090731859207153320e-01
5.193364620208740234e-01
-3.076922297477722168e-01
1.513018161058425903e-01
-3.890818655490875244e-01
4.333970546722412109e-01
-2.603842616081237793e-01
2.398975044488906860e-01
9.185689091682434082e-01
6.617815494537353516e-01
1.013239979743957520e+00
1.159186363220214844e+00
3.250858187675476074e-01
4.106499254703521729e-01
2.333005815744400024e-01
3.738426566123962402e-01
6.102462410926818848e-01
-2.830777764320373535e-01
-5.294755697250366211e-01
-5.864889025688171387e-01
-5.201650261878967285e-01
-3.874112665653228760e-01
-5.127687007188796997e-02
-1.837227642536163330e-01
-4.382838308811187744e-01
-4.834788441658020020e-01
-4.471243023872375488e-01
-4.221508502960205078e-01
-7.066892981529235840e-01
-4.915570616722106934e-01
-9.834894537925720215e-02
5.296099781990051270e-01
-3.399429619312286377e-01
1.795476555824279785e+00
1.811522960662841797e+00
2.483560591936111450e-01
8.608374595642089844e-01
-4.345089197158813477e-01
8.625880628824234009e-02
-1.443649269640445709e-02
-9.037563204765319824e-02
-3.362146317958831787e-01
-5.467336773872375488e-01
-6.764987707138061523e-01
-2.271831184625625610e-01
-9.688059985637664795e-02
8.207636475563049316e-01
-3.392505645751953125e-01
1.871128231287002563e-01
-4.458535313606262207e-01
-1.960256993770599365e-01
8.354881405830383301e-01
-2.991023361682891846e-01
1.984385848045349121e-01
2.919815480709075928e-01
1.189161181449890137e+00
1.015377044677734375e+00
1.290729492902755737e-01
-1.612088531255722046e-01
-3.035106062889099121e-01
-2.045210599899291992e-01
-1.198843419551849365e-01
-6.192662119865417480e-01
-7.603816688060760498e-02
-4.445836544036865234e-01
-8.213212490081787109e-01
-5.542907714843750000e-01
1.369695663452148438e-01
1.526460200548171997e-01
-1.041281074285507202e-01
3.487987220287322998e-01
-5.416430830955505371e-01
8.391646146774291992e-01
3.555248379707336426e-01
2.508576512336730957e-01
8.928118944168090820e-01
-1.114023029804229736e-01
3.038760423660278320e-01
-1.580383181571960449e-01
1.413859054446220398e-02
-3.173688650131225586e-01
2.163030654191970825e-01
-3.506301203742623329e-03
2.895643375813961029e-02
-6.044955253601074219e-01
-6.581728458404541016e-01
-4.380207657814025879e-01
1.617201268672943115e-01
3.133430480957031250e-01
3.406566977500915527e-01
6.903287172317504883e-01
5.784487724304199219e-01
3.074605762958526611e-02
9.947038441896438599e-02
8.372495323419570923e-02
1.222134113311767578e+00
4.719415903091430664e-01
6.003097891807556152e-01
5.023151636123657227e-01
1.935161650180816650e-01
4.103887379169464111e-01
2.300855666399002075e-01
-3.864319622516632080e-01
-5.759537220001220703e-01
-7.934358716011047363e-01
-1.080450057983398438e+00
-6.283320784568786621e-01
2.973227500915527344e-01
-5.514933262020349503e-03
-4.130805134773254395e-01
1.043205022811889648e+00
1.066501617431640625e+00
6.575899720191955566e-01
2.257798314094543457e-01
8.250484615564346313e-02
6.189829111099243164e-01
-7.780476007610559464e-03
-2.581338584423065186e-01
4.615946412086486816e-01
-6.254577040672302246e-01
-3.884641081094741821e-02
1.199986562132835388e-01
-9.512695670127868652e-02
3.829422295093536377e-01
1.749090999364852905e-01
1.693821698427200317e-01
6.154285073280334473e-01
-1.683489531278610229e-01
5.634030699729919434e-01
-5.531007051467895508e-01
1.154651045799255371e-01
-7.136299610137939453e-01
-4.460486173629760742e-01
-6.982115656137466431e-02
5.915188789367675781e-01
-3.390064463019371033e-02
4.302821755409240723e-01
1.595084816217422485e-01
3.146444261074066162e-01
5.509191378951072693e-02
-3.451253473758697510e-01
-3.819811344146728516e-02
5.880507826805114746e-02
-2.716622352600097656e-01
-2.955355644226074219e-01
-2.533679604530334473e-01
5.896797031164169312e-02
-1.169554144144058228e-01
2.723040878772735596e-01
4.309228658676147461e-01
2.925355434417724609e-01
8.918610811233520508e-01
7.551175355911254883e-02
-3.184503912925720215e-01
4.823574721813201904e-01
1.293358206748962402e+00
5.557698607444763184e-01
-5.986860990524291992e-01
-3.533115386962890625e-01
-5.816142261028289795e-02
-4.691742360591888428e-01
-2.810250408947467804e-02
3.732572197914123535e-01
-2.615972459316253662e-01
1.021706819534301758e+00
-5.804791301488876343e-02
7.914572954177856445e-02
1.281985044479370117e-01
-1.827391535043716431e-01
-6.254715323448181152e-01
-8.459644019603729248e-02
3.348876535892486572e-01
-1.225715056061744690e-01
9.966520071029663086e-01
8.862420916557312012e-02
2.105676531791687012e-01
-5.837487429380416870e-02
-1.544599980115890503e-01
2.168686687946319580e-01
1.306483298540115356e-01
-6.232781410217285156e-01
-5.995075702667236328e-01
-3.096170127391815186e-01
-4.273074269294738770e-01
4.124421179294586182e-01
-1.527174711227416992e-01
-1.505589634180068970e-01
1.257245987653732300e-01
3.057856261730194092e-01
1.141780018806457520e+00
6.512642651796340942e-02
9.510649442672729492e-01
3.173896074295043945e-01
1.047206670045852661e-01
