-5.558571815490722656e-01
1.661113649606704712e-01
-1.167733222246170044e-01
-1.902573183178901672e-02
-2.482990622520446777e-01
-2.484505623579025269e-01
-4.343600571155548096e-01
4.544351715594530106e-03
-5.562373399734497070e-01
-1.818575710058212280e-01
-6.690710783004760742e-01
3.862656280398368835e-02
-1.990370154380798340e-01
8.063348382711410522e-02
2.904684245586395264e-01
3.060166537761688232e-01
-3.838859796524047852e-01
4.391049444675445557e-01
-1.268693655729293823e-01
4.797442257404327393e-02
-3.601571023464202881e-01
-4.465102851390838623e-01
9.084027260541915894e-02
1.012093871831893921e-01
2.023793309926986694e-01
-1.964597702026367188e-01
-1.284947432577610016e-02
-1.690844446420669556e-02
-5.358089134097099304e-02
1.903159499168395996e+00
5.050032734870910645e-01
6.043894290924072266e-01
5.330908298492431641e-01
4.552875757217407227e-01
7.194999456405639648e-01
4.329019784927368164e-02
3.392074108123779297e-01
-9.236440658569335938e-01
9.265431165695190430e-01
-4.888258576393127441e-01
9.886330366134643555e-01
-2.863672971725463867e-01
1.291606426239013672e+00
3.280692100524902344e-01
7.707852721214294434e-01
2.964889407157897949e-01
-8.397120982408523560e-02
-7.495588809251785278e-02
-1.109267354011535645e+00
1.182075962424278259e-02
-5.394738316535949707e-01
-1.294449716806411743e-01
-4.971508085727691650e-01
4.693625867366790771e-01
-6.377926468849182129e-01
-5.351047962903976440e-03
-1.126771092414855957e+00
2.670840620994567871e-01
-5.733098387718200684e-01
4.234777390956878662e-01
-3.712132573127746582e-01
-9.326005727052688599e-02
-1.262542605400085449e-02
3.763861656188964844e-01
6.848022937774658203e-01
2.194014787673950195e+00
8.877536654472351074e-02
1.127340674400329590e+00
-5.612667649984359741e-02
3.712897002696990967e-01
-3.513741493225097656e-01
1.132323443889617920e-01
9.695431217551231384e-03
-8.609275817871093750e-01
2.511939704418182373e-01
-2.322243601083755493e-01
6.023952960968017578e-01
2.761193215847015381e-01
6.127856373786926270e-01
-4.287498071789741516e-03
-1.648449152708053589e-01
1.468222588300704956e-01
-2.985438406467437744e-01
5.468429923057556152e-01
3.542216718196868896e-01
7.975167036056518555e-01
2.620571255683898926e-01
1.820661872625350952e-01
1.815278455615043640e-02
-5.549927353858947754e-01
-1.190073564648628235e-01
-2.047521620988845825e-02
2.939125299453735352e-01
-1.103582158684730530e-01
1.326305568218231201e-01
-3.179785981774330139e-02
1.174827106297016144e-02
-4.226173162460327148e-01
-2.546583116054534912e-01
-6.257881522178649902e-01
2.072311341762542725e-01
2.979277968406677246e-01
1.560640521347522736e-04
-1.662294864654541016e-01
-6.414581090211868286e-03
-1.377320140600204468e-01
4.766668658703565598e-03
-1.476555764675140381e-01
1.548163145780563354e-01
-1.214480698108673096e-01
4.290091395378112793e-01
-1.643263995647430420e-01
-1.104182302951812744e-01
9.046287089586257935e-02
-1.238481476902961731e-01
3.636146187782287598e-01
3.723055124282836914e-03
2.109747678041458130e-01
5.185326933860778809e-02
-3.291726708412170410e-01
2.915855944156646729e-01
-5.129748582839965820e-01
4.573346078395843506e-01
-6.423055529594421387e-01
1.806848347187042236e-01
6.001290306448936462e-02
5.709328651428222656e-01
-6.902046501636505127e-02
8.449804186820983887e-01
-2.853579223155975342e-01
8.438331484794616699e-01
-6.566579639911651611e-02
4.646750986576080322e-01
-6.080922856926918030e-02
9.168797731399536133e-01
2.694077193737030029e-01
8.850903511047363281e-01
-4.456192553043365479e-01
1.035654544830322266e-01
-6.406646966934204102e-01
-1.612683981657028198e-01
-4.656262397766113281e-01
-8.237754702568054199e-01
-2.448724508285522461e-01
-1.139491200447082520e+00
2.884853258728981018e-02
-3.868550658226013184e-01
3.008937835693359375e-01
3.700697720050811768e-01
5.569347739219665527e-01
2.379414141178131104e-01
6.098710894584655762e-01
5.943561345338821411e-02
3.285510540008544922e-01
6.146917585283517838e-04
-3.635028898715972900e-01
2.118685543537139893e-01
1.360081434249877930e-01
4.208025336265563965e-02
3.219598829746246338e-01
-1.646377444267272949e-01
2.567011117935180664e-01
3.566786050796508789e-01
-2.506780996918678284e-02
3.968189060688018799e-01
-3.687541931867599487e-02
3.021150231361389160e-01
-5.508686304092407227e-01
9.882489219307899475e-03
-1.840841621160507202e-01
3.212775290012359619e-01
-7.278277873992919922e-01
3.959428966045379639e-01
-3.784815371036529541e-01
3.188847303390502930e-01
-1.694611012935638428e-01
8.457711338996887207e-01
-4.247783422470092773e-01
-1.589564085006713867e-01
1.368240453302860260e-02
9.528578072786331177e-02
-7.511574625968933105e-01
-1.136948466300964355e-01
6.980372965335845947e-02
-2.310622930526733398e-01
1.836550086736679077e-01
-6.222142577171325684e-01
2.624097168445587158e-01
-5.813441276550292969e-01
3.742766082286834717e-01
1.329357624053955078e-01
6.555702686309814453e-01
-2.037825062870979309e-02
3.266654312610626221e-01
2.748531699180603027e-01
1.954636722803115845e-01
2.627955079078674316e-01
-2.354494482278823853e-01
2.384040355682373047e-01
-3.545899093151092529e-01
5.640406608581542969e-01
-9.917877912521362305e-01
4.539534747600555420e-01
-6.334899663925170898e-01
-1.359205245971679688e-01
-5.141777396202087402e-01
-3.035854399204254150e-01
-8.532184958457946777e-01
1.426471322774887085e-01
-2.670150995254516602e-01
6.817434430122375488e-01
1.450195014476776123e-01
2.278031110763549805e-01
3.876182734966278076e-01
6.948882937431335449e-01
9.118805527687072754e-01
1.526364088058471680e+00
1.042777776718139648e+00
2.157101929187774658e-01
1.748977303504943848e-01
-4.936248064041137695e-01
-7.087956666946411133e-01
-1.141137257218360901e-02
-4.113326594233512878e-02
9.952873736619949341e-02
2.984015345573425293e-01
-7.095909863710403442e-02
-1.541625261306762695e-01
-1.877273321151733398e-01
-5.813532471656799316e-01
-4.755503535270690918e-01
-7.075305581092834473e-01
-1.010547518730163574e+00
-6.175022721290588379e-01
-1.768048852682113647e-01
-2.904905378818511963e-01
2.038739174604415894e-01
3.542254567146301270e-01
8.408603668212890625e-01
8.994518518447875977e-01
9.181893467903137207e-01
5.915974378585815430e-01
3.606404960155487061e-01
4.195069670677185059e-01
4.722840785980224609e-01
-9.619024395942687988e-02
-5.130086559802293777e-03
-1.611571311950683594e-01
2.073091417551040649e-01
-9.093626737594604492e-01
-8.805852383375167847e-02
-6.494017243385314941e-01
4.260189831256866455e-01
5.922436714172363281e-01
6.158438324928283691e-01
4.098248481750488281e-01
-8.095299005508422852e-01
7.978295087814331055e-01
8.621689677238464355e-02
9.694620966911315918e-01
2.707645297050476074e-01
4.034702479839324951e-01
4.984276592731475830e-01
-2.346776239573955536e-02
7.992136478424072266e-01
2.000004351139068604e-01
3.896626532077789307e-01
-1.008823737502098083e-01
3.763600066304206848e-02
-6.354290843009948730e-01
-9.326941370964050293e-01
-6.288880705833435059e-01
-4.290932118892669678e-01
-6.342863291501998901e-02
-2.482521981000900269e-01
2.367172092199325562e-01
5.140170454978942871e-01
1.016061902046203613e+00
1.245697364211082458e-01
2.505096606910228729e-02
2.409095913171768188e-01
1.588033735752105713e-01
2.062394618988037109e-01
1.182813867926597595e-01
-5.715536698698997498e-02
-4.705161452293395996e-01
-1.035779342055320740e-01
-4.912839233875274658e-01
-1.608587205410003662e-01
-7.858465313911437988e-01
1.004834286868572235e-02
-2.218278795480728149e-01
9.282354116439819336e-01
5.332202315330505371e-01
7.199134826660156250e-01
3.842337429523468018e-01
4.191262722015380859e-01
-1.027219519019126892e-01
5.244355201721191406e-01
-8.202935010194778442e-02
-5.651863664388656616e-02
-4.114828407764434814e-01
-9.147999808192253113e-04
-9.422466903924942017e-02
1.984792053699493408e-01
4.265796020627021790e-02
-8.406602591276168823e-02
7.556468844413757324e-01
-1.046986803412437439e-01
7.604607343673706055e-01
9.098708629608154297e-02
-1.473194956779479980e-01
4.826062917709350586e-02
-6.430744528770446777e-01
-1.113600656390190125e-01
-4.702665805816650391e-01
3.503054678440093994e-01
-5.612255334854125977e-01
4.168536961078643799e-01
2.113518565893173218e-01
2.947389781475067139e-01
-3.166068494319915771e-01
3.759587407112121582e-01
-5.044477581977844238e-01
2.552296519279479980e-01
4.127582013607025146e-01
8.624863624572753906e-01
5.540890693664550781e-01
4.886221885681152344e-02
-2.200925648212432861e-01
-5.114489793777465820e-02
7.806531190872192383e-01
-3.279271125793457031e-01
2.838584184646606445e-01
-1.199188232421875000e-01
2.936023175716400146e-01
-3.128941059112548828e-01
-3.260994702577590942e-02
-1.417298913002014160e-01
1.447918415069580078e-01
-3.116229176521301270e-02
-2.202150970697402954e-01
2.545269727706909180e-01
9.582915343344211578e-03
-1.071307901293039322e-02
-1.578788757324218750e-01
-6.332998275756835938e-01
2.078342288732528687e-01
-1.447278708219528198e-01
-1.874781847000122070e-01
-7.793323695659637451e-02
-3.236557170748710632e-02
-3.097357749938964844e-01
-1.457291096448898315e-01
-5.309748649597167969e-01
9.225248545408248901e-02
5.739057064056396484e-01
9.552323818206787109e-01
5.296009182929992676e-01
1.253856539726257324e+00
1.040804743766784668e+00
8.034442663192749023e-01
-5.019850283861160278e-02
-2.803041040897369385e-01
-2.540116198360919952e-02
-4.011595249176025391e-01
-4.002825319766998291e-01
-3.590142130851745605e-01
-4.019569233059883118e-02
-4.598298668861389160e-01
1.534450333565473557e-02
-1.906883120536804199e-01
-2.487459480762481689e-01
-4.777523130178451538e-02
-2.250708788633346558e-01
3.935711979866027832e-01
-1.876624077558517456e-01
2.018646299839019775e-01
-6.325492262840270996e-01
1.042900204658508301e+00
-3.369477689266204834e-01
5.627759099006652832e-01
-3.017318248748779297e-01
4.610563814640045166e-01
-5.037106871604919434e-01
2.186636626720428467e-01
-6.149009466171264648e-01
2.181564122438430786e-01
-1.633678972721099854e-01
2.291133552789688110e-01
-2.665705084800720215e-01
8.941135406494140625e-01
-1.447418928146362305e-01
-3.376687318086624146e-02
-5.515443086624145508e-01
-6.986586004495620728e-02
-1.751216799020767212e-01
-1.054479181766510010e-01
-1.450626552104949951e-01
-8.755495399236679077e-02
-1.591721922159194946e-01
-5.675302147865295410e-01
3.309493958950042725e-01
6.993332505226135254e-01
9.591528773307800293e-01
1.090661168098449707e+00
1.204101085662841797e+00
5.750620365142822266e-02
-3.851345479488372803e-01
-5.047918558120727539e-01
6.749001741409301758e-01
5.923703312873840332e-01
9.221512079238891602e-01
3.490032851696014404e-01
5.171029567718505859e-01
-5.434381365776062012e-01
2.586219608783721924e-01
-3.272606804966926575e-02
3.737300038337707520e-01
-3.177191019058227539e-01
-5.827274173498153687e-02
-6.733059883117675781e-01
2.611863911151885986e-01
4.988569617271423340e-01
-6.889953017234802246e-01
4.025753960013389587e-02
-3.888900876045227051e-01
-1.419938951730728149e-01
3.360736072063446045e-01
-8.562790751457214355e-01
6.897917389869689941e-01
-5.956867933273315430e-01
9.284780174493789673e-02
2.266197800636291504e-01
1.032088279724121094e+00
3.021903932094573975e-01
7.529649138450622559e-01
4.310339093208312988e-01
2.054283022880554199e-01
-2.781926393508911133e-01
5.280433893203735352e-01
-8.203347027301788330e-02
4.698553681373596191e-01
-5.334048867225646973e-01
4.683495685458183289e-02
-9.613458514213562012e-01
-2.745693922042846680e-01
-1.540006250143051147e-01
-1.383878588676452637e-01
5.070604085922241211e-01
2.757665216922760010e-01
3.475901484489440918e-01
2.924829907715320587e-02
2.280459851026535034e-01
2.784520685672760010e-01
-5.901428312063217163e-02
4.475370347499847412e-01
-3.534714877605438232e-02
6.694075465202331543e-02
-2.076269090175628662e-01
-2.690227031707763672e-01
-5.532631874084472656e-01
-1.058068796992301941e-01
-2.902069687843322754e-01
3.819720819592475891e-02
2.357007414102554321e-01
-1.459151506423950195e-02
-7.885421812534332275e-02
-2.496960163116455078e-01
-2.053526788949966431e-01
2.168278247117996216e-01
7.361046969890594482e-02
6.194992661476135254e-01
1.028242558240890503e-01
-1.377196162939071655e-01
-3.502613604068756104e-01
2.823736891150474548e-02
3.279795348644256592e-01
2.342188656330108643e-01
3.780317902565002441e-01
-1.504177749156951904e-01
4.335469603538513184e-01
7.445618510246276855e-01
3.943762779235839844e-01
1.417563319206237793e+00
5.291066169738769531e-01
3.206360340118408203e-01
1.719244755804538727e-02
2.556481659412384033e-01
-2.711165249347686768e-01
1.347797662019729614e-01
-7.149870395660400391e-01
1.901552528142929077e-01
5.912507697939872742e-02
3.696116060018539429e-02
-2.767317295074462891e-01
-3.509772717952728271e-01
4.025190696120262146e-02
-4.390693604946136475e-01
6.710376590490341187e-02
4.127588495612144470e-02
-8.536202311515808105e-01
1.270638871937990189e-02
-3.492677211761474609e-01
4.207699000835418701e-01
2.390310317277908325e-01
2.279328107833862305e-01
1.643383204936981201e-01
-5.639775395393371582e-01
1.221846938133239746e-01
3.054850995540618896e-01
-1.856533996760845184e-02
4.392352700233459473e-01
