6.588865518569946289e-01
7.059736847877502441e-01
-2.356496453285217285e-01
4.818522930145263672e-01
4.962539076805114746e-01
5.049955844879150391e-01
6.311776638031005859e-01
1.278204172849655151e-01
2.501021511852741241e-02
-4.918617904186248779e-01
-6.263615489006042480e-01
6.021409481763839722e-02
-1.922214776277542114e-01
2.118358612060546875e-01
-1.775005757808685303e-01
1.749535053968429565e-01
-7.519957143813371658e-03
-1.272343993186950684e-01
-5.041723251342773438e-01
-1.499437987804412842e-01
5.485107302665710449e-01
-4.734250009059906006e-01
-3.264716267585754395e-01
5.070980787277221680e-01
6.602762341499328613e-01
5.861370563507080078e-01
4.047062247991561890e-02
-3.199366480112075806e-02
-3.527004271745681763e-03
-1.605409026145935059e+00
-1.207032561302185059e+00
-1.413770467042922974e-01
-4.139845371246337891e-01
-1.344470679759979248e-01
-9.504682421684265137e-01
-1.534348130226135254e-01
-3.764380216598510742e-01
9.377876520156860352e-01
4.467849135398864746e-01
3.709834516048431396e-01
1.868833750486373901e-01
1.104183435440063477e+00
4.685913026332855225e-01
1.335456848144531250e+00
-4.735744297504425049e-01
-6.142590641975402832e-01
-4.263387322425842285e-01
-5.773907899856567383e-01
-5.386068224906921387e-01
-3.936051130294799805e-01
-5.191454291343688965e-01
-2.510837614536285400e-01
-6.399872303009033203e-01
-1.815063506364822388e-02
-4.860841855406761169e-02
6.863791942596435547e-01
6.050425767898559570e-01
-2.745501995086669922e-01
4.821951687335968018e-01
8.226725459098815918e-02
-2.488581985235214233e-01
9.647701978683471680e-01
7.021941542625427246e-01
4.836205840110778809e-01
-7.463104091584682465e-03
4.594072997570037842e-01
3.083469867706298828e-01
1.722977906465530396e-01
-2.590065598487854004e-01
1.339056193828582764e-01
-1.891228556632995605e-01
-6.354894638061523438e-01
-5.778553485870361328e-01
-1.495762914419174194e-01
-5.049192309379577637e-01
-6.544039249420166016e-01
-1.126823760569095612e-02
-2.829812467098236084e-01
2.038952559232711792e-01
-5.144901871681213379e-01
-4.055456221103668213e-01
-9.343611449003219604e-02
6.231722235679626465e-01
2.883457839488983154e-01
1.230022385716438293e-01
2.292996346950531006e-01
-1.879407018423080444e-01
2.735330164432525635e-01
-4.507256746292114258e-01
-2.333383411169052124e-01
-1.917679235339164734e-02
-2.343002259731292725e-01
-5.687774419784545898e-01
-4.465329945087432861e-01
-1.455789804458618164e-01
-3.963628709316253662e-01
-8.258080482482910156e-02
-5.230438709259033203e-02
3.561651706695556641e-01
2.702000737190246582e-01
3.671493232250213623e-01
3.950654864311218262e-01
-1.392165124416351318e-01
7.590291500091552734e-01
1.397999376058578491e-01
1.428952217102050781e-01
3.499388694763183594e-01
-1.614167988300323486e-01
8.195075392723083496e-02
2.913370430469512939e-01
-4.835623782128095627e-03
-1.172216311097145081e-01
3.091134428977966309e-01
1.591674983501434326e-02
-4.016979783773422241e-02
1.108450144529342651e-01
2.610275447368621826e-01
1.772791706025600433e-02
-3.520238399505615234e-01
-3.033365607261657715e-01
-1.670196354389190674e-01
-8.200411796569824219e-01
-9.122080206871032715e-01
2.453038543462753296e-01
4.335571229457855225e-01
2.224940359592437744e-01
-3.594364225864410400e-01
-1.071924343705177307e-01
5.697587728500366211e-01
6.183767914772033691e-01
2.000382393598556519e-01
-2.836705744266510010e-01
-6.628466248512268066e-01
-1.638351827859878540e-01
-2.810917794704437256e-01
-2.070403993129730225e-01
1.003891229629516602e-02
1.548662781715393066e-01
-1.123123168945312500e+00
-3.596528172492980957e-01
-5.057069659233093262e-02
-6.352549195289611816e-01
3.822630643844604492e-01
4.497071206569671631e-01
5.550273656845092773e-01
1.038621068000793457e+00
1.085377812385559082e+00
8.335144519805908203e-01
4.455644488334655762e-01
4.587185755372047424e-02
-3.142876923084259033e-01
-5.098042488098144531e-01
-5.015507340431213379e-01
-5.672726631164550781e-01
-2.693847417831420898e-01
2.889337837696075439e-01
-2.859904170036315918e-01
3.390191867947578430e-02
-5.674304962158203125e-01
-2.439050525426864624e-01
-9.039589762687683105e-02
-2.182456851005554199e-01
3.006856739521026611e-01
4.169750809669494629e-01
4.187414944171905518e-01
-5.823516249656677246e-01
-2.269004285335540771e-01
-1.644549489021301270e+00
-5.730078220367431641e-01
-9.959437698125839233e-02
6.085496544837951660e-01
7.831314802169799805e-01
5.422888994216918945e-01
1.252153664827346802e-01
3.440977036952972412e-01
5.699608922004699707e-01
7.073065638542175293e-01
1.013298891484737396e-02
-1.850749254226684570e-01
-6.744382381439208984e-01
-1.681226044893264771e-01
-1.212074279785156250e+00
5.414330363273620605e-01
5.597599148750305176e-01
4.703349769115447998e-01
6.222797632217407227e-01
-5.438565611839294434e-01
-3.202025592327117920e-01
-5.598630905151367188e-01
-3.080724477767944336e-01
7.779657095670700073e-02
-1.354022920131683350e-01
5.498843789100646973e-01
2.661953866481781006e-01
-4.096683561801910400e-01
-2.189279496669769287e-01
1.727038472890853882e-01
-1.042591407895088196e-01
-2.958934940397739410e-02
6.962178349494934082e-01
4.409098252654075623e-02
-3.907566368579864502e-01
-7.089386582374572754e-01
-2.506823241710662842e-01
-3.819669783115386963e-01
-1.815391927957534790e-01
1.955349445343017578e-01
3.307794034481048584e-01
-1.321226209402084351e-01
4.365239292383193970e-02
9.514937400817871094e-01
3.692216575145721436e-01
4.356237351894378662e-01
-3.530574142932891846e-01
1.087585911154747009e-01
-1.423384994268417358e-01
-3.044403195381164551e-01
-6.293989419937133789e-01
-5.661860480904579163e-02
3.656943440437316895e-01
-2.738513946533203125e-01
-1.420274376869201660e-01
1.483151763677597046e-01
-9.095878154039382935e-02
-1.903370618820190430e-01
7.468178868293762207e-02
-5.744133889675140381e-02
-2.484566867351531982e-01
-6.955946329981088638e-03
-3.703246712684631348e-01
-1.566532552242279053e-01
1.384949237108230591e-01
1.991962790489196777e-01
-7.455686479806900024e-02
1.434959024190902710e-01
3.643504381179809570e-01
1.472204457968473434e-03
-4.346080422401428223e-01
-4.155014455318450928e-02
6.236981153488159180e-01
1.334374547004699707e-01
1.582336574792861938e-01
2.748420536518096924e-01
1.612332165241241455e-01
-4.501859545707702637e-01
4.802586734294891357e-01
-3.637480139732360840e-01
-5.287864208221435547e-01
-6.721649765968322754e-01
-3.039457499980926514e-01
-6.822037696838378906e-01
-3.997491598129272461e-01
-4.403313249349594116e-02
1.580823212862014771e-01
-1.869456619024276733e-01
-3.012903630733489990e-01
-4.918614029884338379e-01
-2.723355591297149658e-01
-2.499639093875885010e-01
-1.473867744207382202e-01
6.393070220947265625e-01
8.136184215545654297e-01
-5.192301049828529358e-02
3.193241655826568604e-01
-9.732095897197723389e-02
-2.601251900196075439e-01
1.637247204780578613e-01
7.799723148345947266e-01
6.561449170112609863e-02
-5.833579227328300476e-02
-2.756714522838592529e-01
-1.613048464059829712e-01
-3.489390015602111816e-01
3.522927761077880859e-01
-7.704305648803710938e-01
-4.204387962818145752e-01
-3.523758351802825928e-01
7.765857130289077759e-02
3.856440782546997070e-01
1.207380294799804688e-01
5.306130647659301758e-01
3.953512310981750488e-01
3.356214761734008789e-01
6.130897402763366699e-01
-4.796625673770904541e-02
1.102459952235221863e-01
2.287758141756057739e-01
1.532535105943679810e-01
-2.952738702297210693e-01
-3.169610798358917236e-01
-5.921566486358642578e-01
-4.823623895645141602e-01
-6.432850360870361328e-01
-2.469652146100997925e-01
-6.772673130035400391e-01
2.184408754110336304e-01
7.398744821548461914e-01
1.508416384458541870e-01
-9.342119097709655762e-03
3.049499690532684326e-01
-1.017657741904258728e-01
5.159680917859077454e-02
-1.183789744973182678e-01
-9.616845846176147461e-01
1.343582123517990112e-01
-7.065566182136535645e-01
-3.987016677856445312e-01
-2.020132988691329956e-01
5.355859175324440002e-02
2.737819254398345947e-01
5.317389219999313354e-02
-2.026715874671936035e-01
6.296422481536865234e-01
3.078218922019004822e-02
2.861489653587341309e-01
1.024478450417518616e-01
2.952190041542053223e-01
4.652878344058990479e-01
9.469923377037048340e-02
7.914252579212188721e-02
-6.144725680351257324e-01
4.095849990844726562e-01
-1.926487535238265991e-01
1.311619859188795090e-02
2.019509524106979370e-01
2.568926662206649780e-02
-2.427531927824020386e-01
-7.495164275169372559e-01
-3.277041912078857422e-01
-2.665798962116241455e-01
5.751911550760269165e-02
6.467568278312683105e-01
-1.002515479922294617e-01
-2.114741206169128418e-01
-1.947785615921020508e-01
8.444399572908878326e-04
-2.956758439540863037e-01
-6.644924283027648926e-01
-4.222333133220672607e-01
4.543573856353759766e-01
6.014920473098754883e-01
4.678164422512054443e-01
3.772644698619842529e-01
4.706038832664489746e-01
-2.104157060384750366e-01
-3.963095247745513916e-01
1.589297801256179810e-01
-4.249894320964813232e-01
-3.149875998497009277e-01
-1.758931577205657959e-02
-5.513178110122680664e-01
1.515753120183944702e-01
-4.478283971548080444e-02
5.503748357295989990e-02
2.741853892803192139e-02
-2.101572751998901367e-01
3.389764130115509033e-01
3.690500259399414062e-01
7.399676442146301270e-01
4.377970993518829346e-01
1.172993540763854980e+00
2.286075353622436523e-01
-1.857937723398208618e-01
-1.710519045591354370e-01
-4.190871715545654297e-01
-3.712440431118011475e-01
-1.431518197059631348e-01
-1.137623935937881470e-01
-4.406026303768157959e-01
5.452695116400718689e-02
-1.034549236297607422e+00
-3.735420405864715576e-01
-6.599658727645874023e-01
4.270475506782531738e-01
3.617975711822509766e-01
4.343880414962768555e-01
3.125601708889007568e-01
4.006178677082061768e-01
1.083193570375442505e-01
1.280737370252609253e-01
5.060727596282958984e-01
2.417229562997817993e-01
-7.317327857017517090e-01
-7.830734550952911377e-02
9.622910991311073303e-03
5.349655151367187500e-01
8.705659508705139160e-01
1.627075225114822388e-01
-7.509898394346237183e-02
-7.528169453144073486e-02
7.018405199050903320e-02
-5.936767160892486572e-02
-2.467455528676509857e-02
-2.133309543132781982e-01
-4.731401801109313965e-01
2.416759133338928223e-01
-5.023080706596374512e-01
-9.655871242284774780e-02
8.532621711492538452e-02
1.276567131280899048e-01
-5.286132693290710449e-01
1.375070810317993164e-01
-4.096598923206329346e-01
-8.067458122968673706e-02
-6.261731386184692383e-01
1.023025363683700562e-01
-2.287324517965316772e-01
-1.127848848700523376e-01
-2.900807000696659088e-02
8.513776585459709167e-03
7.796961069107055664e-01
3.645684123039245605e-01
2.432926148176193237e-01
8.837500214576721191e-01
-1.052667856216430664e+00
-1.749489903450012207e-01
1.736583411693572998e-01
3.246432840824127197e-01
-4.812456369400024414e-01
7.084704190492630005e-02
-3.879765048623085022e-02
-1.983826160430908203e-01
-3.711779117584228516e-01
-2.444932907819747925e-01
-1.860907860100269318e-02
-1.343695968389511108e-01
-6.361057758331298828e-01
6.277326345443725586e-01
-4.225356280803680420e-01
2.431861162185668945e-01
1.391752213239669800e-01
6.828250288963317871e-01
9.015201926231384277e-01
1.569998413324356079e-01
-1.394781097769737244e-02
-3.099760226905345917e-02
-2.043133378028869629e-01
1.867343336343765259e-01
2.328408360481262207e-01
-4.837284982204437256e-01
-6.654891371726989746e-01
-1.317848563194274902e-01
-6.926764249801635742e-01
-4.304430913180112839e-03
-5.443196296691894531e-01
3.971608281135559082e-01
2.748897671699523926e-01
-1.357590854167938232e-01
-2.598643004894256592e-01
-2.812025547027587891e-01
-1.707349419593811035e-01
-6.378194093704223633e-01
-4.335550218820571899e-02
2.940366268157958984e-01
3.091247081756591797e-01
7.706667184829711914e-01
1.217841386795043945e+00
7.504453063011169434e-01
1.260424256324768066e-01
-1.108266413211822510e-01
-8.100245893001556396e-02
-7.214260101318359375e-01
-2.990084886550903320e-01
-2.894601523876190186e-01
5.818572361022233963e-03
-1.916287392377853394e-01
4.487974643707275391e-01
2.572220563888549805e-01
2.873802781105041504e-01
3.273325413465499878e-02
-4.650283753871917725e-01
4.425907135009765625e-02
-2.112689167261123657e-01
-5.178544521331787109e-01
-7.730071544647216797e-01
-3.252596855163574219e-01
-7.790660262107849121e-01
-4.389518201351165771e-01
-2.058722227811813354e-01
-1.427473574876785278e-01
-1.162148416042327881e-01
7.651619315147399902e-01
7.771162986755371094e-01
3.059796094894409180e-01
5.734488964080810547e-01
8.424677252769470215e-01
1.275488615036010742e+00
5.835712552070617676e-01
2.208652347326278687e-02
-1.363762766122817993e-01
-1.173072576522827148e+00
2.474590688943862915e-01
5.167168378829956055e-02
-2.258694544434547424e-02
1.030256077647209167e-01
-2.552044093608856201e-01
-1.730777919292449951e-01
-5.127045512199401855e-02
1.131637096405029297e+00
-4.891101419925689697e-01
-3.575638830661773682e-01
-1.981067806482315063e-01
-2.150232717394828796e-02
-1.891535520553588867e+00
3.507779240608215332e-01
-5.289826393127441406e-01
-5.679865553975105286e-02
-2.327221035957336426e-01
6.448508501052856445e-01
1.454788208007812500e+00
-3.393149673938751221e-01
2.306292951107025146e-01
-4.718097448348999023e-01
