1.204202026128768921e-01
-8.427885770797729492e-01
-2.013441622257232666e-01
-3.485833108425140381e-01
-1.402534544467926025e-01
5.251066759228706360e-02
3.515904843807220459e-01
-6.337856054306030273e-01
2.386714071035385132e-01
1.723396480083465576e-01
1.636672466993331909e-01
-6.326063722372055054e-02
1.075348258018493652e-01
-6.016833782196044922e-01
2.871105372905731201e-01
-3.073927462100982666e-01
-1.702281832695007324e-01
-2.545980811119079590e-01
-1.372700333595275879e-01
-2.925814390182495117e-01
8.970527350902557373e-02
-1.527726352214813232e-01
-1.299140900373458862e-01
6.538186222314834595e-02
7.634151726961135864e-03
-5.582391023635864258e-01
4.772015213966369629e-01
-7.211664319038391113e-01
4.146906137466430664e-01
-1.561118811368942261e-01
3.909933269023895264e-01
8.108332753181457520e-01
-2.174824941903352737e-03
-2.892899811267852783e-01
6.441552042961120605e-01
-6.893231272697448730e-01
5.748351216316223145e-01
-7.750605940818786621e-01
2.788660824298858643e-01
-8.444934487342834473e-01
-2.344650626182556152e-01
-8.444113731384277344e-01
-7.378921508789062500e-01
-5.932270288467407227e-01
-1.911746412515640259e-01
3.534543793648481369e-03
-7.017023861408233643e-02
3.099858164787292480e-01
1.837421506643295288e-01
3.972382843494415283e-02
6.089375615119934082e-01
9.553938508033752441e-01
9.832839369773864746e-01
1.340281844139099121e+00
7.057720422744750977e-01
1.155977249145507812e+00
-3.459930792450904846e-02
-1.117619156837463379e+00
-3.392656147480010986e-01
-2.717025518417358398e+00
-1.216645598411560059e+00
-1.486309170722961426e+00
-1.149720072746276855e+00
-1.171983122825622559e+00
-4.712122678756713867e-01
-5.804221034049987793e-01
9.897176623344421387e-01
1.072788953781127930e+00
5.229997038841247559e-01
3.436807394027709961e-01
1.154109358787536621e+00
1.285762190818786621e+00
9.115219116210937500e-01
2.618934810161590576e-01
6.510393023490905762e-01
-1.665187627077102661e-01
2.868551388382911682e-02
-3.164824843406677246e-02
-5.514591932296752930e-01
-3.634338676929473877e-01
4.543211460113525391e-01
-2.017756253480911255e-01
-1.211544647812843323e-01
3.041160106658935547e-01
-6.042228937149047852e-01
-2.151277959346771240e-01
-3.030540049076080322e-01
-5.025137066841125488e-01
-2.353129684925079346e-01
-4.042230546474456787e-01
-7.112185955047607422e-01
-8.402609825134277344e-01
-5.583509206771850586e-01
-6.654663085937500000e-01
-5.047940611839294434e-01
8.506264090538024902e-01
5.870152264833450317e-03
-2.430623918771743774e-01
1.254342198371887207e-01
3.011229336261749268e-01
-5.919291973114013672e-01
-5.375925302505493164e-01
-3.416194021701812744e-01
4.474978446960449219e-01
3.222617506980895996e-01
4.172696769237518311e-01
5.189318656921386719e-01
5.917437076568603516e-01
4.981538355350494385e-01
3.736703395843505859e-01
2.163026183843612671e-01
9.271052479743957520e-01
9.140096902847290039e-01
1.175267100334167480e+00
3.814353644847869873e-01
-1.002874895930290222e-01
1.140019893646240234e-01
-6.235369443893432617e-01
-2.680603861808776855e-01
-6.008106470108032227e-01
-5.162177681922912598e-01
-8.424012064933776855e-01
-6.702641248703002930e-01
1.237398982048034668e-01
2.119325846433639526e-01
-4.142911136150360107e-01
-1.360478997230529785e-01
-6.539880037307739258e-01
-1.077328696846961975e-01
5.516933798789978027e-01
-3.561539947986602783e-02
-2.788117527961730957e-01
-5.294901132583618164e-01
-6.250097155570983887e-01
4.682187363505363464e-02
-3.946842253208160400e-01
2.569112181663513184e-01
-8.685780763626098633e-01
-2.793661952018737793e-01
1.042784675955772400e-01
-1.154512865468859673e-03
1.004927158355712891e+00
6.562389135360717773e-01
6.273227930068969727e-01
7.128753662109375000e-01
4.357115328311920166e-01
1.542103439569473267e-01
2.262692451477050781e-01
2.999145388603210449e-01
4.877391457557678223e-01
2.699466943740844727e-01
-2.435166388750076294e-01
-4.887207224965095520e-02
-5.469492673873901367e-01
-1.472370922565460205e-01
-5.807482600212097168e-01
-3.553725183010101318e-01
-5.734834074974060059e-01
-4.323232546448707581e-02
-2.161512076854705811e-01
-3.011838197708129883e-01
-3.296502232551574707e-01
-9.322445094585418701e-02
-2.722274661064147949e-01
-3.159066140651702881e-01
-3.932448923587799072e-01
-5.045285224914550781e-01
-2.969452440738677979e-01
4.455198645591735840e-01
1.228328227996826172e+00
4.586740732192993164e-01
1.142162680625915527e-01
4.879709184169769287e-01
1.089228224009275436e-02
1.957683563232421875e-01
-1.938158869743347168e-01
-5.112746953964233398e-01
-2.260493785142898560e-01
-5.241535305976867676e-01
5.579962730407714844e-01
-1.007118746638298035e-01
1.448011696338653564e-01
1.446611136198043823e-01
4.047648012638092041e-01
2.679041400551795959e-02
-1.419328749179840088e-01
1.946315169334411621e-01
-2.343529164791107178e-01
5.531423687934875488e-01
1.969620883464813232e-01
6.250551939010620117e-01
2.322647124528884888e-01
8.649650961160659790e-02
3.434102237224578857e-02
-5.660519748926162720e-02
-3.135033249855041504e-01
-1.336120963096618652e+00
-9.792963862419128418e-01
-6.836373358964920044e-03
-2.002095937728881836e+00
-1.666368544101715088e-01
4.670234322547912598e-01
-3.661216497421264648e-01
7.799433916807174683e-02
-2.710996270179748535e-01
-1.778149753808975220e-01
4.883418083190917969e-01
4.539971947669982910e-01
-4.084651544690132141e-02
-7.825518399477005005e-02
-2.526328563690185547e-01
2.910011112689971924e-01
-1.847763359546661377e-01
2.428220510482788086e-01
1.021946072578430176e+00
2.581469714641571045e-01
-5.060504078865051270e-01
-2.622917294502258301e-01
-3.764969706535339355e-01
-1.505201309919357300e-01
3.959058225154876709e-02
-2.484669089317321777e-01
-5.793179869651794434e-01
1.001138836145401001e-01
6.667371839284896851e-02
4.443983435630798340e-01
9.127948284149169922e-01
4.323989450931549072e-01
2.021062225103378296e-01
4.488708674907684326e-01
-7.557754516601562500e-01
-1.149329423904418945e+00
-9.654756784439086914e-01
-3.740658760070800781e-01
-2.600247263908386230e-01
1.091292221099138260e-02
-2.106607705354690552e-01
1.862531155347824097e-01
1.688468456268310547e-01
3.506575524806976318e-01
3.756240010261535645e-01
-3.137922883033752441e-01
4.920763969421386719e-01
-1.164914369583129883e-01
2.880384624004364014e-01
1.228172481060028076e-01
2.949716448783874512e-01
-1.145988106727600098e+00
-5.909395813941955566e-01
-5.951257348060607910e-01
-5.207236409187316895e-01
8.208341151475906372e-02
-6.411690711975097656e-01
5.558877587318420410e-01
3.859584778547286987e-02
-5.046951398253440857e-02
-3.582687079906463623e-01
-7.887935638427734375e-02
-2.588086128234863281e-01
-2.627689540386199951e-01
-2.095567882061004639e-01
-3.538612127304077148e-01
1.481325924396514893e-01
-5.430744290351867676e-01
-2.878352403640747070e-01
-5.257447361946105957e-01
-2.348745763301849365e-01
1.847397536039352417e-01
6.030603647232055664e-01
3.173659145832061768e-01
2.800690233707427979e-01
9.580991230905056000e-03
2.193941362202167511e-02
-7.507009059190750122e-02
-1.057789102196693420e-01
-1.792139530181884766e+00
-1.764654666185379028e-01
6.843094527721405029e-02
2.763166725635528564e-01
3.553651869297027588e-01
6.184307336807250977e-01
-2.146555855870246887e-02
8.216931819915771484e-01
-6.231082677841186523e-01
4.400078356266021729e-01
5.276147127151489258e-01
3.357006311416625977e-01
-7.398427724838256836e-01
1.823677271604537964e-01
9.031597524881362915e-03
-2.920604050159454346e-01
3.793620318174362183e-02
-8.876293897628784180e-02
-1.097772240638732910e+00
4.271219372749328613e-01
9.485572576522827148e-02
-1.063021421432495117e-01
-2.868988513946533203e-01
4.412286281585693359e-01
-1.629302978515625000e+00
9.027267247438430786e-02
-6.230863556265830994e-02
-5.934833884239196777e-01
-4.440412670373916626e-02
-6.105148792266845703e-01
-5.632457733154296875e-01
-9.962190985679626465e-01
-1.663273572921752930e-01
-4.181755781173706055e-01
5.329202413558959961e-01
3.774139285087585449e-01
4.533788561820983887e-01
-2.086391896009445190e-01
4.280394688248634338e-02
3.485988974571228027e-01
3.539345264434814453e-01
1.879405826330184937e-01
-3.507399857044219971e-01
2.101986408233642578e-01
-4.916852712631225586e-01
9.135807752609252930e-01
8.346830308437347412e-02
3.705837428569793701e-01
-7.207667455077171326e-03
-1.727772653102874756e-01
-3.379783332347869873e-01
-5.959931612014770508e-01
-2.953311055898666382e-02
-5.688483119010925293e-01
-4.348071217536926270e-01
-6.178585439920425415e-02
-1.973894387483596802e-01
5.212391018867492676e-01
-3.886761367321014404e-01
-4.619764685630798340e-01
-5.257050320506095886e-02
8.174400031566619873e-02
1.784101128578186035e-01
5.036659240722656250e-01
2.045974433422088623e-01
-1.471226811408996582e-01
-7.036435008049011230e-01
-2.501222677528858185e-02
-7.555026412010192871e-01
-5.666902661323547363e-01
-4.664614796638488770e-02
6.468833684921264648e-01
-1.697307825088500977e-01
1.039196550846099854e-02
-4.114072024822235107e-02
-6.371564269065856934e-01
5.037545561790466309e-01
7.964807152748107910e-01
-3.357759714126586914e-01
4.267665743827819824e-01
2.298036590218544006e-02
5.952034592628479004e-01
3.478161990642547607e-01
1.230148002505302429e-01
9.819319844245910645e-02
-7.082124799489974976e-02
-4.247734546661376953e-01
4.140113946050405502e-03
-1.578789204359054565e-01
-8.937683105468750000e-01
-5.104846358299255371e-01
1.522212177515029907e-01
-2.644041776657104492e-01
4.328589439392089844e-01
-4.724685549736022949e-01
8.932118071243166924e-04
-3.572110235691070557e-01
-4.972938895225524902e-01
6.503616273403167725e-02
3.650868535041809082e-01
1.166724041104316711e-01
7.263360023498535156e-01
3.592676818370819092e-01
8.610342741012573242e-01
8.260367512702941895e-01
4.947419762611389160e-01
6.637412309646606445e-02
2.547297179698944092e-01
-6.042183935642242432e-02
-2.009407877922058105e-01
-2.452050447463989258e-01
-1.942570805549621582e-01
-3.164656460285186768e-01
-4.504675865173339844e-01
-1.972514539957046509e-01
3.427801728248596191e-01
-3.028346002101898193e-01
-4.511258304119110107e-01
-3.370974063873291016e-01
1.043011099100112915e-01
-4.323824048042297363e-01
2.858081459999084473e-01
3.228045403957366943e-01
-4.951135814189910889e-02
-5.010841488838195801e-01
4.972501397132873535e-01
-4.917038977146148682e-01
-8.162475377321243286e-02
-3.789393603801727295e-01
3.257501721382141113e-01
6.081985235214233398e-01
-3.680468797683715820e-01
-6.152022480964660645e-01
-2.621208429336547852e-01
-7.307437062263488770e-01
5.027469992637634277e-01
-7.516851425170898438e-01
-7.608482837677001953e-01
1.653770059347152710e-01
2.948203086853027344e-01
-1.317989826202392578e-01
-2.394420057535171509e-01
1.728671602904796600e-02
-4.045756757259368896e-01
-2.052632160484790802e-02
-1.037514507770538330e-01
3.651504516601562500e-01
8.529416918754577637e-01
-5.428621917963027954e-02
1.620248854160308838e-01
-4.951011836528778076e-01
1.532647162675857544e-01
-7.620636820793151855e-01
5.592386126518249512e-01
1.399252861738204956e-01
5.859026312828063965e-01
-4.170879125595092773e-01
-7.976602017879486084e-02
2.179369032382965088e-01
3.278970122337341309e-01
-4.522656798362731934e-01
-3.614584803581237793e-01
-5.530048608779907227e-01
2.151502966880798340e-01
2.350460588932037354e-01
3.483869433403015137e-01
-1.491230279207229614e-01
1.182252448052167892e-02
1.189828068017959595e-01
-4.157522022724151611e-01
9.034954905509948730e-01
-8.244569301605224609e-01
3.713328540325164795e-01
-6.329966187477111816e-01
-7.032006233930587769e-02
-1.031536936759948730e+00
-1.539102755486965179e-02
-3.974372446537017822e-01
-6.732134521007537842e-02
-1.786439716815948486e-01
6.020143628120422363e-02
-2.339247912168502808e-01
3.408393859863281250e-01
4.779092073440551758e-01
1.237262129783630371e+00
7.606204152107238770e-01
1.208622679114341736e-01
-1.861140877008438110e-01
1.430164426565170288e-01
2.197661697864532471e-01
-2.769109308719635010e-01
-2.304230183362960815e-01
-1.773331165313720703e-01
2.168337851762771606e-01
-7.697276473045349121e-01
2.725933194160461426e-01
-2.936811149120330811e-01
-4.265749752521514893e-01
4.428806900978088379e-02
-1.832353621721267700e-01
-6.678764820098876953e-01
-8.039976954460144043e-01
-3.022145926952362061e-01
-8.007983118295669556e-02
-5.143548846244812012e-01
-2.210276871919631958e-01
1.862965524196624756e-02
-2.345910221338272095e-01
-4.146333634853363037e-01
-5.887526646256446838e-02
-1.830223798751831055e-01
-3.307233750820159912e-02
4.479251801967620850e-03
7.755001187324523926e-01
3.842955529689788818e-01
1.819488853216171265e-01
3.195906281471252441e-01
-4.849937260150909424e-01
5.642828941345214844e-01
5.669505000114440918e-01
6.225181221961975098e-01
5.271940827369689941e-01
5.638779401779174805e-01
5.848549604415893555e-01
-1.209442734718322754e+00
-3.771362826228141785e-02
-1.390550971031188965e+00
-5.116384029388427734e-01
-7.727513089776039124e-03
1.076940000057220459e-01
7.907993346452713013e-02
8.782095313072204590e-01
2.316922843456268311e-01
-1.341035068035125732e-01
-1.622810363769531250e+00
-2.548302710056304932e-01
-5.227271318435668945e-01
-1.554672420024871826e-01
