-1.295461654663085938e-01
-3.022695481777191162e-01
-9.616196155548095703e-01
-3.558863997459411621e-01
-2.692179977893829346e-01
-7.697129845619201660e-01
-1.087218523025512695e+00
8.370833992958068848e-01
1.303951144218444824e-01
1.156191349029541016e+00
-1.825612038373947144e-01
1.933984160423278809e-01
-8.265871554613113403e-02
4.491864740848541260e-01
-1.135554760694503784e-01
8.704830706119537354e-02
-2.301928997039794922e-01
-4.233022630214691162e-01
9.897737205028533936e-02
-7.372065186500549316e-01
-6.288080811500549316e-01
-4.280280172824859619e-01
-5.888388305902481079e-02
-2.661924660205841064e-01
-2.987124323844909668e-01
4.432306885719299316e-01
3.963629305362701416e-01
8.635817170143127441e-01
5.872587561607360840e-01
-2.159479707479476929e-01
-6.329289674758911133e-01
1.813948452472686768e-01
-7.176982760429382324e-01
3.977741599082946777e-01
-7.340953946113586426e-01
-4.774902462959289551e-01
-4.702773988246917725e-01
-2.349773496389389038e-01
6.716454867273569107e-03
3.196083381772041321e-02
4.979146122932434082e-01
8.564317822456359863e-01
-4.156149327754974365e-01
5.446852445602416992e-01
-2.141585499048233032e-01
7.552403956651687622e-02
-1.784718483686447144e-01
5.267635583877563477e-01
-3.157789409160614014e-01
3.656139969825744629e-01
1.401522308588027954e-01
-1.105315685272216797e-01
-4.534322321414947510e-01
2.228199243545532227e-01
-5.178251862525939941e-01
-4.544812142848968506e-01
-9.642733335494995117e-01
-4.130814373493194580e-01
-1.838456243276596069e-01
4.034155309200286865e-01
2.096120119094848633e-01
2.322659194469451904e-01
4.382148683071136475e-01
-2.417152225971221924e-01
1.870855987071990967e-01
5.888229012489318848e-01
-5.018257498741149902e-01
4.536266922950744629e-01
4.504129886627197266e-01
-4.508371055126190186e-01
-3.984481096267700195e-01
8.614035844802856445e-01
-9.022358059883117676e-01
-3.416761457920074463e-01
-1.003844663500785828e-01
-2.000883221626281738e-01
9.060009717941284180e-01
-1.019881963729858398e+00
6.637571454048156738e-01
-2.967951893806457520e-01
-6.316264271736145020e-01
6.432512998580932617e-01
-1.954674422740936279e-01
1.205622106790542603e-01
7.308990955352783203e-01
-4.817081391811370850e-01
-3.352913260459899902e-01
3.490562438964843750e-01
-6.405126452445983887e-01
-2.462614476680755615e-01
-9.325988292694091797e-01
-6.084965467453002930e-01
2.305095195770263672e-01
-5.417098999023437500e-01
8.570382595062255859e-01
4.427061080932617188e-01
9.266160726547241211e-01
7.629455924034118652e-01
1.052260279655456543e+00
-4.267019331455230713e-01
-8.866533637046813965e-01
3.187230825424194336e-01
-2.908001244068145752e-01
-5.589495301246643066e-01
-1.848058849573135376e-01
-4.676517546176910400e-01
1.751748770475387573e-01
-7.004200220108032227e-01
-4.791163802146911621e-01
-5.556704401969909668e-01
-1.094846278429031372e-01
9.450341761112213135e-02
2.643555998802185059e-01
7.018198370933532715e-01
3.534490764141082764e-01
1.127450346946716309e+00
-4.750137627124786377e-01
-2.559741437435150146e-01
-5.875769257545471191e-01
5.315876752138137817e-02
7.023128867149353027e-01
1.934287250041961670e-01
-1.649758778512477875e-03
1.004012107849121094e+00
-8.152561783790588379e-01
7.506018280982971191e-01
-4.047853946685791016e-01
-8.750590085983276367e-01
7.615783810615539551e-01
-2.413881719112396240e-01
-8.570398092269897461e-01
1.794631630182266235e-01
1.091523654758930206e-02
3.859050869941711426e-01
-7.797316908836364746e-01
-1.323804557323455811e-01
2.969697415828704834e-01
4.608478397130966187e-02
-9.974795579910278320e-02
-5.747383236885070801e-01
-3.690039739012718201e-02
2.364695966243743896e-01
-2.233087867498397827e-01
-8.015788346529006958e-02
-5.120269656181335449e-01
-6.069378256797790527e-01
-1.775940656661987305e-01
-3.638272881507873535e-01
-2.622185349464416504e-01
4.954562783241271973e-01
3.678508698940277100e-01
5.795856118202209473e-01
-3.537375926971435547e-01
7.798256278038024902e-01
-1.417171210050582886e-01
4.522061645984649658e-01
-4.393967986106872559e-01
1.157196044921875000e+00
-8.423547744750976562e-01
8.047868609428405762e-01
-1.803744077682495117e+00
-7.626695036888122559e-01
3.793197274208068848e-01
-9.759926795959472656e-01
-1.483269631862640381e-01
8.449120074510574341e-02
6.348787546157836914e-01
-4.505786672234535217e-02
3.881705105304718018e-01
3.176481723785400391e-01
-1.574221253395080566e-02
-1.054754257202148438e-01
1.101120188832283020e-01
6.261715292930603027e-01
7.076278328895568848e-01
-3.383019268512725830e-01
-2.871468961238861084e-01
-3.075461387634277344e-01
-5.364998579025268555e-01
-3.694955706596374512e-01
7.129228115081787109e-01
-2.554899156093597412e-01
1.659416705369949341e-01
5.501450039446353912e-03
-9.553553164005279541e-02
7.247452437877655029e-02
-1.473012939095497131e-02
1.253231883049011230e+00
3.155205547809600830e-01
-7.449360489845275879e-01
-6.592495441436767578e-01
-5.550676584243774414e-01
-7.108724117279052734e-01
-4.290476739406585693e-01
4.477619826793670654e-01
3.769104182720184326e-01
-8.589935302734375000e-01
8.027670979499816895e-01
-7.509370446205139160e-01
4.123181104660034180e-01
2.425796240568161011e-01
-2.273982167243957520e-01
6.479058861732482910e-01
-7.339242696762084961e-01
-2.239867150783538818e-01
1.763353347778320312e-01
6.649976372718811035e-01
-5.483602285385131836e-01
-3.583269119262695312e-01
1.408628672361373901e-01
-3.801726996898651123e-01
-4.491842389106750488e-01
1.863356977701187134e-01
3.964643180370330811e-01
-1.477645188570022583e-01
5.984559655189514160e-01
-6.078827381134033203e-01
1.075988531112670898e+00
1.404706239700317383e-01
-3.245272338390350342e-01
1.056223034858703613e+00
-7.155902385711669922e-01
1.874635666608810425e-01
-7.965965569019317627e-02
-4.303394556045532227e-01
1.198768839240074158e-01
3.842559456825256348e-01
-8.262851238250732422e-01
3.810433149337768555e-01
-8.411546945571899414e-01
-2.020817399024963379e-01
-2.006738632917404175e-01
-9.061338305473327637e-01
-1.048479601740837097e-02
-1.435326877981424332e-02
5.436065793037414551e-02
5.389955639839172363e-01
4.059331715106964111e-01
4.288091361522674561e-01
7.680161595344543457e-01
1.805912703275680542e-02
2.654367089271545410e-01
-3.682010769844055176e-01
-1.199012756347656250e+00
4.876243472099304199e-01
-3.697320222854614258e-01
-1.305111289024353027e+00
-6.381236910820007324e-01
-1.026591539382934570e+00
1.528403609991073608e-01
2.658510208129882812e-01
4.815844595432281494e-01
-1.655309647321701050e-01
1.077276706695556641e+00
9.140223860740661621e-01
-8.480682969093322754e-02
-7.752805948257446289e-02
-2.051037549972534180e+00
-2.063334465026855469e+00
2.805340290069580078e-01
-5.927491560578346252e-02
-7.630951702594757080e-02
-4.033883810043334961e-01
1.692796051502227783e-01
-1.124464869499206543e+00
-4.668034613132476807e-01
4.055838286876678467e-01
-1.625882685184478760e-01
9.258324503898620605e-01
4.336465895175933838e-01
3.579736649990081787e-01
7.246525883674621582e-01
-1.934022426605224609e+00
-7.243216782808303833e-02
6.972284987568855286e-03
7.555034756660461426e-01
9.966866374015808105e-01
1.088941097259521484e+00
6.935613155364990234e-01
-1.577791869640350342e-01
-6.052678823471069336e-02
1.142004847526550293e+00
-6.111534833908081055e-01
2.127554863691329956e-01
-7.213070243597030640e-02
-6.909367442131042480e-01
-1.629637479782104492e+00
-6.570335626602172852e-01
-1.121828556060791016e+00
-2.330008447170257568e-01
-5.813628435134887695e-01
4.451598227024078369e-01
-3.586878478527069092e-01
4.552675485610961914e-01
-9.059934318065643311e-02
-3.150148391723632812e-01
-4.814214110374450684e-01
1.940248310565948486e-01
-6.789155602455139160e-01
-5.337467789649963379e-01
8.824501037597656250e-01
-1.411333829164505005e-01
5.362984538078308105e-01
5.053952336311340332e-01
8.845830559730529785e-01
4.921548813581466675e-02
1.496262848377227783e-01
-3.536151349544525146e-02
2.587667293846607208e-02
5.629855990409851074e-01
3.704970180988311768e-01
-3.539355993270874023e-01
1.024341583251953125e-01
-4.583356529474258423e-02
-1.133705675601959229e-01
-2.505795955657958984e-01
-9.363938570022583008e-01
-4.324739053845405579e-02
-1.626854062080383301e+00
-1.312738358974456787e-01
-2.397423833608627319e-01
-9.402933120727539062e-01
2.208525389432907104e-01
6.234408617019653320e-01
5.363714098930358887e-01
-2.717872262001037598e-01
-7.823246121406555176e-01
2.674006670713424683e-02
-2.223172336816787720e-01
1.207059264183044434e+00
-5.698670744895935059e-01
1.161175370216369629e+00
8.223769664764404297e-01
5.304328203201293945e-01
5.092795938253402710e-03
-6.224024295806884766e-01
-3.911997377872467041e-01
-5.184049010276794434e-01
-3.823962211608886719e-01
-4.858380258083343506e-01
9.580418467521667480e-02
3.534860908985137939e-02
-4.494413137435913086e-01
8.806315250694751740e-03
3.119933903217315674e-01
-9.122653603553771973e-01
1.675847619771957397e-01
-6.559243798255920410e-02
6.825440526008605957e-01
-5.669099688529968262e-01
3.167468309402465820e-01
-5.751175284385681152e-01
-5.669713020324707031e-01
3.516975641250610352e-01
-7.326050996780395508e-01
-4.460265934467315674e-01
4.812603592872619629e-01
7.295979261398315430e-01
4.589173495769500732e-01
3.136513829231262207e-01
3.607668578624725342e-01
3.493176698684692383e-01
-4.144662916660308838e-01
8.981280028820037842e-02
1.005882978439331055e+00
-4.661073088645935059e-01
-2.171475589275360107e-01
5.246173739433288574e-01
-4.975936114788055420e-01
-5.638045072555541992e-01
-7.863301634788513184e-01
-7.376428842544555664e-01
4.225692749023437500e-01
7.768446803092956543e-01
5.053907036781311035e-01
5.056642293930053711e-01
5.080531239509582520e-01
4.504423439502716064e-01
3.606910109519958496e-01
1.746735423803329468e-01
-2.834460437297821045e-01
1.138521209359169006e-01
-9.964714944362640381e-02
2.380081862211227417e-01
-7.490569949150085449e-01
-6.102692484855651855e-01
-4.836725592613220215e-01
-1.299700260162353516e+00
-4.025787413120269775e-01
-5.937171727418899536e-02
-8.762624114751815796e-02
-1.782300174236297607e-01
-2.381884902715682983e-01
6.707147955894470215e-01
-3.768101930618286133e-01
7.478431612253189087e-02
-3.100042641162872314e-01
1.566155254840850830e-01
-4.210991263389587402e-01
8.703428506851196289e-01
-3.412944450974464417e-02
3.807727694511413574e-01
-4.824517667293548584e-01
2.520324885845184326e-01
1.322853714227676392e-01
2.510100007057189941e-01
1.995364278554916382e-01
-1.014078687876462936e-02
-8.994168043136596680e-02
5.938864350318908691e-01
-3.211665451526641846e-01
-1.845874190330505371e-01
6.808566302061080933e-02
-6.715714931488037109e-02
-6.350644230842590332e-01
-4.340705275535583496e-01
-8.427558541297912598e-01
-1.061059355735778809e+00
1.372416019439697266e-01
-7.324895858764648438e-01
-9.295291453599929810e-02
1.602292656898498535e-01
-3.177689015865325928e-01
3.222421109676361084e-01
-2.807288467884063721e-01
-1.244876310229301453e-01
-2.529411315917968750e-01
4.869554936885833740e-01
2.496683299541473389e-01
-5.401380658149719238e-01
-1.374346017837524414e-01
-6.356384605169296265e-02
3.962814211845397949e-01
8.777055740356445312e-01
-1.035461425781250000e-01
3.145487308502197266e-01
4.676258862018585205e-01
7.679477334022521973e-01
1.002315521240234375e+00
5.693328976631164551e-01
-5.586539506912231445e-01
3.081435859203338623e-01
-8.546115756034851074e-01
-4.436918795108795166e-01
-1.133301258087158203e-01
-2.916334569454193115e-01
-6.469293832778930664e-01
-7.555422186851501465e-01
-3.117112219333648682e-01
1.531135197728872299e-02
7.752251625061035156e-02
6.132566928863525391e-01
5.309877991676330566e-01
-2.048078626394271851e-01
3.345549106597900391e-01
-1.945516616106033325e-01
-4.723205864429473877e-01
1.856897398829460144e-02
-7.795353531837463379e-01
-1.382849693298339844e+00
2.207984030246734619e-01
-3.384761512279510498e-01
6.679915189743041992e-01
-6.022946834564208984e-01
-9.017366766929626465e-01
3.346239626407623291e-01
4.465061426162719727e-01
4.015977382659912109e-01
-1.929977685213088989e-01
5.202634930610656738e-01
1.160961166024208069e-01
1.586291939020156860e-01
4.773150384426116943e-02
6.152716875076293945e-01
2.006213366985321045e-01
-4.061108529567718506e-01
2.889044582843780518e-01
6.161683797836303711e-01
5.187343340367078781e-03
6.813436746597290039e-02
-4.075536727905273438e-01
-3.095231354236602783e-01
-7.328237593173980713e-02
-3.060437142848968506e-01
-6.693218946456909180e-01
6.110917031764984131e-02
-2.831485867500305176e-01
-2.325367629528045654e-01
-2.469432726502418518e-02
-6.813921928405761719e-01
-2.573152184486389160e-01
-1.199518203735351562e+00
-2.270297706127166748e-01
6.734189987182617188e-01
2.257092893123626709e-01
2.043343633413314819e-01
9.788664057850837708e-03
-1.546441912651062012e-01
1.483989506959915161e-01
-3.226620554924011230e-01
3.955359756946563721e-01
3.664671480655670166e-01
-3.185397759079933167e-02
-5.478959903120994568e-02
6.140250712633132935e-02
1.667452603578567505e-01
5.392316579818725586e-01
-4.859000071883201599e-02
-7.942171096801757812e-01
4.253278076648712158e-01
-4.284081757068634033e-01
2.957402467727661133e-01
-6.707524657249450684e-01
