-1.285089850425720215e-01
3.042683303356170654e-01
-4.487964510917663574e-01
-1.045228168368339539e-01
-9.463683962821960449e-01
-3.763770163059234619e-01
-3.168585523962974548e-02
-3.520416319370269775e-01
-2.293225526809692383e-01
-4.050208926200866699e-01
-1.033953130245208740e-01
-4.256743006408214569e-03
-1.290179640054702759e-01
4.597003161907196045e-01
6.469024717807769775e-02
-3.743655383586883545e-01
2.179912030696868896e-01
2.918280065059661865e-01
-1.542961746454238892e-01
-3.489244030788540840e-03
-5.904830098152160645e-01
4.373861551284790039e-01
1.309389472007751465e-01
5.882245302200317383e-01
-2.735247313976287842e-01
4.615220427513122559e-02
1.083723828196525574e-01
1.879100799560546875e-01
8.789850473403930664e-01
1.193094372749328613e+00
-3.358688652515411377e-01
1.011979579925537109e+00
-8.675955235958099365e-02
9.848372936248779297e-01
-4.413067400455474854e-01
2.719052135944366455e-01
-1.061503887176513672e+00
7.027273178100585938e-01
-1.008492428809404373e-03
3.197785913944244385e-01
3.263644278049468994e-01
1.757723540067672729e-01
1.305048942565917969e+00
-3.183402121067047119e-01
6.664064526557922363e-01
-9.775959253311157227e-01
-8.024980872869491577e-02
-1.464725852012634277e+00
-2.031154185533523560e-01
-5.631739273667335510e-02
-3.943490236997604370e-02
-2.276071161031723022e-01
6.580964922904968262e-01
-5.194310545921325684e-01
-2.380815707147121429e-02
-9.703209996223449707e-01
6.407725811004638672e-02
2.583575621247291565e-02
1.994611322879791260e-01
5.748891830444335938e-02
-3.502543568611145020e-01
1.480166018009185791e-01
5.875938534736633301e-01
5.539652705192565918e-01
2.398718118667602539e+00
-5.613794326782226562e-01
-1.824682578444480896e-02
1.620437600649893284e-03
-4.016078114509582520e-01
6.681478768587112427e-02
-6.020288467407226562e-01
4.705307781696319580e-01
-1.283161282539367676e+00
3.644037544727325439e-01
5.621160864830017090e-01
6.263355612754821777e-01
8.184773921966552734e-01
6.226038336753845215e-01
1.289729215204715729e-02
-3.900731801986694336e-01
3.432439565658569336e-01
-1.746104955673217773e-01
6.067440509796142578e-01
9.580134749412536621e-01
3.062468171119689941e-01
4.349197745323181152e-01
-4.791244566440582275e-01
-4.660358428955078125e-01
-9.375279545783996582e-01
-2.786077558994293213e-01
2.484418153762817383e-01
2.842772603034973145e-01
2.721214294433593750e-01
-3.727220371365547180e-02
3.655770421028137207e-01
-2.188463658094406128e-01
-2.542353272438049316e-01
-4.533999860286712646e-01
-4.513243138790130615e-01
1.472292542457580566e-01
4.545969367027282715e-01
-9.485258907079696655e-02
-3.403660356998443604e-01
-1.993973404169082642e-01
-6.505492329597473145e-02
-6.731309741735458374e-02
2.326059639453887939e-01
2.824472486972808838e-01
4.941483139991760254e-01
2.909215688705444336e-01
1.136774346232414246e-01
-3.564133048057556152e-01
3.126264512538909912e-01
-2.104507759213447571e-02
3.439797461032867432e-01
2.238922864198684692e-01
-2.586186677217483521e-02
8.249880373477935791e-02
-7.464001774787902832e-01
4.717421829700469971e-01
-8.478333353996276855e-01
2.918697297573089600e-01
-7.373638153076171875e-01
-1.321166306734085083e-01
2.117318660020828247e-01
7.676934003829956055e-01
8.180859498679637909e-03
1.296805143356323242e+00
-1.079489588737487793e-01
3.828098177909851074e-01
2.294425517320632935e-01
7.742293179035186768e-02
3.618038594722747803e-01
8.342406153678894043e-01
7.931140065193176270e-01
5.596777200698852539e-01
-3.210701644420623779e-01
-4.637900590896606445e-01
-3.906735777854919434e-01
-5.088327527046203613e-01
5.292954295873641968e-02
-1.215140819549560547e+00
-1.623736917972564697e-01
-1.014794111251831055e+00
-2.952807247638702393e-01
5.444953218102455139e-03
1.212803460657596588e-02
7.845191955566406250e-01
4.011366367340087891e-01
5.823981761932373047e-01
3.697351813316345215e-01
2.150548547506332397e-01
-9.492494165897369385e-03
-4.088182747364044189e-02
-5.817323923110961914e-01
1.301319152116775513e-01
6.614227592945098877e-02
8.620576001703739166e-03
3.498596251010894775e-01
-1.078325137495994568e-01
-1.328348368406295776e-02
8.088894486427307129e-01
-1.159065365791320801e-01
4.869780540466308594e-01
2.130668759346008301e-01
3.522310853004455566e-01
-1.753381192684173584e-01
-3.399271667003631592e-01
1.077957004308700562e-01
5.454149842262268066e-01
-6.588410735130310059e-01
1.392746567726135254e-01
-1.176555380225181580e-01
2.757454514503479004e-01
-7.271709851920604706e-03
6.929301619529724121e-01
-3.495341837406158447e-01
-8.321161866188049316e-01
2.429394125938415527e-01
-3.938437700271606445e-01
-8.668294548988342285e-01
-4.406597018241882324e-01
4.476696848869323730e-01
-3.417018651962280273e-01
3.498619198799133301e-01
-7.170704603195190430e-01
1.748248934745788574e-01
-1.350543498992919922e-01
1.866995394229888916e-01
7.657479047775268555e-01
6.215249896049499512e-01
2.542402744293212891e-01
8.388105779886245728e-02
4.706093668937683105e-01
1.208719387650489807e-01
1.628791689872741699e-01
-3.577589690685272217e-01
1.875838190317153931e-01
-6.553473472595214844e-01
6.594544053077697754e-01
-1.337341666221618652e+00
-1.493123732507228851e-02
-3.308947682380676270e-01
-7.638244032859802246e-01
-2.738450467586517334e-01
-5.055765509605407715e-01
-6.971623897552490234e-01
3.479352686554193497e-03
5.104854106903076172e-01
8.339439034461975098e-01
8.408636450767517090e-01
1.818046271800994873e-01
8.231944441795349121e-01
1.011437654495239258e+00
1.951547741889953613e+00
1.928652048110961914e+00
1.537520647048950195e+00
-3.491180241107940674e-01
-4.371072947978973389e-01
-1.147463798522949219e+00
-1.198139786720275879e+00
-4.738857746124267578e-01
1.024589594453573227e-02
-1.872985064983367920e-01
2.534487247467041016e-01
-3.084230422973632812e-01
-6.896302103996276855e-01
-1.538838148117065430e-01
-9.113145470619201660e-01
-5.878036022186279297e-01
-4.508082866668701172e-01
-9.069485664367675781e-01
-3.578659594058990479e-01
1.668854504823684692e-01
2.352800369262695312e-01
3.135155141353607178e-01
1.308714866638183594e+00
9.114619493484497070e-01
1.628644466400146484e+00
9.421623945236206055e-01
5.614320039749145508e-01
3.663263916969299316e-01
1.599740684032440186e-01
6.951119899749755859e-01
-3.248553872108459473e-01
-2.831810712814331055e-01
-3.341707587242126465e-01
2.462112903594970703e-01
-1.215212941169738770e+00
-5.547700524330139160e-01
-2.852950096130371094e-01
8.533988893032073975e-02
1.051904082298278809e+00
2.846158444881439209e-01
2.709315717220306396e-01
-7.480413913726806641e-01
3.671435713768005371e-01
1.199880480766296387e+00
5.727972984313964844e-01
8.674389719963073730e-01
-1.805617809295654297e-01
1.137466192245483398e+00
-2.905354499816894531e-01
9.241022467613220215e-01
9.287820011377334595e-02
2.297230362892150879e-01
-4.684870541095733643e-01
-3.961667418479919434e-01
-1.097918152809143066e+00
-1.128894567489624023e+00
-5.708017945289611816e-01
-6.850615888833999634e-02
4.194305241107940674e-01
2.768558263778686523e-01
3.437868058681488037e-01
1.013752818107604980e+00
1.667948126792907715e+00
1.382827609777450562e-01
-3.986674547195434570e-01
4.339018762111663818e-01
6.400407757610082626e-03
2.327473759651184082e-01
6.396679580211639404e-02
-2.318643778562545776e-01
-6.861013770103454590e-01
-1.451075226068496704e-01
-5.955349206924438477e-01
-3.618425428867340088e-01
-8.676301836967468262e-01
-9.879864752292633057e-03
8.658208698034286499e-02
1.443917870521545410e+00
3.692477643489837646e-01
8.338968157768249512e-01
-1.769356802105903625e-02
6.696452498435974121e-01
-2.048370838165283203e-01
5.925397872924804688e-01
-1.660190671682357788e-01
-2.636972963809967041e-01
-4.367103874683380127e-01
7.726017385721206665e-02
8.802901953458786011e-02
2.826262712478637695e-01
1.844051033258438110e-01
3.917832672595977783e-02
6.729606986045837402e-01
3.084207773208618164e-01
4.140717685222625732e-01
4.103128314018249512e-01
-5.093374848365783691e-01
1.014267560094594955e-02
-8.010078072547912598e-01
-3.263890743255615234e-01
-3.199658989906311035e-01
3.235700130462646484e-01
-5.794821381568908691e-01
2.194037735462188721e-01
6.332206726074218750e-01
1.481120586395263672e-01
-1.363291293382644653e-01
1.643319427967071533e-02
-1.418859809637069702e-01
-1.106188073754310608e-01
1.118321657180786133e+00
1.137195825576782227e+00
8.277100920677185059e-01
-2.048174738883972168e-01
-1.484061479568481445e-01
-1.973824203014373779e-01
9.178392291069030762e-01
-2.893100678920745850e-01
-2.249579131603240967e-01
-2.658776007592678070e-03
-1.965387612581253052e-01
2.262783497571945190e-01
-5.462348461151123047e-01
1.630544662475585938e-01
-2.738278806209564209e-01
1.932980120182037354e-01
-2.034457176923751831e-01
2.435340881347656250e-01
-3.938761353492736816e-02
1.772616505622863770e-01
-4.369704723358154297e-01
-5.574357509613037109e-01
-5.162282288074493408e-02
3.399460315704345703e-01
-4.019105732440948486e-01
4.890925884246826172e-01
-5.628113746643066406e-01
-5.119289457798004150e-02
-3.223631083965301514e-01
-3.173378109931945801e-01
-2.705820798873901367e-01
1.172007679939270020e+00
1.622211456298828125e+00
7.232546806335449219e-01
1.133063077926635742e+00
1.061458230018615723e+00
6.337758302688598633e-01
-3.457296192646026611e-01
-6.306850314140319824e-01
8.948785066604614258e-02
-4.460591077804565430e-01
-6.374559998512268066e-01
-2.190701365470886230e-01
-3.536007702350616455e-01
-2.577146589756011963e-01
-3.899146020412445068e-01
3.192085027694702148e-01
-5.055397748947143555e-01
4.584336578845977783e-01
-4.514127671718597412e-01
7.154868841171264648e-01
-6.264223456382751465e-01
1.619189083576202393e-01
-6.882642507553100586e-01
9.728805422782897949e-01
5.215161945670843124e-03
3.127494156360626221e-01
-2.021166235208511353e-01
9.257388114929199219e-02
-2.180561125278472900e-01
-2.554559111595153809e-01
-3.200666606426239014e-02
-1.619480252265930176e-01
1.625114232301712036e-01
-8.946190029382705688e-02
-7.529104501008987427e-02
5.276598334312438965e-01
3.223142921924591064e-01
-3.337237238883972168e-01
-8.502446115016937256e-02
-3.633017838001251221e-01
1.570486724376678467e-01
-3.782484829425811768e-01
-6.429468840360641479e-02
1.631387770175933838e-01
1.572153270244598389e-01
-7.036373019218444824e-01
5.618249177932739258e-01
7.198371291160583496e-01
1.606779932975769043e+00
5.953549742698669434e-01
1.215368270874023438e+00
-3.786457479000091553e-01
-1.024816632270812988e+00
-4.004333019256591797e-01
3.147337138652801514e-01
1.312601923942565918e+00
5.620638132095336914e-01
6.946564912796020508e-01
1.925768405199050903e-01
-2.372528463602066040e-01
2.668871879577636719e-01
3.515307307243347168e-01
2.168400287628173828e-01
-5.419545769691467285e-01
-6.183195710182189941e-01
-4.986248016357421875e-01
-1.428099274635314941e-01
1.285197973251342773e+00
-9.822447896003723145e-01
-3.359801769256591797e-01
-1.880353316664695740e-02
-4.224686026573181152e-01
7.084352970123291016e-01
-8.630375266075134277e-01
2.899177074432373047e-01
-2.747919261455535889e-01
-4.200001358985900879e-01
6.899894475936889648e-01
1.164478421211242676e+00
4.962343275547027588e-01
4.980194866657257080e-01
6.355503797531127930e-01
-1.211773902177810669e-01
-5.151169896125793457e-01
6.826058030128479004e-01
-1.175698041915893555e-01
5.452701449394226074e-01
-6.606372594833374023e-01
-3.430012762546539307e-01
-1.049498081207275391e+00
-8.460922241210937500e-01
2.185311317443847656e-01
-1.010160818696022034e-01
8.736624717712402344e-01
4.662437140941619873e-01
3.672013878822326660e-01
3.332638442516326904e-01
1.191889271140098572e-01
8.901297450065612793e-01
6.710428744554519653e-02
5.407845377922058105e-01
1.759292185306549072e-01
-2.250655293464660645e-01
-5.083967447280883789e-01
-4.586149752140045166e-01
-3.703462779521942139e-01
-3.687502741813659668e-01
1.900061964988708496e-02
-1.471271812915802002e-01
3.521445095539093018e-01
-5.822620913386344910e-02
-2.534492611885070801e-01
-5.069130063056945801e-01
-4.196828901767730713e-01
4.350305199623107910e-01
2.335412800312042236e-01
6.524944305419921875e-01
-7.040872424840927124e-02
-4.765689074993133545e-01
-5.759435892105102539e-01
1.988392770290374756e-01
4.869203567504882812e-01
5.057185292243957520e-01
3.014187514781951904e-01
2.637177705764770508e-01
1.601187884807586670e-02
2.211573123931884766e+00
3.315996527671813965e-01
1.504142999649047852e+00
1.020932316780090332e+00
-1.525711715221405029e-01
-7.721222937107086182e-02
1.426438093185424805e-01
-3.257532715797424316e-01
-1.046614050865173340e-01
-4.529582262039184570e-01
-9.529540687799453735e-02
3.914237916469573975e-01
-1.383221000432968140e-01
-1.847471147775650024e-01
-4.199504554271697998e-01
1.142104119062423706e-01
-1.214277297258377075e-01
-1.098152846097946167e-01
3.512300252914428711e-01
-1.044331789016723633e+00
-6.649202108383178711e-02
2.132089138031005859e-01
3.582385182380676270e-01
6.697379350662231445e-01
-1.377171277999877930e-01
-2.895986661314964294e-02
-8.500351309776306152e-01
-6.398688554763793945e-01
5.767143964767456055e-01
-5.271322727203369141e-01
2.355429381132125854e-01
-8.043671846389770508e-01
