-7.384945750236511230e-01
-1.654193997383117676e-01
1.005818173289299011e-01
-3.870349824428558350e-01
-5.884185805916786194e-02
2.932520508766174316e-01
1.808472722768783569e-01
4.650475829839706421e-02
-5.524005889892578125e-01
4.860480427742004395e-01
-8.308295011520385742e-01
-4.741134494543075562e-02
1.676045656204223633e-01
3.076541721820831299e-01
4.746419191360473633e-01
5.402116775512695312e-01
1.226032525300979614e-01
9.628666192293167114e-02
9.623119980096817017e-02
-7.578989267349243164e-01
-4.947238564491271973e-01
2.235134094953536987e-01
-1.480036526918411255e-01
4.257641434669494629e-01
-9.439215809106826782e-02
2.443477958440780640e-01
6.265354901552200317e-02
-1.991979479789733887e-01
-3.547969460487365723e-02
-2.639605104923248291e-01
7.177153825759887695e-01
-2.141840755939483643e-01
-1.773442924022674561e-01
4.889995753765106201e-01
-2.263692766427993774e-01
2.875852882862091064e-01
4.381412565708160400e-01
1.315952658653259277e+00
2.701401114463806152e-01
1.928927451372146606e-01
3.071330785751342773e-01
1.965433955192565918e-01
2.323634177446365356e-01
-9.701996296644210815e-02
7.001022696495056152e-01
-7.766140103340148926e-01
-9.754478931427001953e-02
3.870949447154998779e-01
-6.964082121849060059e-01
-1.611565202474594116e-01
2.137887030839920044e-01
-3.501600325107574463e-01
-7.516598105430603027e-01
-1.627768576145172119e-01
-3.682068586349487305e-01
-3.877608478069305420e-01
-4.354341030120849609e-01
5.459047555923461914e-01
-3.704997599124908447e-01
-7.079477421939373016e-03
-1.913797259330749512e-01
-7.711965590715408325e-03
-7.059516906738281250e-01
7.457223534584045410e-01
7.014520168304443359e-01
8.236711621284484863e-01
3.361034393310546875e-01
4.020441472530364990e-01
6.347952485084533691e-01
8.061955124139785767e-02
1.460592746734619141e-01
1.618578881025314331e-01
3.502276837825775146e-01
-9.674953818321228027e-01
-2.297389358282089233e-01
6.017951965332031250e-01
1.371076852083206177e-01
6.674902439117431641e-01
1.018999665975570679e-01
2.097905278205871582e-01
-2.578386962413787842e-01
-2.982300817966461182e-01
-4.937002360820770264e-01
-4.275549054145812988e-01
-7.998789548873901367e-01
-3.661875054240226746e-02
1.042458117008209229e-01
-1.297357119619846344e-02
-7.177967578172683716e-02
3.120884299278259277e-01
-4.989090561866760254e-02
2.186906188726425171e-01
4.677616655826568604e-01
7.299402952194213867e-01
4.511090219020843506e-01
-1.791173070669174194e-01
3.077599965035915375e-02
-2.312699556350708008e-01
-2.418468743562698364e-01
-1.438357532024383545e-01
4.067632555961608887e-01
1.141055114567279816e-02
5.262107849121093750e-01
-3.410384356975555420e-01
-1.240881010890007019e-01
-1.289469003677368164e-01
1.175549477338790894e-01
-1.009306386113166809e-01
-1.278456747531890869e-01
3.162827715277671814e-02
3.383490741252899170e-01
-6.546354293823242188e-01
-1.422635316848754883e-01
6.510665640234947205e-03
4.436556994915008545e-01
8.635596185922622681e-02
-7.056185007095336914e-01
-2.497033029794692993e-01
5.482967495918273926e-01
-1.827012896537780762e-01
-1.182524673640727997e-02
5.696847438812255859e-01
3.702940642833709717e-01
-2.170522212982177734e-01
-1.977538466453552246e-01
3.734533861279487610e-02
-5.464493483304977417e-02
-1.653685867786407471e-01
7.697402033954858780e-03
5.327405408024787903e-02
3.960666432976722717e-02
-1.991970092058181763e-01
2.405239641666412354e-01
1.041991934180259705e-01
-1.514139920473098755e-01
3.098391890525817871e-01
5.950741171836853027e-01
4.952396154403686523e-01
5.836823582649230957e-01
1.652749776840209961e-01
2.904880344867706299e-01
2.592305839061737061e-01
-2.161914259195327759e-01
6.420197486877441406e-01
-9.541922211647033691e-01
-2.340302616357803345e-01
-1.116577163338661194e-01
-1.861556172370910645e-01
2.317710220813751221e-02
-8.366870880126953125e-01
-9.580249190330505371e-01
-6.295835375785827637e-01
3.596499562263488770e-01
-1.926395744085311890e-01
4.660906791687011719e-01
2.811355292797088623e-01
2.916695177555084229e-01
3.333525657653808594e-01
-1.936903148889541626e-01
1.190651059150695801e-01
-1.314150728285312653e-02
-1.222344115376472473e-02
-1.161726564168930054e-01
3.124417364597320557e-02
-4.529211223125457764e-01
-5.019800066947937012e-01
4.688456952571868896e-01
7.456779479980468750e-01
2.177096605300903320e-01
1.357314176857471466e-02
6.591755896806716919e-02
-6.122527122497558594e-01
2.669176459312438965e-02
1.465592086315155029e-01
4.980145394802093506e-01
4.413229227066040039e-01
5.156973600387573242e-01
-1.997833400964736938e-01
1.638301014900207520e-01
2.574517726898193359e-01
-9.517093747854232788e-02
-6.764999032020568848e-01
3.650121092796325684e-01
-2.291848957538604736e-01
-5.004439949989318848e-01
2.573539614677429199e-01
-3.644510805606842041e-01
1.041206121444702148e+00
-2.357343882322311401e-01
-5.820122361183166504e-01
-8.286724686622619629e-01
-7.205966711044311523e-01
-6.214841604232788086e-01
1.017858684062957764e-01
1.395533084869384766e-01
2.695153653621673584e-01
1.530166864395141602e-01
4.461431875824928284e-02
5.150067210197448730e-01
-8.579578250646591187e-02
5.038201212882995605e-01
-2.510626912117004395e-01
5.159384012222290039e-01
3.481084406375885010e-01
4.382891058921813965e-01
9.003723859786987305e-01
2.198935598134994507e-01
1.170758008956909180e-01
1.685287505388259888e-01
-2.596169710159301758e-01
-5.104987025260925293e-01
-3.264803588390350342e-01
-8.418577909469604492e-01
1.485426425933837891e-01
-4.175205230712890625e-01
-2.009017020463943481e-01
-3.581192791461944580e-01
7.602844834327697754e-01
-1.976119540631771088e-02
2.039800882339477539e-01
8.724505454301834106e-02
1.093249861150979996e-02
3.382118940353393555e-01
3.296324312686920166e-01
-3.751623928546905518e-01
1.002629697322845459e-01
-4.270629584789276123e-01
5.277139693498611450e-02
2.571564614772796631e-01
-1.026508808135986328e-01
5.154232978820800781e-01
6.718754768371582031e-01
2.319271713495254517e-01
7.243914008140563965e-01
8.753362298011779785e-01
-4.312832653522491455e-02
8.907178789377212524e-02
9.068708866834640503e-02
-9.007970094680786133e-01
-1.670510768890380859e-01
-6.215565204620361328e-01
-3.330643475055694580e-01
-9.536837935447692871e-01
3.057839348912239075e-04
-4.557703807950019836e-02
-1.664687246084213257e-01
-2.717652916908264160e-01
-4.236343130469322205e-02
4.415439963340759277e-01
9.934858232736587524e-02
1.326237797737121582e+00
-2.754550576210021973e-01
8.325871825218200684e-01
2.288013994693756104e-01
7.749813795089721680e-01
7.339019775390625000e-01
2.150201946496963501e-01
5.851271152496337891e-01
1.529676765203475952e-01
-1.908264122903347015e-03
3.268041014671325684e-01
3.261433839797973633e-01
-9.540060758590698242e-01
8.303744345903396606e-02
-8.117880225181579590e-01
-4.514010250568389893e-01
-2.960037887096405029e-01
1.538174033164978027e+00
-6.304816156625747681e-02
7.989816069602966309e-01
4.118559062480926514e-01
7.864073514938354492e-01
3.608185350894927979e-01
1.959244310855865479e-01
-8.015068173408508301e-01
4.572943747043609619e-01
-8.070607185363769531e-01
-6.235221624374389648e-01
-7.405443191528320312e-01
-4.049316942691802979e-01
-9.367936849594116211e-01
5.617672204971313477e-02
-3.398760855197906494e-01
-3.516812324523925781e-01
6.140875071287155151e-02
-2.470718175172805786e-01
3.448612987995147705e-02
3.338882625102996826e-01
4.144432768225669861e-02
1.925910413265228271e-01
-9.271124005317687988e-02
6.696033477783203125e-01
5.633108615875244141e-01
7.054175734519958496e-01
7.876064181327819824e-01
4.572656154632568359e-01
2.079107165336608887e-01
7.046005129814147949e-02
-1.779526472091674805e-01
-2.747165858745574951e-01
-4.111099243164062500e-01
-8.984666317701339722e-02
-2.989085018634796143e-01
5.585484504699707031e-01
2.501598000526428223e-01
2.780627906322479248e-01
1.047226116061210632e-01
3.282035142183303833e-02
-3.943106830120086670e-01
-1.084407232701778412e-02
-2.371810376644134521e-01
-4.754846096038818359e-01
1.151214167475700378e-01
2.457986027002334595e-01
-2.685659006237983704e-02
6.784466505050659180e-01
-6.544585227966308594e-01
-7.514254450798034668e-01
-5.966811776161193848e-01
4.861020743846893311e-01
2.655419707298278809e-01
-1.553693711757659912e-01
2.202655673027038574e-01
5.944769978523254395e-01
1.040627002716064453e+00
6.690085530281066895e-01
4.779587388038635254e-01
4.589014053344726562e-01
1.016159728169441223e-02
-8.706881105899810791e-02
2.559275031089782715e-01
-3.863473832607269287e-01
1.050640828907489777e-02
-6.319594979286193848e-01
-1.367944926023483276e-01
-6.728594303131103516e-01
2.675085365772247314e-01
-3.419004976749420166e-01
1.580154895782470703e-01
-4.186534881591796875e-01
3.605923056602478027e-02
-1.990991830825805664e-01
1.036485359072685242e-01
-3.855970501899719238e-01
9.804927110671997070e-01
-2.420697808265686035e-01
5.171132087707519531e-01
2.501149773597717285e-01
8.174026012420654297e-01
7.427633404731750488e-01
2.814395725727081299e-01
2.321360558271408081e-01
3.546301424503326416e-01
-9.804239273071289062e-01
8.661901205778121948e-02
-3.012629449367523193e-01
-7.691175341606140137e-01
2.307439446449279785e-01
-6.010496020317077637e-01
7.953756302595138550e-02
-7.051323652267456055e-01
3.716708123683929443e-01
-6.625095009803771973e-01
2.710621356964111328e-01
8.991212248802185059e-01
1.251165866851806641e+00
4.244518280029296875e-01
4.521382451057434082e-01
-3.285279870033264160e-01
-6.756761074066162109e-01
-5.059193372726440430e-01
-2.818411290645599365e-01
-6.187036260962486267e-02
2.523874863982200623e-02
-3.518719077110290527e-01
-2.541242837905883789e-01
-3.290761113166809082e-01
-6.260961890220642090e-01
7.103340625762939453e-01
1.335245728492736816e+00
1.345766544342041016e+00
1.246715903282165527e+00
8.109309077262878418e-01
1.790916174650192261e-02
-1.862321048974990845e-01
-6.956911832094192505e-02
-8.273717761039733887e-01
-1.474163085222244263e-01
-4.865784049034118652e-01
-3.362112343311309814e-01
-7.978923916816711426e-01
1.834168881177902222e-01
-8.573353886604309082e-01
7.945950627326965332e-01
-1.954541504383087158e-01
4.371690750122070312e-02
5.433256030082702637e-01
-3.684964179992675781e-01
2.100750505924224854e-01
3.367721736431121826e-01
1.281816661357879639e-01
-3.504617512226104736e-01
6.125219464302062988e-01
6.561368703842163086e-01
6.650561094284057617e-01
-2.376799285411834717e-01
-5.185840725898742676e-01
2.465348392724990845e-01
-1.708745062351226807e-01
-8.735481649637222290e-02
3.377013802528381348e-01
3.574628531932830811e-01
-3.413235247135162354e-01
1.005186662077903748e-01
-1.272672563791275024e-01
1.903860718011856079e-01
4.918191730976104736e-01
-3.101552724838256836e-01
5.592780113220214844e-01
5.110524296760559082e-01
-2.210129499435424805e-01
1.573684811592102051e-01
-1.773948408663272858e-02
3.940992057323455811e-01
-6.302415132522583008e-01
3.162913322448730469e-01
-3.762167319655418396e-02
5.591697692871093750e-01
-4.253014326095581055e-01
-6.523200869560241699e-01
3.834879100322723389e-01
-5.512464642524719238e-01
4.993687570095062256e-01
3.923333883285522461e-01
1.555192172527313232e-01
-2.460187226533889771e-01
3.718370497226715088e-01
-2.221968919038772583e-01
5.322182178497314453e-01
5.047408938407897949e-01
-1.655447781085968018e-01
9.381399750709533691e-01
-5.903946235775947571e-02
-4.133552908897399902e-01
7.113671302795410156e-01
-7.935250997543334961e-01
-5.035840272903442383e-01
-1.254664301872253418e+00
1.691215187311172485e-01
-3.333065807819366455e-01
7.450959086418151855e-01
-2.119037657976150513e-01
6.774514913558959961e-01
-5.659912228584289551e-01
7.327491641044616699e-01
-6.131909489631652832e-01
-3.969104960560798645e-02
3.213054239749908447e-01
6.381428241729736328e-01
2.566805779933929443e-01
2.089194208383560181e-01
1.263552159070968628e-01
2.438957840204238892e-01
4.286990314722061157e-02
6.751975417137145996e-01
-4.043103158473968506e-01
-2.977927327156066895e-01
1.856362819671630859e-01
-3.387767672538757324e-01
3.045980036258697510e-01
1.060968518257141113e+00
2.208230197429656982e-01
5.417961478233337402e-01
1.776851564645767212e-01
-2.375828176736831665e-01
-2.795854806900024414e-01
-2.532197535037994385e-01
-5.099049210548400879e-01
-2.978312373161315918e-01
-3.918677270412445068e-01
-2.791757285594940186e-01
1.198228970170021057e-01
8.847998380661010742e-01
4.097460806369781494e-01
-2.454277873039245605e-01
8.360708132386207581e-03
-7.208840847015380859e-01
4.145743548870086670e-01
-2.889873385429382324e-01
3.011391162872314453e-01
-4.905397891998291016e-01
2.536845803260803223e-01
4.396941065788269043e-01
7.471631765365600586e-01
1.158123373985290527e+00
-1.953238993883132935e-01
-1.998347491025924683e-01
-1.071523353457450867e-01
-6.494650840759277344e-01
6.534265279769897461e-01
-1.582864485681056976e-02
5.315599218010902405e-02
1.064824685454368591e-02
1.538564115762710571e-01
5.625243782997131348e-01
1.533219516277313232e-01
-4.769327938556671143e-01
1.534770578145980835e-01
-4.113377332687377930e-01
-4.200943186879158020e-02
4.737986251711845398e-02
-2.787743508815765381e-01
-3.205450773239135742e-01
