3.544877097010612488e-02
-3.460132181644439697e-01
-6.520043015480041504e-01
-4.929606020450592041e-01
-3.520155847072601318e-01
-1.004114821553230286e-01
-1.831579357385635376e-01
-1.192363873124122620e-01
-4.797683060169219971e-01
3.020234405994415283e-02
-2.946946620941162109e-01
-3.175249695777893066e-01
-2.556001245975494385e-01
-5.847505480051040649e-02
-2.421307414770126343e-01
-3.724189996719360352e-01
-3.083899319171905518e-01
-1.823351979255676270e-01
3.139731585979461670e-01
-3.008804619312286377e-01
-1.982734799385070801e-01
-6.675545126199722290e-02
1.908538192510604858e-01
2.054592370986938477e-01
1.524269282817840576e-01
1.151410713791847229e-01
4.358704090118408203e-01
-7.604406774044036865e-02
1.122873947024345398e-01
-2.348340302705764771e-02
-9.342595934867858887e-02
4.796219989657402039e-02
-4.710838496685028076e-01
-2.310123890638351440e-01
-1.423337161540985107e-01
-4.469088613986968994e-01
-2.965742647647857666e-01
3.513251245021820068e-01
2.167183309793472290e-01
-2.610887289047241211e-01
-5.059500932693481445e-01
-3.017555773258209229e-01
5.808368697762489319e-02
3.265937417745590210e-02
-1.020020712167024612e-02
1.248624175786972046e-01
-5.639777779579162598e-01
5.888222530484199524e-02
5.605230852961540222e-02
-5.242988467216491699e-01
5.844097584486007690e-02
4.205831587314605713e-01
-1.941754221916198730e-01
2.444744110107421875e-02
2.206565439701080322e-01
-3.369924128055572510e-01
-5.526863932609558105e-01
-1.084399342536926270e+00
1.152316629886627197e-01
6.818684935569763184e-01
4.022254347801208496e-01
-3.474952876567840576e-01
4.501619637012481689e-01
-8.421140164136886597e-02
8.933245204389095306e-03
6.106986999511718750e-01
8.844687938690185547e-01
-2.432913631200790405e-01
-1.766562089323997498e-02
-5.487927794456481934e-02
-3.860195279121398926e-01
1.490139067173004150e-01
6.565698385238647461e-01
-1.802804023027420044e-01
-2.616269588470458984e-01
7.668398320674896240e-02
-4.383285641670227051e-01
-9.190122485160827637e-01
-2.153613567352294922e-01
2.778715193271636963e-01
-9.604873508214950562e-02
4.696945101022720337e-02
-1.563947498798370361e-01
-2.139436155557632446e-01
-1.642106771469116211e+00
-4.129017591476440430e-01
1.848368197679519653e-01
3.445308208465576172e-01
-7.292882353067398071e-02
6.923772692680358887e-01
7.910544425249099731e-02
-3.132834732532501221e-01
-1.101137042045593262e+00
-1.000799298286437988e+00
-7.210637331008911133e-01
2.308050096035003662e-01
-7.193434517830610275e-03
4.743649363517761230e-01
4.769543409347534180e-01
2.906835079193115234e-01
1.991418153047561646e-01
-6.243357062339782715e-01
-9.298798441886901855e-02
-4.971754923462867737e-02
-1.782204806804656982e-01
8.848615884780883789e-01
5.387093424797058105e-01
2.124053090810775757e-01
1.755633354187011719e-01
7.952533662319183350e-02
3.927240520715713501e-02
-4.646783173084259033e-01
-1.084835454821586609e-01
-1.452880501747131348e-01
-6.851545572280883789e-01
1.066421270370483398e+00
-8.076257258653640747e-02
-7.782837152481079102e-01
6.052698493003845215e-01
2.167448103427886963e-01
-3.632405027747154236e-02
-4.762449860572814941e-01
-3.590295314788818359e-01
-3.117399811744689941e-01
-3.873931169509887695e-01
-1.051994934678077698e-01
4.181306958198547363e-01
-3.301942348480224609e-01
-8.719701319932937622e-02
-2.316139191389083862e-01
-3.604114949703216553e-01
-9.821653366088867188e-02
-4.818769544363021851e-02
1.999703794717788696e-01
1.618596464395523071e-01
7.246041297912597656e-02
-1.868044584989547729e-01
-5.176249146461486816e-01
-3.804284036159515381e-01
1.614844612777233124e-02
6.486802101135253906e-01
5.301553606986999512e-01
9.943761676549911499e-02
-1.840254515409469604e-01
-5.317446589469909668e-01
-2.683000564575195312e-01
3.301054537296295166e-01
3.457116782665252686e-01
-2.308896044269204140e-03
-2.300596386194229126e-01
-2.616040110588073730e-01
1.845336407423019409e-01
-7.200122475624084473e-01
-3.781780600547790527e-02
-1.918073743581771851e-03
5.027454495429992676e-01
3.057349324226379395e-01
-2.732572555541992188e-01
-3.291681110858917236e-01
-3.461442291736602783e-01
1.016237363219261169e-01
-6.673228740692138672e-02
1.238155737519264221e-01
-2.012183964252471924e-01
-5.077020525932312012e-01
-4.975551068782806396e-01
2.520771324634552002e-01
3.437386453151702881e-01
1.938362419605255127e-01
5.202480554580688477e-01
4.058349430561065674e-01
-4.821248650550842285e-01
3.226658999919891357e-01
-6.616443395614624023e-01
4.760434329509735107e-01
2.089521884918212891e-01
8.220184445381164551e-01
6.455546617507934570e-01
6.117196753621101379e-02
-5.748826265335083008e-01
-1.414939403533935547e+00
-7.889167070388793945e-01
-1.412342786788940430e+00
-9.074973464012145996e-01
5.687838196754455566e-01
8.419139981269836426e-01
3.618724644184112549e-01
5.492062568664550781e-01
2.461371570825576782e-01
-2.224740236997604370e-01
-4.680111706256866455e-01
4.566507637500762939e-01
-3.591004312038421631e-01
2.121750116348266602e-01
7.962673157453536987e-02
-8.323062956333160400e-02
-6.611682176589965820e-01
-6.018200516700744629e-02
3.987295925617218018e-01
-3.378360569477081299e-01
1.220964312553405762e+00
6.842525601387023926e-01
-1.092715501785278320e+00
2.329057827591896057e-02
-4.174028635025024414e-01
-2.314701080322265625e-01
6.208256259560585022e-02
-4.587858021259307861e-01
1.746939867734909058e-01
-1.134818121790885925e-01
-2.073901444673538208e-01
-3.979349434375762939e-01
1.311036348342895508e-01
-3.935104608535766602e-02
1.143808960914611816e+00
-1.053021624684333801e-01
-7.761351466178894043e-01
-1.293713569641113281e+00
5.838745832443237305e-02
-5.192702412605285645e-01
-3.315476179122924805e-01
-1.191074121743440628e-02
-7.892720401287078857e-02
-1.825557798147201538e-01
-3.804753720760345459e-01
-5.643692985177040100e-02
-6.504866480827331543e-02
8.441746234893798828e-01
9.478598237037658691e-01
6.108713746070861816e-01
-8.971015363931655884e-02
3.249183595180511475e-01
-4.036644101142883301e-01
-4.644955396652221680e-01
2.236004918813705444e-01
-2.640003561973571777e-01
-2.789880037307739258e-01
-9.500657021999359131e-02
-2.076691538095474243e-01
-1.111783012747764587e-01
-1.612137854099273682e-01
-1.383683979511260986e-01
-1.022680103778839111e-01
3.869952261447906494e-02
-1.892328560352325439e-01
2.028148919343948364e-01
-8.644542656838893890e-03
-5.955649614334106445e-01
1.029316931962966919e-01
-8.520049452781677246e-01
3.223821520805358887e-01
-4.684021472930908203e-01
-1.414508819580078125e-01
-2.091071307659149170e-01
3.061947524547576904e-01
2.527187950909137726e-02
6.822440773248672485e-02
-1.074410438537597656e+00
-4.385763704776763916e-01
-4.296883642673492432e-01
-3.396141231060028076e-01
-7.685849070549011230e-01
-7.877081036567687988e-01
-3.441651463508605957e-01
1.022183001041412354e-01
-2.196347862482070923e-01
-2.069797962903976440e-01
6.713957786560058594e-01
-1.386582013219594955e-02
2.215110957622528076e-01
-2.800487875938415527e-01
5.465753749012947083e-02
7.653830051422119141e-01
6.576801538467407227e-01
-1.814939379692077637e-01
-1.550768464803695679e-01
2.446018755435943604e-01
3.675107359886169434e-01
-1.120666041970252991e-01
7.658497989177703857e-02
-6.549368500709533691e-01
-1.052625253796577454e-01
6.299824714660644531e-01
-1.476440280675888062e-01
1.200047731399536133e-01
-1.246032714843750000e-01
5.946550369262695312e-01
4.337532520294189453e-01
5.904309749603271484e-01
3.689758181571960449e-01
-1.866536438465118408e-01
-4.471898078918457031e-01
-3.826915919780731201e-01
-7.251548171043395996e-01
-2.156134843826293945e+00
-6.478372812271118164e-01
-2.164864540100097656e-01
2.976890653371810913e-02
2.959062755107879639e-01
-2.978698611259460449e-01
-7.238535284996032715e-01
-7.011365890502929688e-01
-7.951373606920242310e-02
1.109695196151733398e+00
9.586858749389648438e-01
6.550357341766357422e-01
-1.128280460834503174e-01
-1.095318913459777832e+00
-4.913817346096038818e-01
3.391302376985549927e-02
7.587637007236480713e-02
4.564217031002044678e-01
4.910133779048919678e-01
6.804123520851135254e-01
1.102733239531517029e-01
1.103858649730682373e-01
-1.053812280297279358e-01
3.427760675549507141e-04
-3.841315805912017822e-01
-1.163766980171203613e+00
-1.499208360910415649e-01
-3.883973360061645508e-01
3.517411649227142334e-01
-1.480026721954345703e+00
6.646401435136795044e-02
-1.271980106830596924e-01
-5.855594277381896973e-01
2.257266193628311157e-01
3.333978354930877686e-01
3.035150170326232910e-01
5.599621534347534180e-01
-3.949705660343170166e-01
1.462993174791336060e-01
8.398315310478210449e-01
2.738273441791534424e-01
-1.979629993438720703e-01
-2.305685430765151978e-01
-9.447004795074462891e-01
1.677023172378540039e-01
-6.760053634643554688e-01
-7.701597809791564941e-01
4.582541584968566895e-01
2.379054278135299683e-01
-3.366094529628753662e-01
-3.394275009632110596e-01
-4.616349935531616211e-01
-3.540441989898681641e-01
-3.511692881584167480e-01
2.170540988445281982e-01
3.940591812133789062e-01
7.706799507141113281e-01
3.752908408641815186e-01
-5.414432287216186523e-02
-5.003359913825988770e-01
-1.782689988613128662e-01
1.979604214429855347e-01
-5.095794200897216797e-01
1.305765062570571899e-01
-7.462858408689498901e-02
-1.439450830221176147e-01
3.624995648860931396e-01
3.722416162490844727e-01
4.748916029930114746e-01
4.832096099853515625e-01
2.184911817312240601e-01
3.675366342067718506e-01
-7.909332513809204102e-01
-2.238897800445556641e+00
8.722325563430786133e-01
5.643436312675476074e-01
5.489330291748046875e-01
-2.490115463733673096e-01
-6.398456096649169922e-01
-4.841817021369934082e-01
6.625310778617858887e-01
-2.504565417766571045e-01
-6.619256138801574707e-01
3.331957161426544189e-01
8.499988913536071777e-01
4.122504293918609619e-01
7.707042992115020752e-02
-1.019935011863708496e-01
-1.243902221322059631e-01
-1.503990739583969116e-01
2.679296433925628662e-01
-3.943736255168914795e-01
-1.535727381706237793e-01
-7.755120098590850830e-02
3.803667724132537842e-01
2.420521825551986694e-01
1.723669767379760742e-01
2.723625898361206055e-01
-3.242738842964172363e-01
1.127478703856468201e-01
3.006108701229095459e-01
-4.455622732639312744e-01
1.623317301273345947e-01
2.411769032478332520e-01
-1.028196439146995544e-01
-4.734205603599548340e-01
3.643386960029602051e-01
-7.688869833946228027e-01
5.388142168521881104e-02
-5.616474151611328125e-01
-1.067880727350711823e-02
2.817111909389495850e-01
-7.313223183155059814e-02
-5.075373649597167969e-01
-9.706006646156311035e-01
2.735808491706848145e-01
-3.600638210773468018e-01
9.686794131994247437e-02
-4.565241038799285889e-01
-1.834323048591613770e+00
2.570887207984924316e-01
7.417938113212585449e-01
6.955628991127014160e-01
2.338036298751831055e-01
-1.223928809165954590e+00
-7.143360376358032227e-01
-8.341349959373474121e-01
-7.146419286727905273e-01
3.235859274864196777e-01
5.298572778701782227e-01
-1.948471181094646454e-02
5.875446796417236328e-01
5.259643793106079102e-01
-4.093014895915985107e-01
8.920526504516601562e-01
5.659876465797424316e-01
6.746485829353332520e-01
3.828106522560119629e-01
1.074910759925842285e-01
-2.736021280288696289e-01
1.944248676300048828e-01
-4.318490624427795410e-01
-5.162673592567443848e-01
-6.614650487899780273e-01
-6.528877615928649902e-01
-2.509404122829437256e-01
-8.854075521230697632e-02
-8.168161511421203613e-01
1.390617936849594116e-01
-8.886166214942932129e-01
-5.857728123664855957e-01
3.780101612210273743e-02
2.555792629718780518e-01
4.982537627220153809e-01
6.792966276407241821e-02
-1.685598492622375488e-01
2.322336137294769287e-01
-1.971981674432754517e-01
4.450849723070859909e-03
-5.257959663867950439e-02
5.234678387641906738e-01
1.162575259804725647e-01
-4.180018305778503418e-01
-3.265373408794403076e-01
1.617161631584167480e-01
-3.995395004749298096e-01
-6.758874058723449707e-01
-4.357766211032867432e-01
-3.709507286548614502e-01
6.189405918121337891e-01
1.191969737410545349e-01
4.601791203022003174e-01
2.240485548973083496e-01
-1.233828514814376831e-01
-3.902341723442077637e-01
-1.164706796407699585e-01
3.787257671356201172e-01
-3.178380131721496582e-01
1.963137388229370117e-01
2.978421449661254883e-01
-2.835659980773925781e-01
-1.038612246513366699e+00
-1.167678475379943848e+00
-3.967249393463134766e-01
8.233102560043334961e-01
3.596417605876922607e-01
-1.424317508935928345e-01
8.280789479613304138e-03
-4.215105623006820679e-02
1.451928913593292236e-01
-2.046148059889674187e-03
-9.402841329574584961e-02
3.507165610790252686e-01
-3.606728017330169678e-01
9.086264967918395996e-01
2.761053740978240967e-01
1.733968555927276611e-01
-6.858123540878295898e-01
2.786526679992675781e-01
9.845855236053466797e-01
9.265806674957275391e-01
3.491557836532592773e-01
5.416704416275024414e-01
-4.218034744262695312e-01
-4.717556834220886230e-01
-7.293391823768615723e-01
-3.600772023200988770e-01
-9.747600555419921875e-01
-1.364709734916687012e+00
-1.737710475921630859e+00
-3.134399354457855225e-01
-1.585570871829986572e-01
7.096425443887710571e-02
5.475673079490661621e-01
6.329793930053710938e-01
1.825982630252838135e-01
2.778593897819519043e-01
1.527761816978454590e-01
8.733121156692504883e-01
