8.140878081321716309e-01
7.911947965621948242e-01
-2.391540259122848511e-01
5.949911475181579590e-01
4.128903448581695557e-01
-1.847516149282455444e-01
-2.316575944423675537e-01
-2.439999729394912720e-01
-1.129276603460311890e-01
-1.862287372350692749e-01
-4.692575708031654358e-02
-5.581024289131164551e-01
-4.411749839782714844e-01
-6.765230298042297363e-01
-5.633836388587951660e-01
-5.144348740577697754e-01
-4.247668087482452393e-01
-7.177745550870895386e-02
-4.241289198398590088e-01
9.922663569450378418e-01
4.275418519973754883e-01
3.734664618968963623e-01
8.033025264739990234e-02
-2.936761677265167236e-01
-4.852860271930694580e-01
-7.475181221961975098e-01
-5.967695116996765137e-01
-3.499226272106170654e-01
2.537450790405273438e-01
3.153023123741149902e-01
5.566118359565734863e-01
-4.361875653266906738e-01
7.118563055992126465e-01
-1.239573001861572266e+00
2.165437042713165283e-01
-4.648599028587341309e-01
-1.387386918067932129e-01
-1.603572219610214233e-01
-6.867935508489608765e-02
8.706942796707153320e-01
4.260501861572265625e-01
-5.426846742630004883e-01
-9.252930283546447754e-01
-5.532094240188598633e-01
-1.317038059234619141e+00
3.717071190476417542e-02
-2.852621674537658691e-01
2.066873461008071899e-01
2.085997164249420166e-01
2.318976819515228271e-01
-2.136806845664978027e-01
4.291460514068603516e-01
-5.363922119140625000e-01
5.287593230605125427e-02
-4.467239975929260254e-01
2.800384461879730225e-01
9.203053712844848633e-01
-8.091184496879577637e-02
-9.549761414527893066e-01
-5.950718522071838379e-01
-9.712744355201721191e-01
-1.372510492801666260e-01
6.514931917190551758e-01
5.416015386581420898e-01
2.729229629039764404e-01
-4.756744801998138428e-01
-9.114644527435302734e-01
-3.493106663227081299e-01
-5.113633275032043457e-01
2.428498864173889160e-01
-3.988989889621734619e-01
4.372468888759613037e-01
-4.864219576120376587e-02
6.402112245559692383e-01
1.103770509362220764e-01
-2.999818883836269379e-02
-7.271451354026794434e-01
-4.523707032203674316e-01
7.330675423145294189e-02
-7.555390596389770508e-01
3.672869503498077393e-01
6.074265241622924805e-01
6.809685826301574707e-01
-5.640823394060134888e-02
-4.276571869850158691e-01
-3.697913289070129395e-01
-1.425220966339111328e-01
-4.245339334011077881e-01
-3.464075624942779541e-01
3.041410446166992188e-01
-7.638419270515441895e-01
-1.493465714156627655e-02
-1.172012209892272949e+00
-3.436014801263809204e-02
-1.112563610076904297e+00
-2.420360147953033447e-01
-6.973163485527038574e-01
-1.920732259750366211e-01
9.306097775697708130e-02
6.597498059272766113e-01
4.004047811031341553e-01
-5.038345456123352051e-01
-8.271971344947814941e-02
1.298767477273941040e-01
1.790481507778167725e-01
3.454912006855010986e-01
5.366871356964111328e-01
5.143423750996589661e-02
-3.066393360495567322e-02
6.191627979278564453e-01
1.252290904521942139e-01
-7.962250709533691406e-02
2.062849104404449463e-01
5.245594382286071777e-01
-5.675143599510192871e-01
4.485226273536682129e-01
-5.179980397224426270e-01
5.581863522529602051e-01
-2.573084235191345215e-01
1.013693928718566895e+00
6.624421477317810059e-02
-2.486200481653213501e-01
-6.233575940132141113e-01
-1.064448595046997070e+00
-1.636284470558166504e+00
-1.673718810081481934e+00
-1.088300943374633789e+00
-3.951367437839508057e-01
-4.457159042358398438e-01
-2.091593742370605469e-01
3.306329250335693359e-01
-4.994316697120666504e-01
4.267754852771759033e-01
1.100592389702796936e-01
-1.383361965417861938e-01
-6.506864726543426514e-02
-5.454851388931274414e-01
1.640754640102386475e-01
-5.062397122383117676e-01
3.454976081848144531e-01
-2.254051864147186279e-01
-2.424247264862060547e-01
1.109015107154846191e+00
-2.517164498567581177e-02
3.323312699794769287e-01
3.189049661159515381e-01
9.963073134422302246e-01
3.665161505341529846e-02
4.340790510177612305e-01
-2.399309277534484863e-01
2.770464420318603516e-01
-2.545537352561950684e-01
5.421089529991149902e-01
-6.349443793296813965e-01
-2.438745796680450439e-01
-2.338724732398986816e-01
-2.759351134300231934e-01
-4.649970531463623047e-01
-9.495653510093688965e-01
-4.798096120357513428e-01
-9.359558224678039551e-01
-1.984247416257858276e-01
-8.603489398956298828e-01
-1.209831684827804565e-01
-3.313847258687019348e-02
-5.297592282295227051e-01
5.241055488586425781e-01
-4.121496975421905518e-01
5.022356510162353516e-01
-1.226026117801666260e-01
2.974348664283752441e-01
-2.056132704019546509e-01
3.140675127506256104e-01
3.497590422630310059e-01
3.378675878047943115e-01
-7.128907442092895508e-01
9.816383719444274902e-01
-1.922618150711059570e-01
7.169784307479858398e-01
-1.168918848037719727e+00
8.469488620758056641e-01
4.339950978755950928e-01
-6.410245895385742188e-01
-1.129231691360473633e+00
-4.866879433393478394e-02
-8.109149932861328125e-01
6.956224441528320312e-01
4.020487368106842041e-01
5.773281455039978027e-01
9.188171029090881348e-01
-2.529942393302917480e-01
-1.321362733840942383e+00
-7.566273212432861328e-01
-1.096633553504943848e+00
-5.143275260925292969e-01
-2.151059061288833618e-01
-4.922720789909362793e-01
-4.754471182823181152e-01
-4.148952066898345947e-01
-7.080636918544769287e-02
-1.802063584327697754e-01
-3.642529845237731934e-01
1.668419986963272095e-01
-7.537105679512023926e-01
1.835643947124481201e-01
-3.961514234542846680e-01
7.062441855669021606e-02
1.589824855327606201e-01
-3.907358050346374512e-01
3.360155969858169556e-04
-1.231579065322875977e+00
1.139571964740753174e-01
-5.945122838020324707e-01
6.231327056884765625e-01
7.360733747482299805e-01
1.180421948432922363e+00
3.357729315757751465e-01
1.033372521400451660e+00
-2.290762811899185181e-01
1.040518507361412048e-01
-5.270857214927673340e-01
-4.116459488868713379e-01
-3.069884181022644043e-01
-5.870401859283447266e-01
4.981635808944702148e-01
-1.282677173614501953e+00
-1.713586688041687012e+00
1.311716288328170776e-01
2.085386961698532104e-01
-5.524268746376037598e-01
5.764785408973693848e-01
-1.093085050582885742e+00
3.822465538978576660e-01
9.286286830902099609e-01
-9.219235777854919434e-01
-3.035447299480438232e-01
-9.518556296825408936e-02
-3.056786060333251953e-01
2.913948595523834229e-01
-5.306982994079589844e-01
5.994519963860511780e-02
-1.702508926391601562e+00
-1.533895015716552734e+00
-1.157252073287963867e+00
-8.363649845123291016e-01
-2.315906584262847900e-01
-5.350467935204505920e-02
4.505875408649444580e-01
-5.240325927734375000e-01
5.121896862983703613e-01
-1.077802062034606934e+00
3.777360543608665466e-03
6.036832332611083984e-01
-5.897629857063293457e-01
4.773827195167541504e-01
-3.123044669628143311e-01
4.298524260520935059e-01
-1.738484948873519897e-01
3.174197673797607422e-01
-4.141277670860290527e-01
-2.695867121219635010e-01
-1.054022312164306641e-01
-1.994359642267227173e-01
-3.184603452682495117e-01
-1.377378106117248535e-01
-2.437297850847244263e-01
-2.052216678857803345e-01
-1.053866267204284668e+00
-1.067983388900756836e+00
-9.123895168304443359e-01
3.894768059253692627e-01
-5.935083031654357910e-01
6.780721545219421387e-01
6.547521799802780151e-02
9.074762463569641113e-02
-3.381305038928985596e-01
-3.981290459632873535e-01
-1.259188294410705566e+00
-5.811029076576232910e-01
-5.106551647186279297e-01
2.526939511299133301e-01
-1.196863055229187012e+00
8.799803853034973145e-01
-1.112916767597198486e-01
7.524193525314331055e-01
4.754988849163055420e-01
1.523087263107299805e+00
5.650179982185363770e-01
-5.568551272153854370e-02
-3.063965439796447754e-01
-1.043745517730712891e+00
-1.417368054389953613e+00
-3.402661979198455811e-01
-6.738880276679992676e-01
-6.505960971117019653e-02
-4.042788594961166382e-02
7.505577802658081055e-02
-2.587303221225738525e-01
-1.112461388111114502e-01
3.092978894710540771e-01
-5.631282329559326172e-01
-2.463592737913131714e-01
-2.458063215017318726e-01
-3.838897645473480225e-01
-2.699860930442810059e-01
4.515106081962585449e-01
8.705080300569534302e-02
-1.348870247602462769e-01
2.215931564569473267e-01
-8.581352233886718750e-01
-1.218043923377990723e+00
-6.911811418831348419e-03
4.372897371649742126e-02
1.265232712030410767e-01
-7.296612113714218140e-02
-3.512139320373535156e-01
-3.623065948486328125e-01
-3.100268542766571045e-01
-5.710791945457458496e-01
-4.704331457614898682e-01
-8.356049656867980957e-01
4.015041589736938477e-01
-2.576789259910583496e-01
1.170712783932685852e-01
5.576508641242980957e-01
2.473693788051605225e-01
4.591993391513824463e-01
-6.707468032836914062e-01
-1.677960902452468872e-01
-4.245335161685943604e-01
-5.788418650627136230e-01
-3.812693655490875244e-01
-1.659580022096633911e-01
7.513052225112915039e-01
-2.340601831674575806e-01
4.022352397441864014e-01
-2.556363642215728760e-01
-2.900851666927337646e-01
-3.202036619186401367e-01
3.084232509136199951e-01
8.442322015762329102e-01
4.344462752342224121e-01
1.246694922447204590e+00
2.819448113441467285e-01
-1.330731995403766632e-02
-1.415152251720428467e-01
6.464531272649765015e-02
-6.184110045433044434e-01
-5.359959602355957031e-01
-1.289445281028747559e+00
-4.393153190612792969e-01
-1.093727350234985352e+00
-2.877741158008575439e-01
-4.730888307094573975e-01
7.293449342250823975e-02
-3.806178867816925049e-01
9.620996713638305664e-01
-1.702824831008911133e-01
4.496094584465026855e-02
-4.553944170475006104e-01
-3.300253450870513916e-01
-1.119773268699645996e+00
5.350053310394287109e-02
1.697921156883239746e-01
1.144046664237976074e+00
1.850332468748092651e-01
3.587141335010528564e-01
-1.660441309213638306e-01
-2.945910096168518066e-01
-9.115433692932128906e-02
-8.581056594848632812e-01
3.969807922840118408e-01
-1.668577045202255249e-01
7.780107855796813965e-01
2.447473406791687012e-01
-2.144674956798553467e-01
-4.206985533237457275e-01
-8.317021131515502930e-01
-3.392441272735595703e-01
-5.857629179954528809e-01
5.450758337974548340e-01
4.330146312713623047e-01
1.219411373138427734e+00
5.254383683204650879e-01
5.089594721794128418e-01
-4.690671861171722412e-01
-2.120524793863296509e-01
-7.263641953468322754e-01
1.123225316405296326e-01
-1.020723953843116760e-01
8.684470653533935547e-01
2.781212925910949707e-01
7.364601492881774902e-01
-1.039931103587150574e-01
-1.684067249298095703e-01
-2.583892643451690674e-01
-3.565453588962554932e-01
-1.405885368585586548e-01
2.845894098281860352e-01
-5.627548694610595703e-01
-3.753526806831359863e-01
-3.446874618530273438e-01
-2.999250590801239014e-01
-8.675064444541931152e-01
-8.311548233032226562e-01
-7.425245642662048340e-01
-1.703204214572906494e-01
-3.450703620910644531e-01
-3.919331133365631104e-01
2.486875653266906738e-01
4.955983757972717285e-01
-1.972274621948599815e-03
-1.703323125839233398e-01
-1.426719874143600464e-01
3.766309618949890137e-01
-4.559267759323120117e-01
5.798583030700683594e-01
-1.071310229599475861e-02
7.152318209409713745e-02
1.385625898838043213e-01
4.004216492176055908e-01
-4.260134696960449219e-01
5.026833415031433105e-01
1.900297254323959351e-01
-4.242976605892181396e-01
3.244595527648925781e-01
-1.102414965629577637e+00
9.211856126785278320e-02
-9.254828691482543945e-01
-3.767582587897777557e-03
3.406012952327728271e-01
-7.295828312635421753e-02
6.307248473167419434e-01
-2.338971495628356934e-01
5.017513036727905273e-01
-1.810833662748336792e-01
8.489198982715606689e-02
-1.178079009056091309e+00
-1.156017333269119263e-01
-9.018351435661315918e-01
2.958032190799713135e-01
5.259594917297363281e-01
-4.503766894340515137e-01
5.412454009056091309e-01
-1.543660044670104980e+00
-9.750968813896179199e-01
-7.259306907653808594e-01
-7.718647718429565430e-01
1.742963120341300964e-02
-4.504675567150115967e-01
-2.217139862477779388e-02
-3.023525178432464600e-01
7.221806645393371582e-01
-6.805072426795959473e-01
1.564584672451019287e-01
-1.156660079956054688e+00
3.378002047538757324e-01
-8.733813762664794922e-01
4.903751015663146973e-01
-2.751631736755371094e-01
8.457961678504943848e-01
1.099580302834510803e-01
-7.541305851191282272e-03
-2.578203976154327393e-01
-5.720851570367813110e-02
-2.875568568706512451e-01
2.149512469768524170e-01
-7.964866608381271362e-02
1.434643715620040894e-01
-3.233877941966056824e-03
1.326304860413074493e-02
-4.875859320163726807e-01
-4.393583834171295166e-01
1.315943449735641479e-01
-2.859719395637512207e-01
-1.911797672510147095e-01
-6.698808819055557251e-02
-6.781708598136901855e-01
-1.372080594301223755e-01
1.734686046838760376e-01
-9.987164288759231567e-02
-7.889525592327117920e-02
-1.753945797681808472e-01
1.618953645229339600e-01
3.052933812141418457e-01
1.126916408538818359e-01
-1.866412013769149780e-01
6.645131707191467285e-01
-3.547778725624084473e-01
4.894395470619201660e-01
-3.852402269840240479e-01
5.049461126327514648e-01
5.009632557630538940e-02
-3.783579766750335693e-01
-3.164648413658142090e-01
-3.536825776100158691e-01
-5.535245537757873535e-01
-2.451418340206146240e-01
-1.109553813934326172e+00
-1.308725625276565552e-01
-1.435868978500366211e+00
4.683245122432708740e-01
1.697723753750324249e-02
5.950037837028503418e-01
5.179004669189453125e-01
-1.068870306015014648e+00
-8.605270087718963623e-02
-5.496314764022827148e-01
7.090808153152465820e-01
-5.337898135185241699e-01
3.300309777259826660e-01
-4.094962477684020996e-01
2.347324639558792114e-01
