-5.887850522994995117e-01
3.858907818794250488e-01
-2.247375845909118652e-01
2.536676526069641113e-01
3.831845521926879883e-01
9.277653694152832031e-01
5.761831998825073242e-01
2.998221814632415771e-01
4.278762638568878174e-02
3.271849155426025391e-01
-1.723054498434066772e-01
-7.064054608345031738e-01
-2.577849030494689941e-01
1.006442904472351074e-01
2.787477672100067139e-01
1.587274074554443359e-01
-3.578809499740600586e-01
2.094606608152389526e-01
-6.214087828993797302e-02
2.492779493331909180e-01
2.476098537445068359e-01
1.056934818625450134e-01
-8.677991479635238647e-02
-1.245365738868713379e-01
-1.840777695178985596e-01
-6.773643195629119873e-02
1.834714859724044800e-01
-8.869199156761169434e-01
-4.985948503017425537e-01
1.524563133716583252e-01
-3.086869716644287109e-01
2.491742521524429321e-01
-4.291888326406478882e-02
-3.505458533763885498e-01
1.458328962326049805e-01
-1.240739673376083374e-01
9.703873395919799805e-01
8.527196049690246582e-01
3.976017534732818604e-01
2.713462114334106445e-01
6.885396242141723633e-01
-3.110536932945251465e-01
8.650867938995361328e-01
-1.550406962633132935e-01
7.023227214813232422e-01
1.215297877788543701e-01
1.089949682354927063e-01
-3.068641200661659241e-02
-9.437688589096069336e-01
-6.930570602416992188e-01
-6.742715835571289062e-01
-3.774582445621490479e-01
-4.041198492050170898e-01
-1.017306372523307800e-01
-8.996890485286712646e-02
-1.555609405040740967e-01
-4.746173042804002762e-03
2.352876067161560059e-01
3.111301064491271973e-01
3.818343877792358398e-01
4.384469389915466309e-01
1.609372347593307495e-01
-2.473960518836975098e-01
-1.921174824237823486e-01
-8.721011877059936523e-01
1.933619230985641479e-01
-3.054496645927429199e-01
5.062394589185714722e-02
2.411123067140579224e-01
-9.024342894554138184e-02
5.039373040199279785e-01
-5.633766055107116699e-01
4.001396000385284424e-01
-1.364752054214477539e-01
4.240869581699371338e-01
3.410187065601348877e-01
-2.908081114292144775e-01
3.519148826599121094e-01
-1.431644856929779053e-01
6.750215291976928711e-01
3.748078942298889160e-01
7.414604425430297852e-01
1.166709437966346741e-01
1.291971355676651001e-01
-7.419831156730651855e-01
3.123999834060668945e-01
2.550252079963684082e-01
1.312417387962341309e+00
-3.396206796169281006e-01
4.394611120223999023e-01
-6.210728287696838379e-01
1.474017798900604248e-01
-6.212017312645912170e-02
-3.472046554088592529e-02
4.786741733551025391e-02
-5.112912878394126892e-02
-3.016415238380432129e-01
-3.514104783535003662e-01
-2.372152656316757202e-01
-6.593890786170959473e-01
-6.785901635885238647e-02
6.676235049962997437e-02
3.410613536834716797e-01
2.121064513921737671e-01
-2.733715772628784180e-01
1.210692077875137329e-01
-4.739863574504852295e-01
5.506008863449096680e-01
-1.886927485466003418e-01
2.423098683357238770e-01
2.721859514713287354e-01
5.600689724087715149e-02
-1.434308886528015137e-01
7.753733545541763306e-02
-1.892555654048919678e-01
1.016318202018737793e-01
-7.664917707443237305e-01
2.953927516937255859e-01
1.880177557468414307e-01
2.253311425447463989e-01
4.088662266731262207e-01
-6.192632392048835754e-02
1.125627197325229645e-02
-2.927509509027004242e-02
-8.423592150211334229e-02
1.519955545663833618e-01
5.757609009742736816e-01
-4.442297518253326416e-01
3.501456677913665771e-01
-3.130210041999816895e-01
-4.351853132247924805e-01
2.926279306411743164e-01
-2.096574753522872925e-01
4.703871309757232666e-01
-9.912355244159698486e-02
4.608813524246215820e-01
-1.906071007251739502e-01
-1.454881876707077026e-01
3.329572975635528564e-01
3.765634894371032715e-01
-2.370439320802688599e-01
-1.549553722143173218e-01
4.146563587710261345e-04
-1.508010476827621460e-01
-4.999203681945800781e-01
-6.856266856193542480e-01
-6.770945191383361816e-01
4.596776962280273438e-01
2.164404541254043579e-01
5.160955190658569336e-01
-1.220084801316261292e-01
6.021598726511001587e-02
1.735717803239822388e-01
6.214305758476257324e-01
-9.585993736982345581e-02
-2.102801352739334106e-01
-1.800496876239776611e-01
-1.004178166389465332e+00
6.407869458198547363e-01
2.022204250097274780e-01
1.028862953186035156e+00
-9.507478028535842896e-02
9.226663708686828613e-01
1.890576444566249847e-02
3.521834313869476318e-01
6.415151059627532959e-02
3.409248292446136475e-01
7.633087038993835449e-02
5.313327908515930176e-02
-1.375764459371566772e-01
-1.195553988218307495e-01
-2.408455610275268555e-01
-1.655180156230926514e-01
-6.646370887756347656e-01
-8.325955271720886230e-01
-1.008412957191467285e+00
-8.187527209520339966e-02
-1.250997483730316162e-01
4.021647870540618896e-01
2.847927212715148926e-01
-1.104319244623184204e-01
-2.532139122486114502e-01
-4.238782525062561035e-01
6.351638585329055786e-04
-5.005139708518981934e-01
7.077340483665466309e-01
2.507092952728271484e-01
3.041431307792663574e-01
1.879925653338432312e-02
-3.438964486122131348e-02
7.850700616836547852e-02
6.552453041076660156e-01
2.736832015216350555e-02
6.467778682708740234e-01
9.494444727897644043e-01
3.302274271845817566e-02
-1.941411057487130165e-03
-2.795425057411193848e-01
2.414348572492599487e-01
-3.921097815036773682e-01
3.306342363357543945e-01
1.289612352848052979e-01
-4.702284336090087891e-01
5.388742089271545410e-01
-9.242892265319824219e-02
8.226615786552429199e-01
-3.188295066356658936e-01
-3.859127759933471680e-01
-5.670710802078247070e-01
-1.815597414970397949e-01
-2.288704514503479004e-01
2.324192076921463013e-01
-3.107406795024871826e-01
2.055666893720626831e-01
-4.026999473571777344e-01
-3.675436377525329590e-01
2.740923762321472168e-01
-2.410128265619277954e-01
3.168502748012542725e-01
-1.676315069198608398e-01
1.660930961370468140e-01
-4.730465263128280640e-02
1.049337163567543030e-01
8.040103912353515625e-01
1.709941625595092773e-01
7.406606674194335938e-01
7.775125503540039062e-01
-9.914763271808624268e-03
3.011185526847839355e-01
8.303556442260742188e-01
-6.376118063926696777e-01
-5.453428030014038086e-01
-1.255455970764160156e+00
-8.380905389785766602e-01
1.950040757656097412e-01
9.532375633716583252e-02
-3.462219983339309692e-02
2.001468539237976074e-01
-1.267799496650695801e+00
5.722603797912597656e-01
8.262751102447509766e-01
4.871982038021087646e-01
5.753116011619567871e-01
-7.892922312021255493e-02
5.551541447639465332e-01
-3.695716336369514465e-02
2.887717783451080322e-01
2.626544833183288574e-01
1.490136861801147461e+00
1.726594120264053345e-01
9.581044316291809082e-01
-4.465168714523315430e-02
1.237318217754364014e-01
2.961318492889404297e-01
4.800399541854858398e-01
5.423236489295959473e-01
3.030998408794403076e-01
1.694051623344421387e-01
-3.298565745353698730e-01
-2.771614193916320801e-01
-6.205702424049377441e-01
-2.590396106243133545e-01
-2.629383206367492676e-01
6.943685561418533325e-02
1.100305542349815369e-01
5.275141596794128418e-01
-2.031576782464981079e-01
-6.714584231376647949e-01
-3.609172403812408447e-01
7.306319475173950195e-02
-1.076698824763298035e-01
9.243307113647460938e-01
3.294065594673156738e-01
5.937926769256591797e-01
1.572688370943069458e-01
7.867915183305740356e-02
-2.238454669713973999e-01
-2.768983840942382812e-01
-1.714890450239181519e-01
-1.471742093563079834e-01
7.201206684112548828e-02
-8.479798436164855957e-01
-1.067555919289588928e-01
-1.829028576612472534e-01
7.260745167732238770e-01
-2.720573246479034424e-01
3.365648090839385986e-01
-1.950688213109970093e-01
7.111930251121520996e-01
-3.721115589141845703e-01
4.929648637771606445e-01
-9.444849491119384766e-01
-3.098195791244506836e-01
-1.217694953083992004e-01
4.912281036376953125e-01
4.307900369167327881e-01
1.634477972984313965e-01
2.408528476953506470e-01
1.564422994852066040e-01
-2.741356790065765381e-01
9.233596175909042358e-02
-1.826399266719818115e-01
3.561048209667205811e-01
6.157231330871582031e-02
5.068098902702331543e-01
2.903049588203430176e-01
3.326655924320220947e-01
-2.699193656444549561e-01
-4.598452150821685791e-01
-1.291051745414733887e+00
-5.773979425430297852e-01
-4.820483624935150146e-01
-3.145518898963928223e-01
2.717992365360260010e-01
2.626554369926452637e-01
5.044448375701904297e-01
-2.949934601783752441e-01
6.285824775695800781e-01
7.359507679939270020e-01
5.082192420959472656e-01
1.482149720191955566e+00
-2.400801181793212891e-01
8.066378831863403320e-01
-3.764195442199707031e-01
3.148106932640075684e-01
-5.267018452286720276e-02
5.203059911727905273e-01
1.981598883867263794e-01
-2.354886382818222046e-01
3.716432154178619385e-01
1.360757946968078613e-01
9.082807600498199463e-02
7.404542714357376099e-02
-4.345444142818450928e-01
3.221492171287536621e-01
-3.844792842864990234e-01
-2.483083307743072510e-01
-5.727798938751220703e-01
-1.526124238967895508e+00
-4.077111184597015381e-01
6.727637648582458496e-01
1.335468053817749023e+00
4.511804580688476562e-01
9.118438363075256348e-01
9.653042554855346680e-01
2.552080154418945312e-01
4.999607205390930176e-01
6.051663681864738464e-02
2.570843994617462158e-01
-4.910655692219734192e-02
1.431527435779571533e-01
1.675217449665069580e-01
-1.681183278560638428e-01
-6.163001060485839844e-01
-8.476583361625671387e-01
3.108496963977813721e-02
2.749354839324951172e-01
1.437624573707580566e+00
2.341964989900588989e-01
8.061055094003677368e-02
2.652820385992527008e-02
3.019326925277709961e-01
-3.146013021469116211e-01
-8.384363055229187012e-01
-4.363664984703063965e-01
9.749189019203186035e-01
3.144106268882751465e-01
6.447083353996276855e-01
-1.239569857716560364e-01
-2.576197981834411621e-01
-1.301289200782775879e-01
-4.803391173481941223e-03
6.051009297370910645e-01
7.106162905693054199e-01
-4.790675267577171326e-02
9.175653010606765747e-02
-1.704248785972595215e-01
-2.332832477986812592e-02
-2.425543405115604401e-02
2.691710293292999268e-01
-5.191235542297363281e-01
-1.642399281263351440e-01
-5.336121320724487305e-01
-3.022347390651702881e-01
-5.069005489349365234e-01
-5.239259004592895508e-01
-4.592334330081939697e-01
-2.298702448606491089e-01
-2.554951906204223633e-01
-2.056278288364410400e-01
-1.128559708595275879e-01
-1.526178121566772461e-01
4.799168407917022705e-01
2.255431413650512695e-01
6.758324503898620605e-01
-1.098802238702774048e-01
6.957816481590270996e-01
2.730957046151161194e-02
3.847192525863647461e-01
2.719088792800903320e-01
3.284246027469635010e-01
-1.231414228677749634e-01
4.262574315071105957e-01
-2.453095465898513794e-01
9.057427048683166504e-01
-6.053443551063537598e-01
8.898874521255493164e-01
-6.435115635395050049e-02
4.570844769477844238e-01
-1.515354365110397339e-01
-3.511919081211090088e-01
1.123673766851425171e-01
-4.170349240303039551e-01
2.883885502815246582e-01
-4.305372238159179688e-01
1.258501261472702026e-01
6.331831216812133789e-02
3.153811395168304443e-01
8.247617632150650024e-02
-2.747845277190208435e-02
-2.882568724453449249e-02
2.696382403373718262e-01
1.373616755008697510e-01
1.826064288616180420e-01
2.504904568195343018e-02
-4.265786707401275635e-01
3.000483214855194092e-01
-4.693434834480285645e-01
8.570657372474670410e-01
-3.286172449588775635e-01
-2.093648165464401245e-01
2.513594627380371094e-01
-2.984096109867095947e-01
5.517697334289550781e-01
-7.746449857950210571e-02
6.706135272979736328e-01
-1.044796630740165710e-01
9.622313380241394043e-01
-4.666018187999725342e-01
5.745365619659423828e-01
-6.303486824035644531e-01
4.984040260314941406e-01
4.963645711541175842e-02
-5.230626463890075684e-01
-8.610495328903198242e-01
-8.515540957450866699e-01
-7.359518408775329590e-01
8.773351907730102539e-01
-1.989388018846511841e-01
8.933327198028564453e-01
6.506389975547790527e-01
6.537507176399230957e-01
4.654729962348937988e-01
-4.909294843673706055e-01
1.732425391674041748e-01
-9.565182924270629883e-01
1.337522119283676147e-01
-7.785640954971313477e-01
5.436191707849502563e-02
-6.120377182960510254e-01
-1.050494797527790070e-02
-2.001864463090896606e-02
6.488450169563293457e-01
3.589127063751220703e-01
1.003737211227416992e+00
-4.065712392330169678e-01
3.062017560005187988e-01
-4.101854562759399414e-01
3.962039947509765625e-01
-6.150828003883361816e-01
-2.712337300181388855e-02
-1.082373857498168945e+00
5.735716819763183594e-01
-8.185802400112152100e-02
-4.757563471794128418e-01
7.517163455486297607e-02
1.960579305887222290e-01
5.207356065511703491e-03
-6.248242780566215515e-02
-5.612930059432983398e-01
-4.622625708580017090e-01
3.726166486740112305e-01
4.661730527877807617e-01
6.338987350463867188e-01
-7.891400158405303955e-02
4.110177159309387207e-01
-2.472954839468002319e-01
-2.120336592197418213e-01
3.639454245567321777e-01
-4.836277961730957031e-01
5.509810447692871094e-01
5.165668204426765442e-02
-1.851673237979412079e-03
2.277847230434417725e-01
-1.259894818067550659e-01
-9.836768358945846558e-02
4.492667913436889648e-01
6.995636820793151855e-01
-1.694545149803161621e-01
1.036300137639045715e-01
3.398142755031585693e-01
2.380563765764236450e-01
6.941068172454833984e-01
2.595774233341217041e-01
-2.667474001646041870e-02
7.645469903945922852e-02
-7.294221520423889160e-01
-1.199701055884361267e-01
-1.272117614746093750e+00
-3.336143493652343750e-02
-3.869886398315429688e-01
-1.460923254489898682e-01
-9.159704446792602539e-01
