-1.570925235748291016e+00
-9.670673012733459473e-01
-2.440998703241348267e-01
-3.176451325416564941e-01
7.479777336120605469e-01
9.174202084541320801e-01
-6.887057423591613770e-02
6.491803526878356934e-01
1.436848878860473633e+00
-3.734230697154998779e-01
2.614866793155670166e-01
-7.448315024375915527e-01
-1.058450102806091309e+00
-3.685545921325683594e-01
-4.502984285354614258e-01
-6.670777797698974609e-01
-3.010765314102172852e-01
-2.894222140312194824e-01
1.170808076858520508e+00
1.242519259452819824e+00
-6.890156865119934082e-01
1.668559908866882324e+00
-5.113756060600280762e-01
-8.577097654342651367e-01
1.206910088658332825e-01
-4.938614368438720703e-01
6.099516153335571289e-01
-9.670490622520446777e-01
-2.448009140789508820e-02
-1.226017117500305176e+00
-5.019353628158569336e-01
-4.150850474834442139e-01
-8.142173290252685547e-01
1.493034482002258301e+00
5.345225930213928223e-01
2.616845071315765381e-01
1.333984255790710449e+00
-2.911759614944458008e-01
-1.785084843635559082e+00
6.157281398773193359e-01
-1.735139846801757812e+00
-4.767117276787757874e-02
-1.272075295448303223e+00
2.601512670516967773e-01
-5.610783100128173828e-01
1.954931467771530151e-01
-3.672901093959808350e-01
5.965290069580078125e-01
-2.085381895303726196e-01
-8.723918795585632324e-01
-3.186001777648925781e-01
-4.507207572460174561e-01
-4.827152788639068604e-01
-1.147043257951736450e-01
3.997280001640319824e-01
-8.506357669830322266e-01
5.892707109451293945e-01
6.435391306877136230e-01
8.947054743766784668e-01
2.028828859329223633e+00
1.456342577934265137e+00
7.514411211013793945e-01
-3.126639723777770996e-01
-1.185291051864624023e+00
-3.230218887329101562e+00
1.442416012287139893e-01
-1.399690270423889160e+00
2.346712350845336914e-01
-3.984723687171936035e-01
-6.508043408393859863e-01
-5.600879434496164322e-03
8.166911453008651733e-02
-5.829951763153076172e-01
1.162775516510009766e+00
-8.043147325515747070e-01
2.667060494422912598e-01
-3.729701936244964600e-01
1.578987687826156616e-01
-3.593490719795227051e-01
1.183168530464172363e+00
8.355933427810668945e-02
8.071460723876953125e-01
5.301507115364074707e-01
-1.516619682312011719e+00
-3.751470148563385010e-01
-1.170673489570617676e+00
8.762639760971069336e-02
-7.131224274635314941e-01
-1.017751842737197876e-01
8.252299390733242035e-03
-6.352602839469909668e-01
-8.318371772766113281e-01
-1.037439852952957153e-01
-6.159080862998962402e-01
1.109099030494689941e+00
6.919994354248046875e-01
1.068871259689331055e+00
6.104572415351867676e-01
5.684987306594848633e-01
-4.019189178943634033e-01
-1.163312911987304688e+00
7.850149273872375488e-01
6.193271279335021973e-01
-9.759330153465270996e-01
4.001702070236206055e-01
-1.114382743835449219e+00
5.247887969017028809e-01
4.920600652694702148e-01
-5.236887335777282715e-01
1.766273826360702515e-01
-1.903508007526397705e-01
2.053715884685516357e-01
4.344086349010467529e-01
1.509645819664001465e+00
5.008422136306762695e-01
1.691067218780517578e-01
5.867452546954154968e-02
-1.075777053833007812e+00
4.047060608863830566e-01
-6.234448552131652832e-01
-6.110818982124328613e-01
3.993671387434005737e-02
1.172460168600082397e-01
6.801306605339050293e-01
-9.221932291984558105e-01
-1.621083140373229980e+00
-6.045908331871032715e-01
-1.785590410232543945e+00
2.914784431457519531e+00
-7.831656932830810547e-01
-1.325509190559387207e+00
1.131545528769493103e-01
-8.760946393013000488e-01
9.586888551712036133e-02
-5.208411812782287598e-01
1.530117690563201904e-01
-2.626585662364959717e-01
1.376068443059921265e-01
1.801439404487609863e+00
1.721261382102966309e+00
7.153993248939514160e-01
1.515849590301513672e+00
2.497377544641494751e-01
6.577615737915039062e-01
5.425531864166259766e-01
-9.476226568222045898e-01
-6.396244764328002930e-01
-7.717375755310058594e-01
-6.612209081649780273e-01
-4.089484214782714844e-01
-3.421763479709625244e-01
-1.614008843898773193e-01
2.431802153587341309e-01
2.235453873872756958e-01
-3.109345138072967529e-01
3.294056057929992676e-01
-5.981876254081726074e-01
5.236086845397949219e-01
-5.122470259666442871e-01
1.920980052091181278e-03
-4.466406404972076416e-01
-1.475616842508316040e-01
9.532033205032348633e-01
2.983598709106445312e-01
-6.797502934932708740e-02
2.020569443702697754e-01
-1.049733281135559082e+00
-1.136361122131347656e+00
1.227968692779541016e+00
-8.000056147575378418e-01
3.141719996929168701e-01
-1.866026222705841064e-01
1.265176892280578613e+00
2.828616797924041748e-01
3.280015587806701660e-01
2.923349738121032715e-01
-1.538854241371154785e-01
-5.974455475807189941e-01
1.374878764152526855e+00
1.402864456176757812e-01
-8.684974312782287598e-01
1.119252920150756836e+00
-5.700313448905944824e-01
-5.961560010910034180e-01
-6.163647174835205078e-01
1.202334165573120117e+00
-4.112357199192047119e-01
6.510127782821655273e-01
-9.709405153989791870e-02
-1.427854657173156738e+00
-1.039378404617309570e+00
-1.180695295333862305e+00
-9.947054982185363770e-01
-4.591244161128997803e-01
1.049507558345794678e-01
7.443249821662902832e-01
1.245375752449035645e+00
9.834117889404296875e-01
-2.227800488471984863e-01
6.987147033214569092e-02
8.371325731277465820e-01
5.929486155509948730e-01
-5.581512451171875000e-01
1.770008653402328491e-01
3.027164041996002197e-01
1.563501358032226562e+00
1.254631131887435913e-01
-3.342967331409454346e-01
-1.307780742645263672e+00
-6.861041188240051270e-01
-6.307105422019958496e-01
7.593929301947355270e-03
3.319655731320381165e-02
8.057571053504943848e-01
7.494048774242401123e-02
-6.829880876466631889e-04
-1.338228583335876465e-01
5.014148950576782227e-01
3.257371187210083008e-01
-4.596702158451080322e-01
3.773117661476135254e-01
-7.639527916908264160e-01
-4.802039265632629395e-01
2.299535870552062988e-01
-1.305133104324340820e-01
6.396675109863281250e-01
6.152538061141967773e-01
-2.043744027614593506e-01
-1.646595150232315063e-01
4.833761602640151978e-02
3.846668004989624023e-01
-2.148296833038330078e-01
1.879411190748214722e-01
-1.450019031763076782e-01
1.065621972084045410e-01
-5.830122530460357666e-02
4.551105797290802002e-01
9.611788988113403320e-01
-6.858670115470886230e-01
-2.083478420972824097e-01
-7.570813298225402832e-01
6.781996786594390869e-02
-6.727849245071411133e-01
3.217397332191467285e-01
-7.086063623428344727e-01
-1.018294617533683777e-01
-3.425475955009460449e-01
-7.204644381999969482e-02
-1.156307235360145569e-01
3.282372057437896729e-01
6.683375686407089233e-02
-1.221514701843261719e+00
-1.052780270576477051e+00
-6.457346081733703613e-01
-8.363869786262512207e-01
2.370599508285522461e-01
-3.430647253990173340e-01
8.848112076520919800e-02
-4.540410935878753662e-01
-9.041220694780349731e-02
8.322927355766296387e-01
1.095105051994323730e+00
1.016148686408996582e+00
1.489376306533813477e+00
-1.059194445610046387e+00
-5.561185479164123535e-01
-2.915802001953125000e-01
-5.953184962272644043e-01
-7.847683429718017578e-01
7.982152700424194336e-02
-4.395699799060821533e-01
1.335844159126281738e+00
-5.024553537368774414e-01
-2.543477118015289307e-01
-4.370186030864715576e-01
-9.325253367424011230e-01
-6.116002798080444336e-01
9.818840771913528442e-02
6.636948585510253906e-01
1.051041603088378906e+00
-2.876860499382019043e-01
3.871025517582893372e-02
1.848802119493484497e-01
-3.666210919618606567e-02
1.605628609657287598e+00
6.215103268623352051e-01
2.806474566459655762e-01
1.429375886917114258e+00
-1.014573812484741211e+00
-4.302292168140411377e-01
-2.279905796051025391e+00
-2.215246677398681641e+00
-6.372879743576049805e-01
2.338934540748596191e-01
5.010566711425781250e-01
1.083313107490539551e+00
1.588504463434219360e-01
5.795379877090454102e-01
3.065474927425384521e-01
5.427415370941162109e-01
-7.185389995574951172e-01
-7.866305112838745117e-01
-1.350563287734985352e+00
3.936930000782012939e-01
-1.212069869041442871e+00
1.950098633766174316e+00
-9.200125932693481445e-02
-2.151835441589355469e+00
2.635780572891235352e-01
-1.970023870468139648e+00
1.478699445724487305e+00
6.411355137825012207e-01
8.741330504417419434e-01
6.252685785293579102e-01
-2.869169786572456360e-02
-8.542029857635498047e-01
-9.714971184730529785e-01
-7.974485754966735840e-01
-7.696598768234252930e-01
-1.651688069105148315e-01
2.481991946697235107e-01
-8.401134610176086426e-01
-4.445829689502716064e-01
-5.603653788566589355e-01
6.392071843147277832e-01
-2.031723558902740479e-01
9.322390556335449219e-01
7.049322128295898438e-01
7.151576876640319824e-01
-6.009197235107421875e-02
-1.185261085629463196e-01
-3.570178747177124023e-01
7.622830271720886230e-01
-1.041070744395256042e-01
3.332248330116271973e-01
-4.489385187625885010e-01
-3.177526891231536865e-01
-7.272075116634368896e-02
1.822333782911300659e-01
-1.186152219772338867e+00
-5.697934031486511230e-01
2.218291312456130981e-01
-1.089930236339569092e-01
2.072210982441902161e-02
3.722329139709472656e-01
7.380184531211853027e-01
1.087306976318359375e+00
1.091017484664916992e+00
5.889795422554016113e-01
6.147918701171875000e-01
-4.966619908809661865e-01
-5.534771084785461426e-01
-3.217119932174682617e+00
-5.666397213935852051e-01
-2.092607259750366211e+00
-9.766695648431777954e-02
-9.777868986129760742e-01
-4.223980903625488281e-01
-4.118506908416748047e-01
1.704058498144149780e-01
6.056990027427673340e-01
1.317853450775146484e+00
1.238984465599060059e+00
-1.855223625898361206e-02
7.825198173522949219e-01
1.165659308433532715e+00
-3.090458512306213379e-01
5.555401444435119629e-01
-7.652924209833145142e-02
-1.193873524665832520e+00
1.212710142135620117e-01
-6.850826144218444824e-01
-6.865128278732299805e-01
-7.450824975967407227e-01
1.183456420898437500e+00
6.772260665893554688e-01
1.574273854494094849e-01
8.050575852394104004e-02
7.527537345886230469e-01
3.601386547088623047e-01
1.242067143321037292e-01
2.026113122701644897e-01
1.045350670814514160e+00
-4.987503886222839355e-01
-7.984425127506256104e-02
1.648773103952407837e-01
-3.128289580345153809e-01
2.173758298158645630e-01
-5.881057381629943848e-01
2.845247685909271240e-01
-1.443190097808837891e+00
1.294869661331176758e+00
-9.994578361511230469e-01
-3.111123442649841309e-01
-5.670160055160522461e-02
1.002131104469299316e+00
1.098438620567321777e+00
4.637800157070159912e-01
-8.572010993957519531e-01
-7.311826348304748535e-01
2.347901910543441772e-01
2.046905606985092163e-01
-1.925774931907653809e+00
6.813117265701293945e-01
-7.875946164131164551e-01
7.380704283714294434e-01
-1.057133078575134277e+00
-1.002695202827453613e+00
-3.655183911323547363e-01
-1.861844658851623535e-01
-6.866577267646789551e-01
4.352344572544097900e-01
5.821670964360237122e-02
8.132437467575073242e-01
2.811361849308013916e-01
6.810203194618225098e-01
-1.672280669212341309e+00
-3.496260344982147217e-01
-6.335285902023315430e-01
2.984869061037898064e-03
-1.288000106811523438e+00
1.015487194061279297e+00
-2.859014868736267090e-01
5.987802147865295410e-01
4.102703332901000977e-01
9.229762554168701172e-01
1.102038025856018066e+00
1.645066261291503906e+00
-5.476853251457214355e-01
-8.103396743535995483e-02
2.168178558349609375e-03
1.500944942235946655e-01
9.475772827863693237e-02
-1.069138526916503906e+00
-7.617758214473724365e-02
-1.005292296409606934e+00
9.651764035224914551e-01
-1.370277762413024902e+00
2.460733354091644287e-01
-2.863261461257934570e+00
-4.267956018447875977e-01
-1.632202148437500000e+00
4.321034848690032959e-01
-1.597403138875961304e-01
1.145133018493652344e+00
-4.159705042839050293e-01
1.951422542333602905e-01
-1.684711694717407227e+00
-2.050310224294662476e-01
-1.201653003692626953e+00
1.398890018463134766e+00
3.507379442453384399e-02
-1.203121393918991089e-01
7.049425840377807617e-01
8.818614482879638672e-01
5.272951126098632812e-01
3.594522774219512939e-01
-4.656539112329483032e-02
1.028845906257629395e+00
6.169684529304504395e-01
-1.494255512952804565e-01
-6.071319058537483215e-02
7.334427535533905029e-02
-5.400074124336242676e-01
1.426766633987426758e+00
3.590734302997589111e-01
7.513263821601867676e-01
-2.644577920436859131e-01
-6.768245697021484375e-01
-1.443480014801025391e+00
-5.982403159141540527e-01
-8.927185535430908203e-01
1.920422613620758057e-01
1.090015321969985962e-01
-1.562663674354553223e+00
-7.828146219253540039e-01
-1.242601275444030762e+00
5.452033281326293945e-01
-7.876086235046386719e-01
6.605643779039382935e-02
-6.031125783920288086e-01
1.955859422683715820e+00
9.263054728507995605e-01
5.012755990028381348e-01
-2.301408529281616211e+00
2.892774343490600586e-01
-2.142514705657958984e+00
1.069968104362487793e+00
-1.761240363121032715e+00
3.817685544490814209e-01
-1.776981472969055176e+00
-8.566625416278839111e-02
-2.471241541206836700e-02
8.381162285804748535e-01
1.341177701950073242e+00
5.669272541999816895e-01
4.637231528759002686e-01
4.554349184036254883e-01
-3.826289772987365723e-01
7.841970324516296387e-01
7.726149559020996094e-01
1.825832962989807129e+00
-1.141821265220642090e+00
-8.106688261032104492e-01
-8.099537491798400879e-01
-2.286481857299804688e-01
-2.582814097404479980e-01
4.499382972717285156e-01
-8.873758316040039062e-01
-7.917653024196624756e-02
-6.090249419212341309e-01
-2.308314442634582520e-01
2.509056627750396729e-01
