5.404024720191955566e-01
-5.246140360832214355e-01
5.390897393226623535e-01
-1.113015651702880859e+00
3.222077190876007080e-01
-5.835843086242675781e-01
3.293312340974807739e-02
3.833981454372406006e-01
2.094773650169372559e-01
3.206296563148498535e-01
7.096815705299377441e-01
2.104305103421211243e-02
7.512882947921752930e-01
-1.158587411046028137e-01
9.421581029891967773e-02
4.680505394935607910e-01
-5.175665020942687988e-02
-5.839483737945556641e-01
-2.833883762359619141e-01
-5.115294456481933594e-01
-2.181925177574157715e-01
-2.805541753768920898e-01
-1.740445755422115326e-02
2.521890103816986084e-01
9.926429986953735352e-01
-6.291355490684509277e-01
1.850032359361648560e-01
-1.161258891224861145e-01
-2.677586078643798828e-01
1.529422774910926819e-02
5.499469041824340820e-01
-3.015466034412384033e-01
5.253674387931823730e-01
-5.701248645782470703e-01
5.842220187187194824e-01
-9.077908396720886230e-01
2.497216165065765381e-01
4.846526682376861572e-01
-2.151224911212921143e-01
5.929383635520935059e-01
-3.071999847888946533e-01
-2.216480225324630737e-01
6.854257583618164062e-01
7.765648961067199707e-01
1.014145255088806152e+00
2.963647246360778809e-01
-1.883780658245086670e-01
1.213506534695625305e-01
2.355575412511825562e-01
-3.764962255954742432e-01
-8.842644095420837402e-02
-2.335391193628311157e-02
-4.940777122974395752e-01
-2.115197926759719849e-01
-3.882297873497009277e-01
1.426659673452377319e-01
-7.793826609849929810e-02
-2.980734705924987793e-01
-8.119208216667175293e-01
-1.080333352088928223e+00
-7.437578439712524414e-01
-1.127544417977333069e-01
3.784587085247039795e-01
-3.644007742404937744e-01
-4.291948676109313965e-01
-4.667464494705200195e-01
1.753442920744419098e-03
6.132342219352722168e-01
6.064901947975158691e-01
5.777833461761474609e-01
6.255172491073608398e-01
6.271864175796508789e-01
1.620720922946929932e-01
-2.132583111524581909e-01
8.915299177169799805e-01
7.814207673072814941e-01
1.927642226219177246e-01
-4.457390606403350830e-01
-6.803680658340454102e-01
2.631828188896179199e-01
4.089355766773223877e-01
-1.859695017337799072e-01
-5.060849711298942566e-02
6.836913526058197021e-02
-4.283208250999450684e-01
7.570513337850570679e-02
7.957074046134948730e-02
-5.875075459480285645e-01
1.732363998889923096e-01
3.891370296478271484e-01
-6.160791218280792236e-02
-5.179448723793029785e-01
-7.455927878618240356e-02
-2.647117078304290771e-01
7.535339891910552979e-02
-5.230029225349426270e-01
-8.921943604946136475e-02
-1.092786312103271484e+00
5.254735946655273438e-01
1.544256567955017090e+00
1.482514977455139160e+00
-6.540954709053039551e-01
4.393189251422882080e-01
1.627088040113449097e-01
-3.953440487384796143e-01
3.460496366024017334e-01
-3.252497017383575439e-01
4.471081197261810303e-01
-1.039995789527893066e+00
3.540781140327453613e-01
-2.482036054134368896e-01
2.574849128723144531e-01
-2.604728639125823975e-01
-7.713405489921569824e-01
5.564562603831291199e-02
-4.530720114707946777e-01
2.575596794486045837e-02
-5.052021145820617676e-02
2.689455635845661163e-02
2.600577771663665771e-01
6.086301803588867188e-01
-9.223222732543945312e-02
2.438338398933410645e-01
-1.779520660638809204e-01
6.694687008857727051e-01
9.394158422946929932e-02
-4.669248685240745544e-02
1.324543505907058716e-01
-4.381873458623886108e-02
2.145095262676477432e-03
-8.315245509147644043e-01
-1.322466582059860229e-01
6.012333035469055176e-01
3.181237578392028809e-01
1.263088703155517578e+00
-8.679700493812561035e-01
2.656023502349853516e-01
-5.513100624084472656e-01
-1.243371367454528809e-01
-7.405744791030883789e-01
-3.977122902870178223e-01
4.966120049357414246e-02
-5.988405942916870117e-01
1.003316193819046021e-01
3.053871393203735352e-01
1.949855834245681763e-01
5.070555210113525391e-01
-1.025014892220497131e-01
3.887828588485717773e-01
1.920800507068634033e-01
2.768689095973968506e-01
-2.097539901733398438e-01
6.995047926902770996e-01
-1.882151216268539429e-01
4.636264741420745850e-01
-3.559735417366027832e-01
-2.480687499046325684e-01
-8.727082014083862305e-01
-1.695189177989959717e-01
-1.735071539878845215e-01
2.738833241164684296e-02
3.039840795099735260e-02
-6.190238595008850098e-01
1.912397295236587524e-01
4.084423780441284180e-01
-5.060202442109584808e-03
6.107904314994812012e-01
1.693530976772308350e-01
2.860456407070159912e-01
-5.035774111747741699e-01
2.446272969245910645e-01
-6.191079020500183105e-01
-2.011880092322826385e-02
-9.770599603652954102e-01
-1.460660845041275024e-01
3.225014209747314453e-01
-5.215006470680236816e-01
5.002846121788024902e-01
-6.111152172088623047e-01
-2.173124067485332489e-02
3.800387978553771973e-01
1.191713139414787292e-01
-4.492494761943817139e-01
2.618791759014129639e-01
1.106025744229555130e-02
3.325105607509613037e-01
-6.335585117340087891e-01
2.590686678886413574e-01
4.364723563194274902e-01
6.330906748771667480e-01
5.557208880782127380e-02
-4.593900442123413086e-01
4.854352772235870361e-01
2.590122222900390625e-01
3.625318408012390137e-01
2.041731327772140503e-01
3.464936614036560059e-01
2.650749385356903076e-01
4.232616424560546875e-01
-4.624742865562438965e-01
-5.755788683891296387e-01
-1.010136365890502930e+00
-1.055039286613464355e+00
-2.720485925674438477e-01
-1.624364405870437622e-01
-4.998339414596557617e-01
2.441168278455734253e-01
3.005863428115844727e-01
4.084618985652923584e-01
5.077531337738037109e-01
-9.383378922939300537e-02
-7.245470285415649414e-01
1.940030977129936218e-02
-6.606346368789672852e-01
-4.424290359020233154e-02
-2.715398669242858887e-01
4.656886160373687744e-01
-2.906647324562072754e-01
3.182399570941925049e-01
5.695548653602600098e-01
2.103756926953792572e-02
6.457894444465637207e-01
-2.402705401182174683e-01
3.395836949348449707e-01
7.223872542381286621e-01
1.215750426054000854e-01
1.715688407421112061e-02
4.893988966941833496e-01
-4.597201943397521973e-03
4.113330543041229248e-01
1.742520183324813843e-01
4.256273061037063599e-02
-1.268325299024581909e-01
-3.849342092871665955e-02
-9.575730562210083008e-02
-1.776491701602935791e-01
-3.672526776790618896e-01
-3.064034879207611084e-01
-4.513548016548156738e-01
-5.559782981872558594e-01
2.075168937444686890e-01
-6.185263395309448242e-01
5.111684203147888184e-01
7.904426753520965576e-02
2.690981142222881317e-03
-2.719869315624237061e-01
2.857328057289123535e-01
4.397147335112094879e-03
3.983764946460723877e-01
3.734606504440307617e-02
3.181029856204986572e-01
1.108513355255126953e+00
7.345402836799621582e-01
6.134039163589477539e-01
1.308199644088745117e+00
9.536982774734497070e-01
8.925373107194900513e-02
7.766041159629821777e-02
-2.230378426611423492e-02
-2.409058958292007446e-01
-6.421043276786804199e-01
-3.280375301837921143e-01
-3.900664448738098145e-01
2.865240573883056641e-01
-1.375757455825805664e-01
-4.079776629805564880e-02
2.784257829189300537e-01
-1.460129022598266602e+00
7.456014752388000488e-01
4.935416281223297119e-01
-1.520511358976364136e-01
1.676320582628250122e-01
1.527350246906280518e-01
-7.052028179168701172e-01
8.395726978778839111e-02
3.359312117099761963e-01
-4.423311948776245117e-01
-1.286513805389404297e-01
-7.930220961570739746e-01
2.178818732500076294e-01
-6.711400747299194336e-01
-1.687079370021820068e-01
1.896288841962814331e-01
-8.311021924018859863e-01
7.890782952308654785e-01
-1.253566503524780273e+00
1.812002301216125488e+00
-1.463773548603057861e-01
1.545008778572082520e+00
-4.972213506698608398e-01
9.745658636093139648e-01
-1.053000092506408691e-01
8.962261080741882324e-01
-5.424847453832626343e-02
8.539091944694519043e-01
8.501116931438446045e-02
2.831646502017974854e-01
-8.760906457901000977e-01
-2.826310992240905762e-01
-3.118068575859069824e-01
-4.627966880798339844e-01
4.608058035373687744e-01
2.031047642230987549e-01
-1.459562331438064575e-01
-9.904459714889526367e-01
6.172326207160949707e-02
1.036782935261726379e-01
1.883196830749511719e-01
2.719009518623352051e-01
-9.517028331756591797e-01
-8.199070692062377930e-01
4.021545350551605225e-01
1.140438541769981384e-01
4.544545710086822510e-01
-4.013099670410156250e-01
9.567453861236572266e-01
4.128183424472808838e-01
7.084487080574035645e-01
7.857863903045654297e-01
-2.354391813278198242e-01
3.594356179237365723e-01
-7.067756056785583496e-01
3.141842782497406006e-01
-1.227417707443237305e+00
4.516720026731491089e-02
4.348731040954589844e-01
-6.347419023513793945e-01
-2.882317900657653809e-01
2.173728644847869873e-01
-6.848471760749816895e-01
4.499872028827667236e-01
-1.711497642099857330e-02
1.865281164646148682e-01
-3.345457017421722412e-01
6.670057773590087891e-02
6.059488058090209961e-01
2.655385136604309082e-01
6.200773715972900391e-01
-2.868883311748504639e-01
6.343830823898315430e-01
4.524160027503967285e-01
-2.045077681541442871e-01
-5.193989351391792297e-02
-1.368414238095283508e-02
-1.012714505195617676e+00
3.528333306312561035e-01
2.437283396720886230e-01
-2.448853254318237305e-01
2.524217665195465088e-01
2.580903470516204834e-01
1.024520099163055420e-01
-4.033604636788368225e-02
5.805749893188476562e-01
-1.106718897819519043e+00
5.620965361595153809e-01
2.306373864412307739e-01
-1.456188708543777466e-01
-1.395802050828933716e-01
-8.048130869865417480e-01
9.594883769750595093e-02
-1.834422796964645386e-01
-2.026089578866958618e-01
-4.130525588989257812e-01
1.228557229042053223e-01
-1.075482070446014404e-01
3.051434457302093506e-01
-1.829649135470390320e-02
2.653231918811798096e-01
1.118501663208007812e+00
-1.011860728263854980e+00
-8.043757677078247070e-01
-6.505883336067199707e-01
1.326328635215759277e+00
-8.264096379280090332e-01
6.414699554443359375e-01
-1.199163272976875305e-01
1.392369866371154785e-01
8.521360754966735840e-01
-1.351646184921264648e-01
-4.561029672622680664e-01
2.916122078895568848e-01
-9.176034927368164062e-01
-6.206595897674560547e-01
-9.780082702636718750e-01
2.602148652076721191e-01
2.801032960414886475e-01
1.344491600990295410e+00
4.790454357862472534e-02
-3.049927353858947754e-01
9.323986619710922241e-02
-5.532683730125427246e-01
-4.432678222656250000e-01
-8.095502853393554688e-02
-7.913653254508972168e-01
5.313435196876525879e-01
3.873738646507263184e-02
6.005778312683105469e-01
2.938884198665618896e-01
3.086896538734436035e-01
-1.369433850049972534e-01
3.657448291778564453e-01
6.453251093626022339e-02
6.176496744155883789e-01
-5.414764285087585449e-01
6.077120080590248108e-02
2.554294764995574951e-01
4.189187884330749512e-01
4.229083359241485596e-01
-7.190740853548049927e-02
5.521795749664306641e-01
-8.513423800468444824e-02
1.059310138225555420e-01
-1.053800582885742188e-01
-7.684339284896850586e-01
-2.109753340482711792e-01
-2.228596657514572144e-01
4.138517081737518311e-01
-4.492658376693725586e-01
4.841443598270416260e-01
2.593229115009307861e-01
-2.134703546762466431e-01
6.014089584350585938e-01
-5.398133993148803711e-01
-7.840820550918579102e-01
5.792868137359619141e-01
4.287292361259460449e-01
3.610685095191001892e-02
-7.826153635978698730e-01
-4.026702642440795898e-01
9.137490987777709961e-01
-5.804865956306457520e-01
1.525600671768188477e+00
6.444253921508789062e-01
2.204118520021438599e-01
3.677528202533721924e-01
5.088858604431152344e-01
-3.171777725219726562e-01
3.977440893650054932e-01
-3.871619999408721924e-01
2.764891982078552246e-01
-1.258782148361206055e-01
-7.685661315917968750e-02
-4.965168833732604980e-01
-9.103793501853942871e-01
-1.322871297597885132e-01
2.688170373439788818e-01
2.675563842058181763e-02
4.297407567501068115e-01
3.577246963977813721e-01
-2.205020338296890259e-01
-5.979610681533813477e-01
-3.768881261348724365e-01
-2.162457108497619629e-01
1.726514995098114014e-01
-2.692030072212219238e-01
-2.807771787047386169e-02
7.991394028067588806e-03
8.059440255165100098e-01
-3.086136579513549805e-01
3.386243879795074463e-01
-2.437843829393386841e-01
5.383020043373107910e-01
-1.473968476057052612e-01
4.770419299602508545e-01
-1.013539060950279236e-01
3.033642191439867020e-03
1.928866654634475708e-01
1.524709314107894897e-01
-4.801245927810668945e-01
2.059439867734909058e-01
6.054444909095764160e-01
-5.379046872258186340e-02
-2.963705956935882568e-01
2.620095312595367432e-01
-1.907217353582382202e-01
3.387376368045806885e-01
-2.195753008127212524e-01
6.525747776031494141e-01
-1.534331679344177246e+00
4.642294049263000488e-01
3.722937703132629395e-01
-8.378307819366455078e-01
-4.716825187206268311e-01
1.026117708534002304e-03
1.639487780630588531e-02
6.323485374450683594e-01
-2.884565591812133789e-01
4.619745314121246338e-01
-2.776907980442047119e-01
-6.713855266571044922e-01
1.692897826433181763e-01
4.942919909954071045e-01
2.936601936817169189e-01
1.441838741302490234e+00
-6.085168719291687012e-01
5.556274056434631348e-01
-2.317836731672286987e-01
6.592076271772384644e-02
1.601567268371582031e-01
-5.247802138328552246e-01
3.516892790794372559e-01
8.816533535718917847e-02
-6.125217080116271973e-01
3.997372090816497803e-01
-8.449314236640930176e-01
-8.754181861877441406e-01
-2.424201518297195435e-01
3.767094314098358154e-01
7.149675488471984863e-01
-1.511425673961639404e-01
5.333530306816101074e-01
6.706774234771728516e-01
-2.823013067245483398e-01
