-9.097322821617126465e-03
6.018342375755310059e-01
2.963769137859344482e-01
1.240452527999877930e+00
6.461195945739746094e-01
9.221193790435791016e-01
1.070563077926635742e+00
8.739675581455230713e-02
-1.810704916715621948e-01
5.845382809638977051e-01
-6.689941883087158203e-01
3.045612275600433350e-01
-5.418931841850280762e-01
-4.509534537792205811e-01
-1.281103491783142090e+00
7.539525628089904785e-01
-1.241569995880126953e+00
3.818050324916839600e-01
1.400170009583234787e-02
2.029287964105606079e-01
2.233683317899703979e-01
-8.818286061286926270e-01
-2.353476881980895996e-01
-9.810141324996948242e-01
-1.394011735916137695e+00
1.134170964360237122e-01
3.381712734699249268e-01
-1.919083297252655029e-01
1.404705941677093506e-01
-3.889521658420562744e-01
-1.141739785671234131e-01
-2.710989117622375488e-01
-3.879072070121765137e-01
6.460496783256530762e-01
1.766709238290786743e-01
8.299332857131958008e-01
-1.193465664982795715e-01
1.397324167191982269e-02
-1.703004390001296997e-01
-2.326662391424179077e-01
6.058877706527709961e-01
-1.806863099336624146e-01
-5.399837717413902283e-02
1.714123487472534180e-01
-1.502392143011093140e-01
2.480583488941192627e-01
-3.236659467220306396e-01
5.754883959889411926e-02
-6.527401804924011230e-01
-6.882140636444091797e-01
-1.579800248146057129e-01
-3.751180469989776611e-01
-9.097865223884582520e-01
-3.311902582645416260e-01
-4.059492051601409912e-01
-2.994614541530609131e-01
-1.152108788490295410e+00
-6.225007772445678711e-01
1.036063432693481445e-01
9.824004173278808594e-01
9.225285053253173828e-01
9.008947014808654785e-01
1.291043400764465332e+00
7.127220034599304199e-01
8.475731611251831055e-01
1.602668613195419312e-01
-1.351428180932998657e-01
6.527483463287353516e-02
-2.032566517591476440e-01
-3.246807456016540527e-01
-9.506506323814392090e-01
1.487882137298583984e-01
-6.284068226814270020e-01
-1.001150608062744141e+00
-2.203628867864608765e-01
-2.470511049032211304e-01
-1.177734658122062683e-01
-1.028902381658554077e-01
1.410877704620361328e-01
-8.037600517272949219e-01
2.702063620090484619e-01
2.992079406976699829e-02
9.315381050109863281e-01
5.265612006187438965e-01
5.370885729789733887e-01
-1.478004753589630127e-01
-6.238245368003845215e-01
-1.251657247543334961e+00
-8.006297349929809570e-01
-7.970410585403442383e-01
-1.132551789283752441e+00
-4.880248904228210449e-01
4.152275919914245605e-01
-3.090876340866088867e-01
6.057464703917503357e-02
7.405227422714233398e-01
3.568166866898536682e-02
6.995939612388610840e-01
1.124626636505126953e+00
-3.872960805892944336e-01
4.034449458122253418e-01
-1.279314458370208740e-01
4.875795245170593262e-01
-2.756450772285461426e-01
8.929176330566406250e-01
-7.169565558433532715e-02
3.887448906898498535e-01
-5.227106809616088867e-01
-3.149110078811645508e-01
-3.381784856319427490e-01
6.335862725973129272e-02
-4.118796586990356445e-01
-4.537678658962249756e-01
3.794080764055252075e-02
2.778362333774566650e-01
5.959848761558532715e-01
3.849877119064331055e-01
-2.312307804822921753e-01
3.815825283527374268e-01
-4.798991978168487549e-01
-2.399771958589553833e-01
-8.353309035301208496e-01
3.341392576694488525e-01
-6.979292035102844238e-01
-7.369480133056640625e-01
9.643949270248413086e-01
-8.835185766220092773e-01
-2.093840390443801880e-01
6.003263592720031738e-01
-1.559530496597290039e-01
1.471080072224140167e-02
5.532005056738853455e-02
-4.805854335427284241e-02
2.419355511665344238e-01
3.087047934532165527e-01
-6.595467329025268555e-01
-2.745488286018371582e-02
-1.326182037591934204e-01
-2.392939031124114990e-01
-2.235236316919326782e-01
1.621496304869651794e-02
-9.826313704252243042e-02
-4.962521791458129883e-02
-9.154313802719116211e-02
-2.852111160755157471e-01
-1.192547455430030823e-01
-4.988126456737518311e-02
-8.025574684143066406e-02
6.035965085029602051e-01
-5.788688659667968750e-01
7.240983247756958008e-01
-5.196257829666137695e-01
5.014955997467041016e-02
9.168148636817932129e-01
-6.013106703758239746e-01
9.514518976211547852e-01
-1.086673974990844727e+00
4.325707629323005676e-02
5.623664259910583496e-01
1.295562535524368286e-01
7.289633154869079590e-01
-7.916091680526733398e-01
3.230137517675757408e-03
-7.614562660455703735e-02
1.695001423358917236e-01
-3.375116735696792603e-02
-8.522347211837768555e-01
-1.253552317619323730e+00
-3.290587365627288818e-01
-1.897423714399337769e-01
-3.690622448921203613e-01
9.881625771522521973e-01
1.018480490893125534e-02
9.002929925918579102e-01
1.643225848674774170e-01
1.216989904642105103e-01
2.624538540840148926e-01
-7.440693378448486328e-01
-2.703092694282531738e-01
-5.772777199745178223e-01
9.068474769592285156e-01
5.800181627273559570e-02
7.321818470954895020e-01
-1.433284580707550049e-01
-3.058896064758300781e-01
3.924674987792968750e-01
-8.630903959274291992e-01
4.632352292537689209e-01
-3.963725566864013672e-01
3.086777031421661377e-01
-2.140277475118637085e-01
-6.608455181121826172e-01
-4.292011260986328125e-01
-4.874191284179687500e-01
3.813049793243408203e-01
-2.239096909761428833e-01
5.030977129936218262e-01
3.023772239685058594e-01
-2.031375281512737274e-02
3.428894281387329102e-01
3.213845789432525635e-01
-5.939554572105407715e-01
-4.600659608840942383e-01
-2.589209973812103271e-01
-4.588408470153808594e-01
2.966426908969879150e-01
2.706552445888519287e-01
-1.671643406152725220e-01
-5.186206102371215820e-01
-1.898140072822570801e+00
3.794735074043273926e-01
-6.142928004264831543e-01
-4.822684824466705322e-01
9.724006056785583496e-01
1.919242441654205322e-01
1.058204531669616699e+00
1.034962773323059082e+00
8.546848893165588379e-01
2.102608382701873779e-01
1.127671748399734497e-01
2.486932426691055298e-01
-4.557712376117706299e-01
3.998061716556549072e-01
-3.160540759563446045e-01
-8.322066664695739746e-01
-1.001464962959289551e+00
-2.119683846831321716e-02
-4.782736301422119141e-01
-1.241651847958564758e-01
-1.813060194253921509e-01
-1.036062002182006836e+00
-6.287801861763000488e-01
-6.820468902587890625e-01
-2.286656796932220459e-01
-3.713289201259613037e-01
-1.534031480550765991e-01
-5.274645611643791199e-02
5.449140667915344238e-01
3.988359868526458740e-01
3.901829719543457031e-01
1.441150188446044922e+00
1.310669034719467163e-01
1.630108505487442017e-01
5.200694128870964050e-02
1.901519000530242920e-01
-5.280990004539489746e-01
-9.847855567932128906e-01
-1.694421291351318359e+00
2.615621685981750488e-01
-1.110298395156860352e+00
6.026648879051208496e-01
-1.277991771697998047e+00
1.736055016517639160e+00
-5.526635050773620605e-01
1.193484306335449219e+00
7.805106639862060547e-01
-1.072085946798324585e-01
-2.206151634454727173e-01
-1.758931726217269897e-01
-4.086469113826751709e-01
-4.904988408088684082e-01
-2.920637726783752441e-01
-3.689171373844146729e-01
2.823219820857048035e-02
-2.499565780162811279e-01
-1.798546463251113892e-01
-2.287942469120025635e-01
1.122779175639152527e-01
-1.875677704811096191e-01
-5.248205065727233887e-01
-6.715136170387268066e-01
-1.710160672664642334e-01
-3.522213995456695557e-01
1.600050210952758789e+00
1.676574051380157471e-01
1.100747108459472656e+00
-4.409593045711517334e-01
-1.403045356273651123e-01
-2.512161433696746826e-01
-4.180468916893005371e-01
-3.628370165824890137e-01
2.216026484966278076e-01
-4.557374715805053711e-01
5.585018396377563477e-01
-3.453617691993713379e-01
-2.812558040022850037e-02
-2.955408990383148193e-01
1.661655143834650517e-03
-1.499785631895065308e-01
-6.136882901191711426e-01
-8.118792623281478882e-02
2.232134491205215454e-01
-3.058752417564392090e-01
-5.908029899001121521e-02
-2.886945381760597229e-02
6.127957701683044434e-01
6.201582029461860657e-02
9.510331600904464722e-02
2.930242419242858887e-01
-2.726092636585235596e-01
8.648566007614135742e-01
-6.425754427909851074e-01
-9.727079868316650391e-01
-2.952541410923004150e-01
1.632397808134555817e-02
1.428310573101043701e-01
-3.330257534980773926e-01
-3.976126909255981445e-01
1.519706606864929199e+00
-5.081950426101684570e-01
6.634780168533325195e-01
-2.556772232055664062e-01
-2.471170276403427124e-01
-1.106228828430175781e-01
-5.709672570228576660e-01
-2.836995422840118408e-01
-1.158212304115295410e+00
-3.034038841724395752e-01
-8.423877358436584473e-01
3.578110598027706146e-03
9.870726615190505981e-02
-3.984716236591339111e-01
-4.011371731758117676e-01
-2.798564136028289795e-01
5.405478477478027344e-01
-4.323337674140930176e-01
1.071988821029663086e+00
2.347355633974075317e-01
-5.023176595568656921e-02
7.175871133804321289e-01
-3.117229640483856201e-01
2.781942188739776611e-01
9.413287788629531860e-02
3.969941139221191406e-01
4.477527141571044922e-01
-8.908892869949340820e-01
-7.916296124458312988e-01
2.737450003623962402e-01
-2.176911592483520508e+00
2.975089251995086670e-01
-1.398983318358659744e-02
-6.023749709129333496e-01
-4.140194952487945557e-01
-4.389494061470031738e-01
8.995064496994018555e-01
-6.224297285079956055e-01
5.008194446563720703e-01
4.212799370288848877e-01
1.076639145612716675e-01
-6.506491899490356445e-01
4.597709178924560547e-01
1.359725892543792725e-01
2.456049323081970215e-01
1.076475307345390320e-01
-8.807419538497924805e-01
7.463475465774536133e-01
-1.958451569080352783e-01
3.080942332744598389e-01
-9.384747594594955444e-02
4.446204304695129395e-01
-2.807208895683288574e-01
8.800634145736694336e-01
-1.890297681093215942e-01
-3.289265632629394531e-01
-6.058946847915649414e-01
1.123865023255348206e-01
-6.541355848312377930e-01
9.427835047245025635e-02
-4.305986762046813965e-01
-6.506614089012145996e-01
-4.133020639419555664e-01
-4.808391034603118896e-01
-5.632291361689567566e-02
3.565762937068939209e-01
7.448239326477050781e-01
4.239343702793121338e-01
3.910174071788787842e-01
3.622453808784484863e-01
-4.025680720806121826e-01
1.338623613119125366e-01
-3.345511853694915771e-01
3.202166557312011719e-01
8.404743671417236328e-02
4.295266866683959961e-01
-1.072535514831542969e-01
-2.997197806835174561e-01
2.353886514902114868e-01
1.233714260160923004e-02
3.544617295265197754e-01
3.357476741075515747e-02
-2.211150899529457092e-02
-2.584435045719146729e-01
-4.050830602645874023e-01
-2.970377802848815918e-01
-2.742972075939178467e-01
3.697333484888076782e-02
6.684216856956481934e-02
3.430124819278717041e-01
-1.017480373382568359e+00
-2.035449445247650146e-02
-3.337746262550354004e-01
6.528356671333312988e-01
5.440790206193923950e-02
4.919742792844772339e-02
1.930923387408256531e-02
-7.136575877666473389e-02
-2.704077661037445068e-01
-1.977895647287368774e-01
-7.647377252578735352e-01
-2.295217514038085938e-01
9.260914325714111328e-01
-1.843633204698562622e-01
-4.388207197189331055e-02
7.641599178314208984e-01
-7.019698023796081543e-01
-3.779353201389312744e-01
-2.658445835113525391e-01
-3.306844830513000488e-01
-1.335036635398864746e+00
2.006700038909912109e-01
-6.582238078117370605e-01
-3.239139914512634277e-02
-7.052066922187805176e-02
6.387503147125244141e-01
-4.817393422126770020e-01
3.787484169006347656e-01
-1.548363119363784790e-01
1.145487651228904724e-01
5.739505887031555176e-01
-5.535378456115722656e-01
-6.808319687843322754e-02
-4.778698980808258057e-01
-9.437856823205947876e-02
9.928328394889831543e-01
-2.562818825244903564e-01
-5.183039698749780655e-03
8.810575306415557861e-02
6.392144411802291870e-02
-2.494215220212936401e-01
-2.433285117149353027e-01
-3.201800584793090820e-01
-9.787378460168838501e-02
-5.332637950778007507e-02
-6.395980715751647949e-01
8.288555741310119629e-01
-7.255222797393798828e-01
4.426347091794013977e-02
5.654368996620178223e-01
3.566538393497467041e-01
5.831529498100280762e-01
3.131041228771209717e-01
3.518866300582885742e-01
-4.952551722526550293e-01
-3.647081553936004639e-01
-5.239883065223693848e-01
-5.886519551277160645e-01
-1.247952103614807129e+00
-3.142030537128448486e-01
-3.890253603458404541e-02
-7.556882500648498535e-01
-1.604438275098800659e-01
-5.276408791542053223e-01
-3.305308222770690918e-01
2.125594913959503174e-01
2.287851125001907349e-01
3.364119529724121094e-01
1.597481518983840942e-01
1.232877001166343689e-01
-2.122393399477005005e-01
6.270474791526794434e-01
2.834716625511646271e-02
5.190451443195343018e-02
5.678542852401733398e-01
3.046704828739166260e-01
1.537360344082117081e-02
-5.163776874542236328e-01
-9.639939293265342712e-03
-2.851103059947490692e-02
1.012647617608308792e-02
-3.875292241573333740e-01
-3.637346327304840088e-01
-4.462591707706451416e-01
8.730693906545639038e-02
3.528249859809875488e-01
3.133427202701568604e-01
-1.116570457816123962e-01
-1.577717512845993042e-01
-3.152680397033691406e-01
-4.973845928907394409e-02
-2.964911460876464844e-01
-1.584044545888900757e-01
-3.090311586856842041e-01
-7.476328313350677490e-02
6.516744941473007202e-02
-1.385535895824432373e-01
2.329099550843238831e-02
-1.823387891054153442e-01
-1.490162461996078491e-01
-2.355479151010513306e-01
3.655121624469757080e-01
4.461853504180908203e-01
-2.823356688022613525e-01
7.623741626739501953e-01
-5.321086645126342773e-01
-4.636549055576324463e-01
1.876134127378463745e-01
6.836311221122741699e-01
-4.136621952056884766e-01
-3.526698946952819824e-01
-5.097632408142089844e-01
4.168294966220855713e-01
-3.609647750854492188e-01
-1.385072171688079834e-01
