4.657904058694839478e-02
5.958051681518554688e-01
7.852708101272583008e-01
2.557614445686340332e-01
4.214826524257659912e-01
1.281408518552780151e-01
2.260627448558807373e-01
6.014377623796463013e-02
3.782871961593627930e-01
4.326055347919464111e-01
-8.077661693096160889e-02
-4.182961583137512207e-01
-7.055267691612243652e-01
1.147712320089340210e-01
-2.612300217151641846e-01
-7.633013129234313965e-01
-5.080024003982543945e-01
-6.460579037666320801e-01
8.836088776588439941e-01
-3.279649317264556885e-01
-1.896734982728958130e-01
-1.082513809204101562e+00
-9.777681827545166016e-01
6.284730434417724609e-01
-3.562632203102111816e-02
1.036677241325378418e+00
2.358270287513732910e-01
9.615369141101837158e-02
9.833783656358718872e-02
-3.362153172492980957e-01
6.805168837308883667e-02
-3.519714772701263428e-01
2.617509067058563232e-01
4.733785092830657959e-01
-2.816136181354522705e-01
-3.582393527030944824e-01
3.345015943050384521e-01
1.737092286348342896e-01
2.023451775312423706e-01
-4.574502259492874146e-02
-8.132517337799072266e-01
2.829317450523376465e-01
-9.683711528778076172e-01
-1.290974140167236328e+00
-7.898083925247192383e-01
-4.724922478199005127e-01
-4.889738187193870544e-02
-8.677331209182739258e-01
-1.993592828512191772e-01
2.615542113780975342e-01
5.804479122161865234e-01
6.618531048297882080e-02
5.814433693885803223e-01
-4.184406995773315430e-01
8.540434390306472778e-02
-8.574951887130737305e-01
-2.240470349788665771e-01
5.327799320220947266e-01
8.732720017433166504e-01
7.916496992111206055e-01
8.295596837997436523e-01
2.590367794036865234e-01
3.745066523551940918e-01
6.551775336265563965e-01
-8.122372440993785858e-03
-4.418148100376129150e-02
-3.285459280014038086e-01
1.821633577346801758e-01
-7.993044257164001465e-01
-1.448529124259948730e+00
-1.005119919776916504e+00
-2.054570913314819336e-01
-4.725177586078643799e-01
-5.495631694793701172e-01
-2.495804429054260254e-01
-3.279638588428497314e-01
2.548002898693084717e-01
-3.813054859638214111e-01
7.258321344852447510e-02
6.843475252389907837e-02
9.884265065193176270e-02
-1.384194642305374146e-01
7.775759696960449219e-01
1.742921173572540283e-01
2.293486744165420532e-01
-1.709121093153953552e-02
-5.701193213462829590e-02
-3.034252524375915527e-01
-8.794843554496765137e-01
-1.293697476387023926e+00
-4.706526398658752441e-01
-4.471798539161682129e-01
4.528575837612152100e-01
1.488531846553087234e-02
7.809900045394897461e-01
-6.087223440408706665e-02
8.348261117935180664e-01
1.266094207763671875e+00
2.844932973384857178e-01
1.815215498208999634e-02
-1.593631267547607422e+00
-6.280931830406188965e-02
1.836446113884449005e-02
-3.538423180580139160e-01
4.144622385501861572e-01
-5.093591213226318359e-01
-5.677445530891418457e-01
4.333744347095489502e-01
5.783646553754806519e-02
5.657739639282226562e-01
4.792750775814056396e-01
1.921991109848022461e-01
-4.419374167919158936e-01
-4.101376514881849289e-03
2.284979373216629028e-01
1.388187408447265625e-01
-1.225497648119926453e-01
-6.613819599151611328e-01
-1.292293429374694824e+00
-3.105584681034088135e-01
-3.090530931949615479e-01
-1.130079627037048340e-01
1.769413203001022339e-01
-5.513106584548950195e-01
-7.268199920654296875e-01
6.120742559432983398e-01
1.384983956813812256e-01
5.830990672111511230e-01
6.175103783607482910e-02
1.189157273620367050e-02
-6.256392598152160645e-01
3.070406019687652588e-01
-2.072565257549285889e-01
8.448808789253234863e-01
-9.238842129707336426e-01
-1.448368728160858154e-01
-2.948693335056304932e-01
-2.799369394779205322e-01
-3.265548944473266602e-01
-1.241189122200012207e+00
2.392804473638534546e-01
-6.851034611463546753e-02
7.501484751701354980e-01
7.136799097061157227e-01
6.031578406691551208e-03
-1.176785379648208618e-01
6.668843328952789307e-02
2.621069252490997314e-01
-1.503277868032455444e-01
-5.921892076730728149e-02
-4.217858910560607910e-01
-1.036621809005737305e+00
-6.000483632087707520e-01
5.273771286010742188e-01
3.693846166133880615e-01
9.703170061111450195e-01
4.354483485221862793e-01
7.764656096696853638e-02
-5.873719453811645508e-01
-4.997170269489288330e-01
-3.991838097572326660e-01
-3.594835698604583740e-01
5.787142515182495117e-01
9.141832590103149414e-02
3.217690438032150269e-02
-1.520610414445400238e-02
1.551012396812438965e-01
5.410704761743545532e-03
1.308667063713073730e-01
-4.401153028011322021e-01
-4.573820233345031738e-01
-1.705647110939025879e-01
3.392360806465148926e-01
9.016251564025878906e-02
5.548064596951007843e-03
2.428458770737051964e-03
-9.179629087448120117e-01
-3.454034924507141113e-01
1.264927834272384644e-01
1.190511882305145264e-01
4.591850042343139648e-01
2.654706835746765137e-01
5.885112285614013672e-01
-3.024281859397888184e-01
2.945738732814788818e-01
3.110482543706893921e-02
-7.496636360883712769e-02
2.619065642356872559e-01
4.147115349769592285e-01
-1.294335961341857910e+00
1.263094991445541382e-01
-4.449304640293121338e-01
3.758670687675476074e-01
1.286793872714042664e-02
5.159780755639076233e-02
-8.311014771461486816e-01
-9.066886305809020996e-01
-7.703090310096740723e-01
-4.692718088626861572e-01
-1.737428605556488037e-01
6.804125010967254639e-02
3.409322500228881836e-01
4.152918457984924316e-01
9.043288975954055786e-02
5.102850794792175293e-01
1.225832939147949219e+00
3.128378093242645264e-01
-2.735359594225883484e-02
-4.680449366569519043e-01
-7.977527976036071777e-01
-4.059445578604936600e-03
-4.122430682182312012e-01
2.506579756736755371e-01
1.710061877965927124e-01
2.198481410741806030e-01
-4.028767645359039307e-01
-1.330540478229522705e-01
-6.721574664115905762e-01
-3.384809568524360657e-02
-2.029065638780593872e-01
-5.678118392825126648e-02
-5.546768903732299805e-01
-1.081906557083129883e+00
-4.487351179122924805e-01
-3.719273954629898071e-02
5.534542202949523926e-01
-9.559827297925949097e-02
-2.218526601791381836e-01
5.217373967170715332e-01
-2.069117724895477295e-01
-6.838184781372547150e-03
1.522917449474334717e-01
-1.356495320796966553e-01
6.173775196075439453e-01
-1.967594772577285767e-01
2.691611945629119873e-01
-6.762365996837615967e-02
5.020447969436645508e-01
1.124359816312789917e-01
1.264379471540451050e-01
-2.709590196609497070e-01
-9.943004697561264038e-02
-3.484663069248199463e-01
-7.889333367347717285e-01
3.324123919010162354e-01
-2.372484356164932251e-01
-5.010386705398559570e-01
-4.220081493258476257e-02
-1.322097182273864746e+00
-3.094206750392913818e-01
-3.631512522697448730e-01
-8.575567007064819336e-01
-1.786953806877136230e-01
-3.750498890876770020e-01
-1.186054274439811707e-01
-1.274995058774948120e-01
6.285629868507385254e-01
6.372677683830261230e-01
5.653449296951293945e-01
6.416046023368835449e-01
1.217074133455753326e-02
-4.752537980675697327e-02
-9.598743319511413574e-01
-1.296046495437622070e+00
-5.022114515304565430e-01
-8.367095589637756348e-01
-2.430366128683090210e-01
-2.228200435638427734e-01
-3.267971426248550415e-02
-5.677364766597747803e-02
3.249440193176269531e-01
6.768651008605957031e-01
1.521380245685577393e-01
7.084013223648071289e-01
4.005319476127624512e-01
4.224756956100463867e-01
2.124439030885696411e-01
-3.163529038429260254e-01
-5.618620291352272034e-02
-3.291883766651153564e-01
7.130512595176696777e-02
-1.382490396499633789e-01
-3.436473011970520020e-01
2.347009778022766113e-01
5.568982288241386414e-02
-8.292209357023239136e-02
-4.095668494701385498e-01
3.902642130851745605e-01
-5.440321564674377441e-01
-2.824879884719848633e-01
-6.424733400344848633e-01
-2.836779952049255371e-01
-6.228127479553222656e-01
1.042413949966430664e+00
7.309007048606872559e-01
3.562189638614654541e-01
-7.665841579437255859e-01
-9.907823801040649414e-01
-2.702202796936035156e-01
1.483304500579833984e-01
7.880562543869018555e-02
-4.815229177474975586e-01
-5.706347227096557617e-01
-2.493896707892417908e-02
-5.097430348396301270e-01
-2.621800303459167480e-01
-1.738005131483078003e-01
4.142082631587982178e-01
8.866849541664123535e-02
3.553253039717674255e-02
1.713669747114181519e-01
1.749766319990158081e-01
1.647187024354934692e-01
2.008900418877601624e-02
2.420828044414520264e-01
4.053861498832702637e-01
-5.159770846366882324e-01
2.851326763629913330e-01
-6.978791952133178711e-01
1.015496015548706055e+00
-5.428105592727661133e-01
2.449498772621154785e-01
-4.575633406639099121e-01
2.155210077762603760e-01
-5.317287445068359375e-01
-1.530907988548278809e+00
-1.215305209159851074e+00
-1.400525122880935669e-01
-6.071667075157165527e-01
1.112257540225982666e-01
-1.246206760406494141e+00
-3.885191679000854492e-01
-2.045950852334499359e-02
7.306281328201293945e-01
5.703039169311523438e-01
3.763733804225921631e-01
1.254534162580966949e-02
7.570444345474243164e-01
-7.128028869628906250e-01
5.837237834930419922e-02
9.006238728761672974e-02
4.007705748081207275e-01
-5.874745249748229980e-01
-5.249270200729370117e-01
3.765813112258911133e-01
-5.169165730476379395e-01
-3.830941021442413330e-02
2.435940504074096680e-01
7.985713481903076172e-01
-5.817598849534988403e-02
-4.839508533477783203e-01
2.641675174236297607e-01
-5.442604422569274902e-01
4.895367026329040527e-01
1.611271500587463379e-01
-9.705592691898345947e-02
8.378995954990386963e-02
-6.833268702030181885e-02
-1.184464897960424423e-02
-1.593901813030242920e-01
-2.647205293178558350e-01
6.270294189453125000e-01
-1.548744142055511475e-01
-7.758684158325195312e-01
2.364308536052703857e-01
-2.929394543170928955e-01
-6.429697275161743164e-01
-1.868363469839096069e-01
-1.652265936136245728e-01
-4.744175672531127930e-01
-7.022964954376220703e-01
-9.800898283720016479e-02
7.880417257547378540e-02
5.282568931579589844e-01
4.917542636394500732e-01
5.406967997550964355e-01
-2.261219359934329987e-02
-2.410892844200134277e-01
1.591619700193405151e-01
2.937917113304138184e-01
3.087459802627563477e-01
5.962976217269897461e-01
4.675874710083007812e-01
1.177332550287246704e-01
8.599460721015930176e-01
-5.942510962486267090e-01
2.730340957641601562e-01
-1.831390857696533203e-01
4.563032835721969604e-02
-8.129478096961975098e-01
-9.275200366973876953e-01
2.282363325357437134e-01
4.163283705711364746e-01
7.631993889808654785e-01
-7.379031777381896973e-01
-1.386535644531250000e+00
-1.303403377532958984e+00
-6.235063076019287109e-01
-3.223666250705718994e-01
1.117819249629974365e-01
-3.400001227855682373e-01
-2.501199543476104736e-01
-7.257698774337768555e-01
4.980999827384948730e-01
-6.235792040824890137e-01
2.060227096080780029e-02
1.676577329635620117e-01
9.658502340316772461e-01
9.271797537803649902e-01
-3.691310882568359375e-01
-2.092740535736083984e+00
1.252793371677398682e-01
2.185771465301513672e-01
-5.126996040344238281e-01
-1.386378705501556396e-01
-8.920223265886306763e-02
1.362835049629211426e+00
4.610981047153472900e-01
5.889639854431152344e-01
-1.356030941009521484e+00
3.616295754909515381e-01
-1.279105901718139648e+00
1.484564095735549927e-01
-7.607554793357849121e-01
-1.242262840270996094e+00
5.475357770919799805e-01
-4.425638616085052490e-01
3.002096414566040039e-01
-3.426536023616790771e-01
-1.482615470886230469e-01
1.595003716647624969e-02
1.636376976966857910e-01
-2.369625493884086609e-03
4.972362816333770752e-01
-6.232153773307800293e-01
-5.016079545021057129e-01
-6.218692660331726074e-01
-5.408377051353454590e-01
-3.661428689956665039e-01
3.341009318828582764e-01
-8.541715145111083984e-02
7.297750115394592285e-01
-2.137527614831924438e-02
1.460799276828765869e-01
-9.119228273630142212e-02
-1.098175300285220146e-03
1.589605957269668579e-01
-4.915168285369873047e-01
1.108868792653083801e-01
-2.228394299745559692e-01
3.455069661140441895e-01
-4.077431932091712952e-02
4.633793234825134277e-02
4.003683924674987793e-01
1.244502365589141846e-01
6.939660906791687012e-01
2.673070132732391357e-01
8.111489415168762207e-01
-1.059654474258422852e+00
2.107701599597930908e-01
-3.682595193386077881e-01
-4.673453867435455322e-01
-8.312073945999145508e-01
-6.215123534202575684e-01
-1.136333107948303223e+00
-3.678219318389892578e-01
3.254544734954833984e-01
3.691866397857666016e-01
-3.627202706411480904e-03
-4.726472795009613037e-01
-7.095847129821777344e-01
-2.166218906641006470e-01
3.656769692897796631e-01
-4.575034677982330322e-01
-6.369622349739074707e-01
-2.752020061016082764e-01
1.144492998719215393e-01
4.447814226150512695e-01
6.449866890907287598e-01
4.788144826889038086e-01
8.918879628181457520e-01
1.718915849924087524e-01
1.000253081321716309e+00
1.722535640001296997e-01
3.460551798343658447e-01
-2.159048765897750854e-01
-2.313348948955535889e-01
-9.932231903076171875e-01
-7.461215257644653320e-01
1.043882220983505249e-01
2.026246935129165649e-01
-3.525726497173309326e-01
4.880905896425247192e-02
-1.965421438217163086e-01
-4.290714263916015625e-01
-2.631700336933135986e-01
-3.961860835552215576e-01
-1.908628940582275391e-01
-6.074317097663879395e-01
-1.289481997489929199e+00
-6.082882881164550781e-01
-1.734840571880340576e-01
4.431247115135192871e-01
1.393690705299377441e+00
8.914774060249328613e-01
7.562026977539062500e-01
2.235258519649505615e-01
-6.284387111663818359e-01
-3.895747289061546326e-02
5.614733695983886719e-01
-5.238181911408901215e-03
1.420391201972961426e-01
7.716099172830581665e-02
