-6.770159006118774414e-01
5.898390412330627441e-01
9.731271862983703613e-01
4.120152592658996582e-01
5.361366868019104004e-01
-2.225766479969024658e-01
-2.882376015186309814e-01
-1.829124242067337036e-01
-1.473775506019592285e-01
-3.442899286746978760e-01
-1.012471392750740051e-01
-1.068185865879058838e-01
-5.298311114311218262e-01
4.841120839118957520e-01
1.381497383117675781e-01
3.491526246070861816e-01
1.894405931234359741e-01
5.657400488853454590e-01
3.016536533832550049e-01
2.974252589046955109e-02
-1.321936130523681641e+00
6.484119296073913574e-01
-4.986998438835144043e-01
-2.539776861667633057e-01
7.207052707672119141e-01
2.216476649045944214e-01
3.237897455692291260e-01
-1.448745131492614746e-01
5.013556480407714844e-01
-3.842766582965850830e-01
2.489049285650253296e-01
1.385776996612548828e-01
-4.743140339851379395e-01
7.491726875305175781e-01
-2.604618966579437256e-01
-3.110085725784301758e-01
1.900931596755981445e-01
-4.889751672744750977e-01
8.405661582946777344e-02
4.607033431529998779e-01
4.310592412948608398e-01
4.719954133033752441e-01
-8.899362385272979736e-02
3.114298582077026367e-01
-2.447660416364669800e-01
-2.586309015750885010e-01
-2.280735075473785400e-01
6.568382382392883301e-01
-4.081332087516784668e-01
4.032924175262451172e-01
6.301852464675903320e-01
4.925308525562286377e-01
3.183354139328002930e-01
2.053361684083938599e-01
2.982931733131408691e-01
-5.638134479522705078e-01
5.532832443714141846e-02
2.934572994709014893e-01
3.724279999732971191e-01
-2.533937990665435791e-02
-1.288052797317504883e+00
-3.720112144947052002e-01
-1.268575787544250488e+00
-3.097971081733703613e-01
-1.343686699867248535e+00
9.972656369209289551e-01
-2.379517853260040283e-01
6.442572474479675293e-01
3.461656570434570312e-01
1.027939319610595703e-01
5.385499000549316406e-01
2.407756447792053223e-01
-2.034322768449783325e-01
3.573404848575592041e-01
1.481287032365798950e-01
1.607608079910278320e+00
5.751195549964904785e-01
2.268795371055603027e-01
-3.816342949867248535e-01
4.125914350152015686e-02
-3.232920914888381958e-02
-2.089011073112487793e-01
3.982025086879730225e-01
-5.053772330284118652e-01
1.817404776811599731e-01
-2.342934757471084595e-01
4.902833700180053711e-01
-2.956808209419250488e-01
4.788634777069091797e-01
-7.342419028282165527e-02
1.108817085623741150e-01
1.310991644859313965e-01
5.007423758506774902e-01
-1.970689445734024048e-01
5.232599973678588867e-01
-2.683579362928867340e-02
-3.102214541286230087e-03
-6.834307312965393066e-01
-4.330428838729858398e-01
-3.085570037364959717e-01
-4.915581941604614258e-01
6.842344067990779877e-03
1.488760560750961304e-01
-8.689582347869873047e-01
7.301319241523742676e-01
-2.888903394341468811e-02
3.842998147010803223e-01
7.514950037002563477e-01
1.018496528267860413e-01
-9.585088491439819336e-02
2.033337503671646118e-01
-2.850586175918579102e-01
1.702173203229904175e-01
1.543640904128551483e-02
-5.327918529510498047e-01
-8.932144045829772949e-01
-6.434120535850524902e-01
-6.322623491287231445e-01
1.029811426997184753e-02
1.076806262135505676e-01
1.667796075344085693e-01
4.749173820018768311e-01
4.538412988185882568e-01
-2.313090115785598755e-02
-3.336922526359558105e-01
3.652445077896118164e-01
4.769234061241149902e-01
2.782908380031585693e-01
1.250841975212097168e+00
-1.025716423988342285e+00
-2.900251746177673340e-01
-7.178431749343872070e-02
-8.191546797752380371e-02
1.013658165931701660e+00
3.582364618778228760e-01
3.562813997268676758e-01
-2.963129580020904541e-01
1.578050479292869568e-02
3.010078370571136475e-01
-3.887275457382202148e-01
-2.417903840541839600e-01
-3.264977037906646729e-01
-6.236317753791809082e-01
-5.940451622009277344e-01
-4.971188306808471680e-01
3.636464476585388184e-02
2.587974667549133301e-01
2.794081568717956543e-01
5.120048522949218750e-01
3.961633145809173584e-01
1.190389157272875309e-03
2.575251162052154541e-01
1.709705740213394165e-01
1.659682989120483398e-01
-3.339070677757263184e-01
3.383892476558685303e-01
-2.349931895732879639e-01
3.125098347663879395e-01
-1.385773867368698120e-01
-1.844989657402038574e-01
-3.567579388618469238e-01
-3.417864441871643066e-01
-1.930302381515502930e-01
-4.775830209255218506e-01
-3.627269268035888672e-01
5.217453464865684509e-02
-4.764042496681213379e-01
2.217012494802474976e-01
6.310640573501586914e-01
1.613340228796005249e-01
1.126743435859680176e+00
1.347569376230239868e-01
1.803673952817916870e-01
-1.552093923091888428e-01
-3.519148230552673340e-01
-2.595067322254180908e-01
-1.769706755876541138e-01
-6.709192395210266113e-01
6.555301547050476074e-01
-3.052072227001190186e-01
7.934433221817016602e-02
6.709361076354980469e-01
1.883157640695571899e-01
-1.176379993557929993e-01
-2.043340951204299927e-01
2.034768015146255493e-01
-4.364091455936431885e-01
2.853661775588989258e-02
-8.325313776731491089e-02
-2.396006323397159576e-02
-1.005885601043701172e+00
-2.807321548461914062e-01
2.840298414230346680e-01
7.305077314376831055e-01
7.941592335700988770e-01
6.216428875923156738e-01
8.126383274793624878e-02
-6.933101415634155273e-01
-8.141531944274902344e-01
-9.127850085496902466e-02
1.427783817052841187e-01
-1.412024796009063721e-01
1.746429130434989929e-02
2.445145100355148315e-01
4.520267620682716370e-02
1.302629709243774414e+00
-1.462662369012832642e-01
3.114831745624542236e-01
1.556608825922012329e-01
-1.611072272062301636e-01
2.293539494276046753e-01
-1.395726054906845093e-01
9.946015477180480957e-02
3.720952570438385010e-02
-4.127398431301116943e-01
-3.940538465976715088e-01
-3.662149310111999512e-01
-4.144298434257507324e-01
-2.400813437998294830e-02
-4.650424048304557800e-02
3.771583139896392822e-01
6.051744818687438965e-01
5.735368132591247559e-01
5.784774422645568848e-01
-1.109557226300239563e-01
1.607156842947006226e-01
-5.415087342262268066e-01
-3.398860394954681396e-01
-1.678799837827682495e-01
1.353877782821655273e-01
1.406463384628295898e-01
-1.884343177080154419e-01
3.683652356266975403e-02
-4.217728972434997559e-01
7.323076128959655762e-01
6.704250723123550415e-02
9.950389266014099121e-01
1.754602044820785522e-02
-5.704352855682373047e-01
-2.381308227777481079e-01
-1.872970312833786011e-01
3.839431330561637878e-02
-3.648656010627746582e-01
4.414146244525909424e-01
-1.164019107818603516e-01
1.931046247482299805e-01
-3.452079296112060547e-01
2.545466721057891846e-01
3.116615116596221924e-01
-6.519071012735366821e-02
4.748177528381347656e-01
1.482870429754257202e-01
5.233491063117980957e-01
4.657504558563232422e-01
-3.258638978004455566e-01
1.045133948326110840e+00
9.089500457048416138e-02
6.791597604751586914e-01
5.207042098045349121e-01
7.181406766176223755e-02
-4.183365777134895325e-02
-1.608275324106216431e-01
-5.386966466903686523e-01
-2.793943285942077637e-01
-2.022707611322402954e-01
-4.307140037417411804e-02
2.871352732181549072e-01
-8.488661050796508789e-02
3.715653121471405029e-01
1.587679237127304077e-01
5.689371824264526367e-01
4.088886678218841553e-01
-2.544149458408355713e-01
-5.991123914718627930e-01
-9.419798851013183594e-01
-1.407299637794494629e-01
-2.183923274278640747e-01
3.080645501613616943e-01
-2.784627079963684082e-01
-1.742719411849975586e-01
-2.034240663051605225e-01
2.646017372608184814e-01
3.160068392753601074e-01
2.993325293064117432e-01
2.617869377136230469e-01
-7.752987742424011230e-02
-4.957551956176757812e-01
5.800486803054809570e-01
-5.339660048484802246e-01
2.361702471971511841e-01
3.390626311302185059e-01
1.343035817146301270e+00
8.784461021423339844e-01
8.851865530014038086e-01
5.365506559610366821e-02
-7.610411643981933594e-01
-1.350735276937484741e-01
-2.353217005729675293e-01
-1.361941993236541748e-01
-1.093383073806762695e+00
-4.989501237869262695e-01
-1.135967671871185303e-01
4.938223958015441895e-01
1.461061596870422363e+00
1.602005362510681152e-01
8.289679288864135742e-01
-6.783875226974487305e-01
-5.607013702392578125e-01
-3.719334006309509277e-01
-1.143865346908569336e+00
7.664942145347595215e-01
1.915050446987152100e-01
-2.324803918600082397e-02
1.530842334032058716e-01
-2.376114428043365479e-01
5.388756394386291504e-01
1.771484017372131348e-01
3.331333398818969727e-01
3.099773824214935303e-01
7.345795631408691406e-01
2.432368248701095581e-01
-2.070588618516921997e-01
3.127247691154479980e-01
7.045468091964721680e-01
9.410545825958251953e-01
-1.075876653194427490e-01
4.322591423988342285e-01
-9.842485189437866211e-01
-5.554817914962768555e-01
-4.252025485038757324e-01
2.661722004413604736e-01
2.284581810235977173e-01
4.440756738185882568e-01
-7.104056477546691895e-01
-2.136831730604171753e-02
-1.309600323438644409e-01
-2.421409785747528076e-01
5.188859626650810242e-02
4.496521651744842529e-01
8.091184496879577637e-02
3.346090614795684814e-01
5.154407620429992676e-01
3.837950527667999268e-01
-5.892506986856460571e-02
4.435673952102661133e-01
-4.604391753673553467e-01
2.300261259078979492e-01
-2.994308173656463623e-01
-5.499631762504577637e-01
-1.012639760971069336e+00
-9.620766639709472656e-01
-1.595371514558792114e-01
-2.432935386896133423e-01
9.963039159774780273e-01
7.323264479637145996e-01
1.230437755584716797e+00
6.885635256767272949e-01
3.330971300601959229e-01
1.303649842739105225e-01
3.164712339639663696e-02
-3.744290173053741455e-01
-4.832367002964019775e-01
-7.388203740119934082e-01
-8.795773386955261230e-01
-1.031228303909301758e-01
2.418621629476547241e-01
-1.324277967214584351e-01
-4.157516360282897949e-02
-2.426468394696712494e-02
-5.584504604339599609e-01
1.292165517807006836e+00
1.171265244483947754e-01
1.255519151687622070e+00
5.139978229999542236e-02
5.129505395889282227e-01
-5.064656585454940796e-02
-1.013855457305908203e+00
4.174209535121917725e-01
-3.375834822654724121e-01
3.103583492338657379e-02
-8.573259711265563965e-01
6.388828158378601074e-03
4.012924432754516602e-02
-4.627174437046051025e-01
-3.104290664196014404e-01
1.089450493454933167e-01
-9.121078252792358398e-01
1.692687124013900757e-01
-9.220939129590988159e-02
6.647224426269531250e-01
-2.030698508024215698e-01
4.169010818004608154e-01
-7.591500878334045410e-01
9.364664554595947266e-02
-2.593623995780944824e-01
7.741748690605163574e-01
-2.666510641574859619e-01
4.951786696910858154e-01
-4.781787991523742676e-01
2.012724131345748901e-01
3.886104226112365723e-01
4.811688363552093506e-01
1.364877074956893921e-02
1.442476063966751099e-01
2.191370911896228790e-02
-1.838226616382598877e-01
-2.488256841897964478e-01
-3.509033620357513428e-01
-1.370510309934616089e-01
1.418180912733078003e-01
5.444247126579284668e-01
1.957273960113525391e+00
7.119817733764648438e-01
5.873289108276367188e-01
-2.447263002395629883e-01
3.039398789405822754e-01
-1.053755760192871094e+00
-1.201872080564498901e-01
-8.470573276281356812e-02
7.558876276016235352e-01
-1.981755942106246948e-01
9.135915040969848633e-01
3.509468734264373779e-01
-1.170688793063163757e-01
-5.734648704528808594e-01
-3.552976995706558228e-02
-5.062461495399475098e-01
-6.280457377433776855e-01
-6.698415279388427734e-01
-4.369194805622100830e-01
3.699255883693695068e-01
3.451167047023773193e-02
5.033237338066101074e-01
3.738701343536376953e-01
7.348045110702514648e-01
-3.538058400154113770e-01
6.861686706542968750e-01
-5.235063433647155762e-01
1.833213418722152710e-01
-4.780146181583404541e-01
8.178014755249023438e-01
6.879197955131530762e-01
8.980515599250793457e-01
3.463547825813293457e-01
2.670307457447052002e-01
-4.751523733139038086e-01
2.229659855365753174e-01
-2.754548490047454834e-01
6.224123239517211914e-01
7.742087822407484055e-03
3.059263229370117188e-01
-5.120097994804382324e-01
-4.998526275157928467e-01
1.311928778886795044e-02
-3.277740478515625000e-01
-5.114279389381408691e-01
-5.054214000701904297e-01
-2.011003047227859497e-01
1.388126909732818604e-01
-1.507399380207061768e-01
-1.023971959948539734e-01
1.014387831091880798e-01
1.727341264486312866e-01
3.552746772766113281e-01
4.074655175209045410e-01
-2.279351949691772461e-01
-1.035226956009864807e-01
-5.361021757125854492e-01
4.487888887524604797e-03
3.714762628078460693e-01
5.595856904983520508e-01
3.018988966941833496e-01
-1.283179968595504761e-01
-9.349299967288970947e-02
-2.361510396003723145e-01
2.557522952556610107e-01
7.217942476272583008e-01
4.871707260608673096e-01
5.164153873920440674e-02
-3.064556419849395752e-01
-3.967155516147613525e-01
4.524698257446289062e-01
-9.789769053459167480e-01
4.612317383289337158e-01
-8.833577632904052734e-01
3.689203858375549316e-01
-2.156538218259811401e-01
8.553578853607177734e-01
-5.478872731328010559e-02
4.521799087524414062e-01
-9.302241355180740356e-02
3.979138135910034180e-01
7.931246757507324219e-01
5.565869212150573730e-01
1.990540139377117157e-02
-5.274497270584106445e-01
-2.833185195922851562e-01
7.794815301895141602e-02
5.106344819068908691e-02
1.530082225799560547e-01
-4.261853098869323730e-01
-6.832154393196105957e-01
-7.551751136779785156e-01
-4.658316671848297119e-01
5.277801752090454102e-01
2.885392308235168457e-01
-6.211979687213897705e-02
6.989400088787078857e-02
-7.660430073738098145e-01
2.542902529239654541e-01
2.473082207143306732e-02
2.529858648777008057e-01
1.123616099357604980e-01
