8.826023936271667480e-01
-1.016709879040718079e-01
2.455839812755584717e-01
6.691177189350128174e-02
7.638222724199295044e-02
-6.601971387863159180e-01
-2.446926943957805634e-02
-3.875186145305633545e-01
6.925193965435028076e-02
-6.627412885427474976e-02
5.162006020545959473e-01
-1.177100278437137604e-02
-2.397187054157257080e-01
-2.335163801908493042e-01
-1.784908026456832886e-01
-4.403336048126220703e-01
7.566826939582824707e-01
-4.163596034049987793e-01
1.696819961071014404e-01
-8.979707211256027222e-02
2.189079523086547852e-01
-2.628436982631683350e-01
2.294425964355468750e-01
1.036996617913246155e-01
-2.794298231601715088e-01
2.855541110038757324e-01
-9.132733345031738281e-01
3.849277496337890625e-01
-3.149925470352172852e-01
1.126486182212829590e+00
-2.611005306243896484e-01
4.272831678390502930e-01
-2.949731051921844482e-01
-4.585709869861602783e-01
-5.533143281936645508e-01
1.458426266908645630e-01
-1.343826413154602051e+00
4.192506968975067139e-01
-1.100006699562072754e+00
-1.170328021049499512e+00
-6.551991701126098633e-01
1.949392110109329224e-01
-3.072471916675567627e-02
3.472961783409118652e-01
1.596423387527465820e-01
6.122599244117736816e-01
3.694635927677154541e-01
4.425776004791259766e-01
-1.496317148208618164e+00
3.314357995986938477e-01
-1.313714981079101562e+00
2.436734922230243683e-02
-6.153215840458869934e-02
-1.093715727329254150e-01
2.697852849960327148e-01
5.619449615478515625e-01
8.583587408065795898e-01
-2.010933011770248413e-01
4.215661585330963135e-01
-1.239368841052055359e-01
1.129850670695304871e-01
2.036031633615493774e-01
1.447892040014266968e-01
-2.036591619253158569e-01
-2.959574162960052490e-01
-3.907330036163330078e-01
-2.733623143285512924e-03
-2.299575209617614746e-01
-1.416254341602325439e-01
2.474462427198886871e-02
-1.367318332195281982e-01
-3.355493247509002686e-01
-1.070461645722389221e-01
1.606089174747467041e-01
4.564956761896610260e-03
4.369188845157623291e-02
-3.378631770610809326e-01
-1.472035646438598633e-01
-2.678138948976993561e-02
-2.943312227725982666e-01
2.482132762670516968e-01
1.563699357211589813e-02
-2.743577063083648682e-01
-7.149443626403808594e-01
9.707095474004745483e-02
7.520852684974670410e-01
5.403663516044616699e-01
-1.022167801856994629e-01
-1.520853140391409397e-03
-1.487043499946594238e-01
-8.092088997364044189e-02
-1.852632015943527222e-01
-1.888778954744338989e-01
-1.125438660383224487e-01
1.353024095296859741e-01
-2.493982166051864624e-01
-1.345342099666595459e-01
-4.842990636825561523e-01
-5.177779197692871094e-01
4.089483991265296936e-02
-3.279258012771606445e-01
8.988106995820999146e-02
1.159366685897111893e-02
3.391693234443664551e-01
1.011630296707153320e-01
5.414967611432075500e-02
2.420698255300521851e-01
1.807005107402801514e-01
4.008565843105316162e-01
3.636407554149627686e-01
2.989515066146850586e-01
8.071792721748352051e-01
1.257135532796382904e-02
-2.914569079875946045e-01
-2.958748340606689453e-01
1.648618467152118683e-02
-3.364864885807037354e-01
-5.582664012908935547e-01
-2.284814268350601196e-01
2.387361973524093628e-01
-2.534331977367401123e-01
-3.159360885620117188e-01
-2.784712612628936768e-01
-2.770765125751495361e-01
1.466006785631179810e-01
2.408388555049896240e-01
6.101939827203750610e-03
3.766215443611145020e-01
-3.799133002758026123e-01
-1.802171319723129272e-01
-3.443826735019683838e-02
1.008225381374359131e-01
9.497927129268646240e-02
-5.832407996058464050e-02
4.187470674514770508e-02
-1.006650086492300034e-02
-1.441608518362045288e-01
-8.269492536783218384e-02
-2.943618893623352051e-01
-1.606607288122177124e-01
-2.318655401468276978e-01
-3.612239062786102295e-01
-2.959583699703216553e-01
-1.750234663486480713e-01
-2.806082367897033691e-01
1.330114454030990601e-01
-2.440896183252334595e-01
-1.520943939685821533e-01
-5.684430003166198730e-01
3.141749417409300804e-03
1.878862231969833374e-01
6.634216755628585815e-02
2.838624715805053711e-01
-1.182117834687232971e-01
6.731547713279724121e-01
3.276572823524475098e-01
6.973629593849182129e-01
2.168138176202774048e-01
3.881783783435821533e-01
3.158827722072601318e-01
3.204138278961181641e-01
-1.950581520795822144e-01
-2.967140078544616699e-01
-7.080563157796859741e-02
1.869482994079589844e-01
9.360900521278381348e-02
2.755012214183807373e-01
3.335556983947753906e-01
-1.853508591651916504e+00
-7.289386987686157227e-01
-7.229108810424804688e-01
-1.945821344852447510e-01
-4.579032063484191895e-01
-1.253397464752197266e-01
-5.192149877548217773e-01
3.937135264277458191e-02
-1.523656994104385376e-01
-1.321199089288711548e-01
-5.471339225769042969e-01
-1.272971928119659424e-01
-3.171347677707672119e-01
-1.211752593517303467e-01
3.427588641643524170e-01
2.691326141357421875e-01
3.845909535884857178e-01
-2.706006467342376709e-01
6.164374351501464844e-01
1.620586961507797241e-01
2.041502594947814941e-01
9.365610033273696899e-02
4.488916099071502686e-01
1.230971654877066612e-03
-3.889967501163482666e-02
-4.329860210418701172e-01
-7.527697831392288208e-02
-5.546666383743286133e-01
-1.098491623997688293e-01
5.168833136558532715e-01
6.708094477653503418e-01
7.246349453926086426e-01
3.343903124332427979e-01
6.266169548034667969e-01
4.411661028861999512e-01
5.355024933815002441e-01
-1.860796511173248291e-01
-3.711782693862915039e-01
-3.580425977706909180e-01
-9.627816677093505859e-01
-2.453693300485610962e-01
-4.859179258346557617e-01
1.737581044435501099e-01
-2.441844791173934937e-01
-4.279160201549530029e-01
-4.691810905933380127e-01
-1.740793436765670776e-01
-2.502171695232391357e-01
-1.865517348051071167e-01
-7.505017518997192383e-02
-9.836223721504211426e-02
-4.131748974323272705e-01
-8.291848748922348022e-02
-3.353938460350036621e-01
-9.449239075183868408e-02
-1.395719796419143677e-01
4.326954185962677002e-01
1.093474552035331726e-01
8.455663174390792847e-02
-5.198140144348144531e-01
-4.159982502460479736e-01
-2.044294625520706177e-01
-4.869154095649719238e-02
4.562196731567382812e-01
8.053799867630004883e-01
1.020376443862915039e+00
4.500718414783477783e-01
-1.399126797914505005e-01
-6.326160430908203125e-01
-5.245195627212524414e-01
1.898389458656311035e-01
4.888879060745239258e-01
3.483975231647491455e-01
4.662020206451416016e-01
-6.912734508514404297e-01
-1.311678767204284668e+00
-3.426104187965393066e-01
-2.819338142871856689e-01
1.984710395336151123e-01
-5.021113529801368713e-02
-1.680697314441204071e-03
1.677149981260299683e-01
-8.310554623603820801e-01
4.054339602589607239e-02
-6.390542387962341309e-01
-3.693816363811492920e-01
-7.954543828964233398e-01
-3.953224718570709229e-01
2.935667037963867188e-01
1.141162514686584473e-01
-3.137815594673156738e-01
2.257112860679626465e-01
2.189767658710479736e-01
2.092387676239013672e-01
-3.257099390029907227e-01
-3.841891884803771973e-01
-6.088035702705383301e-01
-3.480455279350280762e-01
5.097384452819824219e-01
5.840362310409545898e-01
1.660189181566238403e-01
5.758817195892333984e-01
3.362570703029632568e-02
-1.142859101295471191e+00
-4.211175143718719482e-01
-2.415407299995422363e-01
1.266858577728271484e-01
9.583543241024017334e-02
2.114784345030784607e-02
-1.112157199531793594e-02
4.203049242496490479e-01
2.541430592536926270e-01
3.824206590652465820e-01
8.012390136718750000e-02
4.165313839912414551e-01
-4.394114315509796143e-01
-1.853537373244762421e-02
1.885690838098526001e-01
-5.489725619554519653e-02
-1.718734502792358398e-01
-3.287809789180755615e-01
3.155921399593353271e-02
-4.526189267635345459e-01
-1.639471501111984253e-01
-3.068841695785522461e-01
-1.352923661470413208e-01
-3.490175902843475342e-01
2.456263080239295959e-02
3.708142340183258057e-01
-7.676570117473602295e-02
1.270524319261312485e-02
4.589414000511169434e-01
7.175473868846893311e-02
-6.371410936117172241e-02
1.651266962289810181e-01
-3.666597902774810791e-01
-4.046928584575653076e-01
-3.597351908683776855e-01
2.346525639295578003e-01
-1.857541054487228394e-01
-2.713547050952911377e-01
-2.590384781360626221e-01
-2.684963643550872803e-01
2.151031494140625000e-01
1.764622479677200317e-01
-1.125050038099288940e-01
4.226879477500915527e-01
2.779576554894447327e-02
-8.725130930542945862e-03
6.210709810256958008e-01
-2.401899546384811401e-01
-3.645192682743072510e-01
-1.181000351905822754e+00
-5.591619014739990234e-02
-7.138056159019470215e-01
1.702941954135894775e-01
-2.643479406833648682e-01
3.720448613166809082e-01
-2.798744738101959229e-01
-3.578819334506988525e-02
2.990241050720214844e-01
7.577376067638397217e-02
3.556798771023750305e-02
9.214378148317337036e-02
9.562284499406814575e-02
3.215843439102172852e-01
-1.669795438647270203e-02
3.422129750251770020e-01
-2.315112389624118805e-02
-2.094593346118927002e-01
-3.401484787464141846e-01
4.855818450450897217e-01
-1.187838017940521240e-01
-4.729639589786529541e-01
5.119046941399574280e-02
1.935025751590728760e-01
4.914308339357376099e-02
-3.265394568443298340e-01
-2.560702264308929443e-01
-3.458721637725830078e-01
-1.771395504474639893e-01
-1.385331898927688599e-01
2.399049401283264160e-01
-4.434507489204406738e-01
-2.318280786275863647e-01
2.433933131396770477e-02
-2.816477417945861816e-01
3.436734899878501892e-02
1.973221898078918457e-01
4.089010953903198242e-01
6.130474209785461426e-01
3.417646586894989014e-01
2.582109272480010986e-01
7.664868980646133423e-02
1.833024322986602783e-01
-1.854194328188896179e-02
-4.119631648063659668e-01
-7.886148989200592041e-02
-4.474816843867301941e-02
-4.427129924297332764e-01
1.101235970854759216e-01
-2.790845036506652832e-01
-1.519293040037155151e-01
8.373712003231048584e-02
-3.512549996376037598e-01
-2.083782255649566650e-01
-2.825829982757568359e-01
-1.477662622928619385e-01
3.181677311658859253e-02
8.787154406309127808e-02
6.266329884529113770e-01
1.544396430253982544e-01
-4.966581985354423523e-02
-2.251640409231185913e-01
1.480512171983718872e-01
5.207545161247253418e-01
7.598816156387329102e-01
6.027359962463378906e-01
5.384413599967956543e-01
7.774184644222259521e-02
-1.847606003284454346e-01
2.654118239879608154e-01
2.675141207873821259e-02
1.682657152414321899e-01
-1.044523343443870544e-01
-9.495160728693008423e-02
3.602584600448608398e-01
-9.819494932889938354e-02
-3.958666324615478516e-01
-5.183576047420501709e-02
-2.720537483692169189e-01
-1.676113367080688477e+00
-5.940130949020385742e-01
-5.220797061920166016e-01
-1.004043687134981155e-02
-2.125176601111888885e-02
-2.933699786663055420e-01
-5.018661618232727051e-01
-2.629787623882293701e-01
-5.025126338005065918e-01
-1.428243041038513184e+00
-1.062896996736526489e-01
1.908650994300842285e-01
1.518477946519851685e-01
7.979694604873657227e-01
7.579379677772521973e-01
9.063806533813476562e-01
7.003053426742553711e-01
1.951200067996978760e-01
-2.384134829044342041e-01
-5.928463339805603027e-01
-6.653482913970947266e-01
-6.816331744194030762e-01
-1.814123630523681641e+00
-6.017538905143737793e-01
-5.689765810966491699e-01
1.715581268072128296e-01
1.046305000782012939e-01
5.620266199111938477e-01
7.002456784248352051e-01
7.538579106330871582e-01
8.357182145118713379e-01
4.038997590541839600e-01
-4.007249474525451660e-01
-4.229669570922851562e-01
-1.257013440132141113e+00
-3.053016662597656250e-01
-5.948102474212646484e-01
-6.397539377212524414e-01
-3.142367899417877197e-01
-9.293121844530105591e-02
3.144401311874389648e-01
3.240267038345336914e-01
4.960072934627532959e-01
-1.002117395401000977e-01
5.807864665985107422e-01
9.926512092351913452e-02
4.833816885948181152e-01
-6.748550385236740112e-02
-1.637106686830520630e-01
-4.523133486509323120e-02
-3.429121375083923340e-01
-1.296819299459457397e-01
-4.737700223922729492e-01
8.581010997295379639e-02
-5.913938879966735840e-01
-3.218241333961486816e-01
-4.213084578514099121e-01
-4.867197573184967041e-01
-2.166255861520767212e-01
-4.322674870491027832e-01
-7.191629707813262939e-02
2.303837798535823822e-02
2.080810628831386566e-02
3.387301564216613770e-01
3.199838995933532715e-01
-3.031718432903289795e-01
4.640474617481231689e-01
7.504224777221679688e-01
3.843477964401245117e-01
-1.809593476355075836e-02
1.249124407768249512e-01
1.867866842076182365e-03
7.493636012077331543e-02
-2.826966643333435059e-01
-4.047417640686035156e-02
-7.929266430437564850e-03
3.721240162849426270e-01
-1.254290491342544556e-01
-2.062579989433288574e-01
-9.803710579872131348e-01
-2.159953303635120392e-02
-1.059621293097734451e-02
-4.351394176483154297e-01
8.229460567235946655e-02
-4.207797944545745850e-01
2.449756413698196411e-01
-3.690046370029449463e-01
5.353890061378479004e-01
-5.579575896263122559e-02
1.632637679576873779e-01
9.480597823858261108e-02
1.781621724367141724e-01
3.334851190447807312e-02
1.049807891249656677e-01
-2.385869771242141724e-01
-3.417864739894866943e-01
-1.338920295238494873e-01
-5.285208225250244141e-01
-4.610822200775146484e-01
-2.992690205574035645e-01
-4.823228120803833008e-01
8.313693106174468994e-02
7.891245484352111816e-01
2.322292514145374298e-02
-3.132482767105102539e-01
4.251928925514221191e-01
-1.436845809221267700e-01
7.774166017770767212e-02
2.541235089302062988e-01
1.057634800672531128e-01
1.226322799921035767e-01
3.111310303211212158e-02
4.146099835634231567e-02
-4.861499667167663574e-01
