-3.301273658871650696e-02
-1.286841183900833130e-01
3.129886463284492493e-02
3.624188527464866638e-02
-1.958322525024414062e-01
-1.576959714293479919e-02
2.224798351526260376e-01
7.122943177819252014e-03
5.750653520226478577e-02
8.466603755950927734e-01
4.483721256256103516e-01
1.578863561153411865e-01
-1.689733713865280151e-01
-2.527627348899841309e-01
-2.726732790470123291e-01
-2.367396205663681030e-01
-1.071240425109863281e+00
-2.750093042850494385e-01
-3.059045076370239258e-01
-1.515640914440155029e-01
-3.115798532962799072e-01
-2.355532050132751465e-01
-5.498198866844177246e-01
-2.413020841777324677e-02
-2.946414612233638763e-02
-4.248550161719322205e-02
6.117560863494873047e-01
2.940148711204528809e-01
2.434897720813751221e-01
2.665837295353412628e-02
6.005570292472839355e-02
-3.843962028622627258e-02
-5.049748420715332031e-01
6.582351028919219971e-02
2.741095721721649170e-01
-4.179963096976280212e-02
5.614991188049316406e-01
-2.292459756135940552e-01
-4.516121745109558105e-01
-2.106696218252182007e-01
-1.446670740842819214e-01
6.839323043823242188e-01
-2.827802300453186035e-01
-1.680906534194946289e+00
-1.290787339210510254e+00
-6.360417008399963379e-01
-1.117385178804397583e-01
-1.545149534940719604e-01
-2.583770453929901123e-01
-1.300519108772277832e-01
1.586720794439315796e-01
3.193445801734924316e-01
3.386066257953643799e-01
7.085907459259033203e-01
5.330757498741149902e-01
2.176567763090133667e-01
-4.054760634899139404e-01
2.957096323370933533e-03
1.333456635475158691e-01
4.403178989887237549e-01
2.989779114723205566e-01
4.548149704933166504e-01
-5.125121772289276123e-02
-4.547765105962753296e-02
-7.795867323875427246e-02
-4.590908288955688477e-01
-3.096940815448760986e-01
-1.918558478355407715e-01
-6.414284706115722656e-01
-1.589026093482971191e+00
-1.300415277481079102e+00
-4.530034959316253662e-01
-9.667412191629409790e-02
1.323193907737731934e-01
7.501302659511566162e-02
5.890566110610961914e-01
-2.312790974974632263e-02
5.181863307952880859e-01
2.037289887666702271e-01
6.946955323219299316e-01
-2.477804720401763916e-01
-1.388366073369979858e-01
-2.054152190685272217e-01
3.679496943950653076e-01
-5.878016352653503418e-02
7.395759224891662598e-02
-1.112924367189407349e-01
-8.669730275869369507e-02
-7.205970287322998047e-01
-7.889851927757263184e-01
-4.874776303768157959e-01
-3.456856906414031982e-01
3.825749456882476807e-01
-1.231679460033774376e-03
-1.606049574911594391e-02
-3.704122304916381836e-01
-6.258787214756011963e-02
-1.767493318766355515e-03
4.839543700218200684e-01
-1.056072115898132324e-01
-3.386259675025939941e-01
-7.377642393112182617e-02
3.697483837604522705e-01
-3.528079092502593994e-01
3.400067389011383057e-01
1.828075051307678223e-01
-2.323938906192779541e-01
6.079778447747230530e-02
4.280665144324302673e-02
-9.838381409645080566e-02
3.817387819290161133e-01
6.709964573383331299e-02
-2.562021911144256592e-01
4.925358295440673828e-01
5.108622908592224121e-01
3.348025679588317871e-01
2.691799998283386230e-01
-1.009720444679260254e+00
3.506430387496948242e-01
-6.132251024246215820e-01
5.722087994217872620e-02
-3.605361580848693848e-01
7.153425365686416626e-02
-2.793751358985900879e-01
-3.615080714225769043e-01
-4.119765162467956543e-01
-1.694138534367084503e-02
-3.018645048141479492e-01
-2.072276026010513306e-01
-9.255145490169525146e-02
-7.917145490646362305e-01
-1.343312114477157593e-01
-2.755875885486602783e-01
3.304638564586639404e-01
-5.734837651252746582e-01
3.910242319107055664e-01
2.591006457805633545e-01
-3.319613635540008545e-01
-2.781659960746765137e-01
-1.005973890423774719e-01
7.574227452278137207e-02
5.132246017456054688e-01
1.437802612781524658e-01
3.314457535743713379e-01
9.867075830698013306e-02
3.271870687603950500e-02
2.487037330865859985e-01
2.183441519737243652e-01
9.084659069776535034e-02
2.877203524112701416e-01
-4.234072268009185791e-01
-7.456780076026916504e-01
-5.441825985908508301e-01
-5.536197870969772339e-02
5.515639111399650574e-02
-2.233506888151168823e-01
-2.999764084815979004e-01
-4.696073234081268311e-01
-3.705502748489379883e-01
-2.724293172359466553e-01
-2.660322487354278564e-01
-2.230948805809020996e-01
3.649575412273406982e-01
6.971915364265441895e-01
5.548294782638549805e-01
1.377784907817840576e-01
5.598262697458267212e-02
-3.022745549678802490e-01
-7.643996924161911011e-02
6.472051143646240234e-01
1.500549465417861938e-01
1.698363386094570160e-02
-3.345130756497383118e-02
-4.102264046669006348e-01
-5.246273055672645569e-02
-3.694771826267242432e-01
-1.948735564947128296e-01
-5.350255370140075684e-01
-2.078435271978378296e-01
-6.130525469779968262e-02
-5.877207219600677490e-02
3.379467427730560303e-01
-7.128487527370452881e-02
2.804843187332153320e-01
-8.937477320432662964e-02
1.185931786894798279e-01
-2.476563155651092529e-01
5.382186770439147949e-01
-2.173442542552947998e-01
-7.554850727319717407e-02
-3.343616724014282227e-01
1.335659623146057129e-01
-2.064809799194335938e-01
-5.656423419713973999e-02
-7.414010167121887207e-01
-5.185049772262573242e-01
-3.873539865016937256e-01
-1.315352022647857666e-01
-2.018739879131317139e-01
-1.671931743621826172e-01
3.897798061370849609e-02
6.781509518623352051e-01
-5.098831653594970703e-01
-1.407144069671630859e-01
5.342259407043457031e-01
9.624096155166625977e-01
7.048535346984863281e-01
4.777494072914123535e-02
5.106091871857643127e-02
-4.496127963066101074e-01
-1.768584996461868286e-01
7.422647625207901001e-02
-2.774583697319030762e-01
4.874621927738189697e-01
-1.733645945787429810e-01
-1.468884497880935669e-01
-2.535817027091979980e-01
-6.725783646106719971e-02
-6.566210649907588959e-03
-2.873992919921875000e-01
2.119161039590835571e-01
-1.219994902610778809e+00
-6.015393137931823730e-01
-7.356961965560913086e-01
-4.706435203552246094e-01
-6.764194369316101074e-01
-1.299084872007369995e-01
-4.633333161473274231e-02
-3.978760167956352234e-02
4.032576084136962891e-01
-8.358363993465900421e-03
2.700763344764709473e-01
1.557176411151885986e-01
2.956302464008331299e-01
4.259265959262847900e-01
-2.835834771394729614e-02
-9.275948256254196167e-02
3.010186553001403809e-01
-1.335820648819208145e-02
1.556571424007415771e-01
1.411448139697313309e-02
-2.588026523590087891e-01
3.590964153409004211e-02
-2.910302877426147461e-01
5.650272369384765625e-01
2.899921238422393799e-01
5.412164330482482910e-02
-6.506700515747070312e-01
-1.499669849872589111e-01
-9.325802326202392578e-01
2.678824588656425476e-03
-4.072495698928833008e-01
-4.419954121112823486e-01
-9.446882009506225586e-01
-6.694989204406738281e-01
-6.827223896980285645e-01
3.693836629390716553e-01
3.783976733684539795e-01
2.357039153575897217e-01
-1.382330209016799927e-01
-1.375696957111358643e-01
-2.189301848411560059e-01
-1.567873239517211914e+00
-6.938669085502624512e-01
-6.913407444953918457e-01
-6.297684311866760254e-01
-6.758205294609069824e-01
-1.693836450576782227e-01
1.745736151933670044e-01
2.405525594949722290e-01
6.679596900939941406e-01
1.001860141754150391e+00
5.857118368148803711e-01
5.183665156364440918e-01
8.037923574447631836e-01
9.593569636344909668e-01
5.812380313873291016e-01
3.152025341987609863e-01
-9.709228575229644775e-02
2.986724078655242920e-01
-2.389633059501647949e-01
-1.876494884490966797e-01
-3.543334007263183594e-01
-1.235929727554321289e-01
2.820180058479309082e-01
-9.816832840442657471e-02
-8.150244131684303284e-03
-2.872457206249237061e-01
-5.275379121303558350e-02
-7.222039103507995605e-01
-4.688754081726074219e-01
-6.734924316406250000e-01
-7.877200841903686523e-01
-4.711865782737731934e-01
6.543765962123870850e-02
-6.269571185111999512e-02
-9.077901244163513184e-01
-1.006671339273452759e-01
-1.854360699653625488e-01
1.669920533895492554e-01
6.422134488821029663e-02
-2.101160958409309387e-02
-3.730986118316650391e-01
-1.153274700045585632e-01
-8.881469070911407471e-02
-6.310122087597846985e-03
6.634772568941116333e-02
4.665849804878234863e-01
-6.513888947665691376e-03
4.588851928710937500e-01
2.946629524230957031e-01
3.300269842147827148e-01
1.503707915544509888e-01
3.582564890384674072e-01
9.599203616380691528e-02
-1.943280845880508423e-01
-4.225973188877105713e-01
-2.040898948907852173e-01
1.967168748378753662e-01
-1.759574711322784424e-01
1.822842955589294434e-01
-5.066030025482177734e-01
-4.058229327201843262e-01
-2.978317737579345703e-01
-7.597599029541015625e-01
-1.077419996261596680e+00
-5.414577722549438477e-01
-4.502528905868530273e-01
-2.642704546451568604e-01
-2.921944260597229004e-01
-6.547012925148010254e-02
-1.599007546901702881e-01
4.513803422451019287e-01
1.667869091033935547e-01
4.661819934844970703e-01
-7.239940017461776733e-02
-3.405927121639251709e-01
-9.149393066763877869e-03
4.555928334593772888e-02
3.452849388122558594e-02
2.170019038021564484e-02
4.940425455570220947e-01
3.098765909671783447e-01
6.120582222938537598e-01
6.908283233642578125e-01
1.684096902608871460e-01
3.041804432868957520e-01
1.898794770240783691e-01
1.180367693305015564e-01
-4.575757682323455811e-01
-8.299447298049926758e-01
-7.444700598716735840e-01
-4.910192191600799561e-01
-5.496360659599304199e-01
-1.992217153310775757e-01
-5.341440066695213318e-02
-5.039605498313903809e-01
-7.694193124771118164e-01
-1.041479110717773438e-01
-3.945671021938323975e-01
-1.880087852478027344e-01
-7.040813565254211426e-02
4.290072917938232422e-01
-1.978298090398311615e-02
3.445287942886352539e-01
2.615275681018829346e-01
-7.716280817985534668e-01
3.437314927577972412e-01
-2.554837763309478760e-01
-2.987685799598693848e-01
-3.928219676017761230e-01
1.412897408008575439e-01
-2.922486960887908936e-01
2.518480718135833740e-01
7.876309156417846680e-01
5.008111596107482910e-01
2.160698026418685913e-01
-2.265065014362335205e-01
-4.757549613714218140e-03
8.957790583372116089e-02
1.674318164587020874e-01
3.845892548561096191e-01
3.352405130863189697e-01
2.681603729724884033e-01
9.318913333117961884e-03
-5.647251382470130920e-02
-1.328948438167572021e-01
2.029101848602294922e-01
-2.089194655418395996e-01
3.955083489418029785e-01
-2.959674596786499023e-01
-2.316650152206420898e-01
-5.516690015792846680e-01
-9.915298223495483398e-02
-7.089896798133850098e-01
-1.152409195899963379e+00
-7.765039205551147461e-01
-1.579033881425857544e-01
-7.222190499305725098e-02
-1.873823255300521851e-01
3.465737104415893555e-01
-3.794890046119689941e-01
2.702116966247558594e-01
-3.595051765441894531e-01
4.421502947807312012e-01
-5.877857804298400879e-01
2.759525775909423828e-01
-5.361306071281433105e-01
8.103305697441101074e-01
-3.199930489063262939e-01
-3.926879167556762695e-01
2.197623997926712036e-01
-4.666987434029579163e-02
-3.358168601989746094e-01
8.717157244682312012e-01
-1.820346832275390625e+00
-5.108963251113891602e-01
-4.212695062160491943e-01
-2.204173654317855835e-01
6.114344000816345215e-01
-1.030886545777320862e-02
1.687970757484436035e-01
-1.936481595039367676e-01
1.523034274578094482e-01
-7.223172485828399658e-02
2.625082246959209442e-02
8.782280981540679932e-02
-3.161593079566955566e-01
5.013322830200195312e-01
2.196984551846981049e-02
-2.893427908420562744e-01
1.125875785946846008e-01
-2.665230333805084229e-01
3.560298383235931396e-01
-4.796887636184692383e-01
-7.546122074127197266e-01
-6.194815635681152344e-01
-8.400768041610717773e-02
-2.596116159111261368e-03
4.782165884971618652e-01
1.700880676507949829e-01
-4.592138901352882385e-02
-3.574526607990264893e-01
-5.040520429611206055e-01
7.661353349685668945e-01
2.097729593515396118e-03
8.052444458007812500e-02
1.097826361656188965e-01
-2.771409414708614349e-02
-1.549034714698791504e-01
-1.651881486177444458e-01
1.039050519466400146e-02
6.787768751382827759e-02
-3.685651719570159912e-01
-1.074335053563117981e-01
-8.481749892234802246e-02
3.213087618350982666e-01
7.799148559570312500e-02
9.280011653900146484e-01
7.886271923780441284e-02
1.783391684293746948e-01
-4.199714362621307373e-01
-1.184757232666015625e+00
-1.694968044757843018e-01
-9.585518240928649902e-01
-4.583684802055358887e-01
-1.653167456388473511e-01
2.494206875562667847e-01
-1.619737893342971802e-01
-8.423826098442077637e-01
-2.919777482748031616e-02
-3.587562739849090576e-01
-9.975504875183105469e-02
1.291881054639816284e-01
-4.438212513923645020e-01
-3.851131498813629150e-01
-9.568225592374801636e-02
6.886167526245117188e-01
6.505637168884277344e-01
5.833473205566406250e-01
7.676710486412048340e-01
6.507656574249267578e-01
5.811206102371215820e-01
2.528325617313385010e-01
-1.795565634965896606e-01
-7.975804805755615234e-02
-3.129034936428070068e-01
-4.074122309684753418e-01
-1.517806667834520340e-03
1.046090349555015564e-01
4.397599399089813232e-01
-4.877377450466156006e-01
-2.403737306594848633e-01
-3.108049035072326660e-01
-1.911909133195877075e-01
-3.237687647342681885e-01
-6.751506924629211426e-01
-1.907595098018646240e-01
-1.538125872611999512e+00
-3.195436298847198486e-01
-2.291593998670578003e-01
-4.710955023765563965e-01
3.085087239742279053e-01
1.176578700542449951e-01
-9.618297219276428223e-02
7.607229948043823242e-01
5.999886393547058105e-01
3.064624965190887451e-01
-1.583492457866668701e-01
-2.159555405378341675e-01
3.054303824901580811e-01
8.802712708711624146e-02
3.381423950195312500e-01
