6.140007972717285156e-01
1.072176098823547363e+00
3.251751959323883057e-01
1.172058433294296265e-01
2.927343845367431641e+00
-2.311820164322853088e-02
-8.055815696716308594e-01
-7.811845093965530396e-02
-3.968109488487243652e-01
-3.845940530300140381e-01
-3.942241966724395752e-01
-4.243231415748596191e-01
9.906111359596252441e-01
-7.712154388427734375e-01
2.729889154434204102e-01
6.282595396041870117e-01
3.058560192584991455e-01
1.481204777956008911e-01
1.752395033836364746e-01
-7.691085338592529297e-01
7.540767788887023926e-01
-3.403068780899047852e-01
-1.062901854515075684e+00
3.100161552429199219e-01
5.048363208770751953e-01
-1.389303326606750488e+00
-2.426803559064865112e-01
-1.074135582894086838e-02
-3.728595972061157227e-01
5.099368691444396973e-01
-3.939790725708007812e-01
-8.124171942472457886e-02
1.033503651618957520e+00
-2.556469105184078217e-02
-1.457214057445526123e-01
6.664612293243408203e-01
9.226964414119720459e-02
5.684478878974914551e-01
3.601724505424499512e-01
1.001415014266967773e+00
1.009070754051208496e+00
-9.868304729461669922e-01
-8.458731323480606079e-02
-3.471246659755706787e-01
-1.026116132736206055e+00
2.730796039104461670e-01
8.249046653509140015e-02
-8.508380651473999023e-01
-8.247292041778564453e-01
2.117368876934051514e-01
1.335411787033081055e+00
6.013537049293518066e-01
1.271953821182250977e+00
-2.058786600828170776e-01
-6.302485466003417969e-01
-5.941625237464904785e-01
4.823914170265197754e-01
-2.936564385890960693e-01
-6.596956849098205566e-01
-3.627451658248901367e-01
-5.473256111145019531e-01
-1.190133213996887207e+00
-5.761034488677978516e-01
5.236426591873168945e-01
-1.531225204467773438e+00
-6.576011180877685547e-01
9.629681110382080078e-01
4.332693517208099365e-01
3.061843216419219971e-01
4.931689500808715820e-01
-1.551553606986999512e-01
7.418664097785949707e-01
-6.055335998535156250e-01
6.772592663764953613e-01
7.601011991500854492e-01
7.794756293296813965e-01
-6.572335362434387207e-01
1.704931110143661499e-01
-3.235944807529449463e-01
-1.140912652015686035e+00
1.519025117158889771e-01
-3.007414638996124268e-01
1.015292763710021973e+00
9.366720914840698242e-01
6.699912548065185547e-01
1.298525333404541016e+00
1.229396581649780273e+00
-8.109698891639709473e-01
2.937247753143310547e-01
-3.593600988388061523e-01
-1.432518064975738525e-01
8.623177558183670044e-02
-8.168370723724365234e-01
-1.032433509826660156e+00
-5.748383402824401855e-01
-4.279763698577880859e-01
-3.455823361873626709e-01
-8.754247426986694336e-02
-5.051544904708862305e-01
5.763519406318664551e-01
6.140982508659362793e-01
-2.030407190322875977e-01
2.365095615386962891e-01
-1.117423698306083679e-01
-2.240457087755203247e-01
1.827722787857055664e-01
-1.599830538034439087e-01
-3.993532657623291016e-01
3.988287746906280518e-01
-2.031030952930450439e-01
-1.759876310825347900e-01
-1.488693896681070328e-02
-2.436374127864837646e-01
-4.637189209461212158e-01
-5.455116629600524902e-01
2.563896477222442627e-01
6.271260380744934082e-01
9.949620813131332397e-02
-1.646855026483535767e-01
1.674505621194839478e-01
3.079867064952850342e-01
1.181277394294738770e+00
-2.813352346420288086e-01
-9.256836175918579102e-01
1.254186987876892090e+00
-1.776836812496185303e-01
-9.488072246313095093e-02
7.071083784103393555e-01
9.364113211631774902e-02
-2.943455874919891357e-01
-3.726233839988708496e-01
-3.629716634750366211e-01
8.640850782394409180e-01
-8.513312339782714844e-01
1.937781423330307007e-01
3.253411352634429932e-01
-9.207238554954528809e-01
-1.015398800373077393e-01
1.690300107002258301e-01
-2.228140830993652344e-01
-4.290468394756317139e-01
-3.961809575557708740e-01
-9.637607932090759277e-01
-3.223487734794616699e-01
-7.643873691558837891e-01
-9.567292034626007080e-02
7.260799407958984375e-01
-3.481722772121429443e-01
-2.364842593669891357e-01
2.657058477401733398e+00
8.551019430160522461e-01
5.267317295074462891e-01
1.136700510978698730e+00
-8.111854791641235352e-01
2.151994407176971436e-01
4.246529042720794678e-01
-7.345296740531921387e-01
6.315840482711791992e-01
-1.026178970932960510e-01
-3.677961826324462891e-01
1.618642210960388184e-01
-3.803471028804779053e-01
-6.811286211013793945e-01
-3.865779042243957520e-01
-1.379328608512878418e+00
-7.718028873205184937e-02
3.532592654228210449e-01
-1.003175497055053711e+00
3.130928277969360352e-01
6.580383181571960449e-01
-1.012071222066879272e-01
4.594364464282989502e-01
-4.864856302738189697e-01
-1.469618678092956543e-01
-1.391817331314086914e+00
-7.172754406929016113e-01
5.885948538780212402e-01
1.173866271972656250e+00
8.704553842544555664e-01
-5.941483974456787109e-01
-1.178882941603660583e-01
-2.752298414707183838e-01
-5.611811950802803040e-02
-1.277360081672668457e+00
-2.209037691354751587e-01
3.214924633502960205e-01
-7.108492851257324219e-01
-3.508556187152862549e-01
-3.879866329953074455e-03
3.322867676615715027e-02
1.700658559799194336e+00
-5.168999433517456055e-01
5.857670307159423828e-01
1.380896866321563721e-01
-1.705209612846374512e-01
1.184068433940410614e-02
9.659438133239746094e-01
5.161596536636352539e-01
4.357980489730834961e-01
-1.467301845550537109e-01
-5.061042308807373047e-01
-6.391599029302597046e-02
-4.024097323417663574e-01
-1.249020695686340332e+00
2.406264096498489380e-01
-5.289105176925659180e-01
-1.067265033721923828e+00
-2.700894474983215332e-01
2.779727578163146973e-01
1.002156615257263184e+00
7.087798416614532471e-02
7.265864014625549316e-01
-6.069655716419219971e-02
-3.243006467819213867e-01
-8.491198420524597168e-01
-1.035876631736755371e+00
-6.779219955205917358e-03
4.331137239933013916e-01
-2.013500332832336426e-01
4.924002587795257568e-01
-5.483891069889068604e-02
4.866748154163360596e-01
4.698611795902252197e-01
5.599662661552429199e-01
2.472510188817977905e-02
1.331465363502502441e+00
-3.134682774543762207e-01
3.413959145545959473e-01
8.306635916233062744e-02
2.804180085659027100e-01
-2.413058876991271973e-01
-4.889836609363555908e-01
-9.857953339815139771e-02
-5.782628431916236877e-02
-5.336313843727111816e-01
-3.846624791622161865e-01
2.208250463008880615e-01
-1.994091868400573730e-01
-1.471653699874877930e+00
-1.308384388685226440e-01
-7.030528187751770020e-01
-5.166515111923217773e-01
5.898584723472595215e-01
4.394852817058563232e-01
6.537484526634216309e-01
4.587167128920555115e-02
1.047192573547363281e+00
9.221938848495483398e-01
5.355761051177978516e-01
8.254175782203674316e-01
-6.514365077018737793e-01
7.479107975959777832e-01
-1.396227329969406128e-01
1.613661348819732666e-01
-1.743699014186859131e-01
-7.201282978057861328e-01
-1.050534844398498535e+00
5.305551886558532715e-01
-5.068876743316650391e-01
-6.178296208381652832e-01
2.164870053529739380e-01
-3.060777783393859863e-01
1.293841749429702759e-01
1.809354126453399658e-01
9.718887209892272949e-01
-1.588955819606781006e-01
1.407630920410156250e+00
-1.446585357189178467e-01
7.715318202972412109e-01
8.569657802581787109e-01
-4.476049169898033142e-02
-4.833194427192211151e-03
-5.113816857337951660e-01
-3.875938653945922852e-01
-3.902744501829147339e-02
1.207037806510925293e+00
-5.371299386024475098e-01
-1.517593502998352051e+00
1.195967718958854675e-01
-1.990940570831298828e+00
-4.585987031459808350e-01
-4.920075535774230957e-01
-3.192260563373565674e-01
-4.753582477569580078e-01
-4.214327037334442139e-01
-4.471504986286163330e-01
1.316826343536376953e-01
3.565052151679992676e-01
-9.775453805923461914e-02
9.963712096214294434e-01
5.902821421623229980e-01
9.551229476928710938e-01
7.994762659072875977e-01
1.291173845529556274e-01
3.470708727836608887e-01
-7.910799980163574219e-02
3.354552686214447021e-01
8.192048966884613037e-02
-5.614596605300903320e-01
4.030444622039794922e-01
-9.351422637701034546e-02
6.436736583709716797e-01
3.901147544384002686e-01
-3.457589447498321533e-01
-4.986364841461181641e-01
-6.866568326950073242e-01
-6.542087197303771973e-01
-2.543058991432189941e-01
-8.722357153892517090e-01
-4.916061758995056152e-01
-8.118611574172973633e-01
-9.744093418121337891e-01
4.686338901519775391e-01
-3.880782723426818848e-01
6.623568534851074219e-01
9.793505072593688965e-01
6.945188641548156738e-01
1.117165803909301758e+00
1.151293635368347168e+00
1.165918827056884766e+00
-5.634098649024963379e-01
5.382322669029235840e-01
-1.819919049739837646e-01
9.921339154243469238e-01
-6.999440193176269531e-01
7.569128274917602539e-02
6.763103008270263672e-01
5.521353483200073242e-01
2.600845396518707275e-01
-1.906288415193557739e-01
-2.062455266714096069e-01
-7.182397246360778809e-01
-1.398389697074890137e+00
-1.113233193755149841e-01
-1.605594635009765625e+00
5.167225748300552368e-02
4.476805031299591064e-01
-6.002640128135681152e-01
8.628433570265769958e-04
-7.454550266265869141e-01
-5.406553745269775391e-01
8.192392587661743164e-01
-1.208510041236877441e+00
4.322975277900695801e-01
8.094230294227600098e-01
-6.629366427659988403e-02
1.359112858772277832e+00
-5.338188409805297852e-01
-1.007756218314170837e-01
3.709191083908081055e-01
3.414850831031799316e-01
6.550643444061279297e-01
1.137599587440490723e+00
-2.323061414062976837e-02
4.771603345870971680e-01
-3.709872066974639893e-01
-7.011495828628540039e-01
-4.809057414531707764e-01
-5.366992354393005371e-01
-5.688636898994445801e-01
-3.919571042060852051e-01
-9.563909173011779785e-01
-1.998240351676940918e-01
1.821885108947753906e-01
-3.954657539725303650e-02
-5.976253151893615723e-01
1.294641256332397461e+00
1.427991986274719238e-01
1.763192892074584961e+00
2.541659593582153320e+00
2.810985445976257324e-01
-2.516179978847503662e-01
-2.360416799783706665e-01
-1.423084020614624023e+00
-1.387225985527038574e+00
-1.536611557006835938e+00
-1.313308954238891602e+00
-1.571328878402709961e+00
6.039736866950988770e-01
-1.315130233764648438e+00
-3.785776197910308838e-01
8.587731719017028809e-01
8.542298078536987305e-01
1.978501558303833008e+00
8.897991180419921875e-01
7.751933932304382324e-01
1.402728259563446045e-01
-9.011946916580200195e-01
5.680952072143554688e-01
-4.072033762931823730e-01
-8.441246747970581055e-01
-1.024638116359710693e-01
6.222633123397827148e-01
-4.932950437068939209e-01
-2.622721251100301743e-03
1.069080270826816559e-02
-2.378673255443572998e-01
-4.690782725811004639e-01
5.217548608779907227e-01
3.704894781112670898e-01
-4.835385680198669434e-01
7.941565513610839844e-01
9.116932749748229980e-01
-4.827550351619720459e-01
-1.693595349788665771e-01
3.176360726356506348e-01
3.310604393482208252e-01
4.346733093261718750e-01
-1.130442380905151367e+00
2.636644542217254639e-01
7.116532921791076660e-01
-4.742779731750488281e-01
1.650584936141967773e-01
6.144509315490722656e-01
-6.623755693435668945e-01
3.096476197242736816e-01
4.363279044628143311e-01
-2.525126338005065918e-01
5.452501401305198669e-02
-1.061031892895698547e-01
-6.243131756782531738e-01
2.876787781715393066e-01
3.152093589305877686e-01
-7.356843352317810059e-01
5.518369674682617188e-01
2.308780103921890259e-01
-2.879628241062164307e-01
-1.114697977900505066e-01
-8.950980901718139648e-01
5.353330969810485840e-01
4.068131446838378906e-01
-1.471987366676330566e+00
1.008747935295104980e+00
5.504638552665710449e-01
-2.844755649566650391e-01
8.654217123985290527e-01
1.469566106796264648e+00
-7.659642696380615234e-01
7.978421449661254883e-01
-3.503930568695068359e-01
-9.202240705490112305e-01
1.171603322029113770e+00
-1.891049265861511230e+00
-6.843920052051544189e-02
4.076585173606872559e-01
1.197628378868103027e-01
-3.813895285129547119e-01
-1.375277191400527954e-01
-1.913282424211502075e-01
-4.547370672225952148e-01
-6.824611425399780273e-01
2.679813653230667114e-03
-3.723324239253997803e-01
-1.131011024117469788e-01
-4.473183453083038330e-01
-1.697738915681838989e-01
1.925097405910491943e-01
9.041011333465576172e-01
2.524683773517608643e-01
3.704911470413208008e-01
1.173030138015747070e+00
-1.492139548063278198e-01
8.664345741271972656e-01
-1.338858753442764282e-01
7.193301618099212646e-02
-1.344345360994338989e-01
2.195822149515151978e-01
3.921573162078857422e-01
-7.525780797004699707e-01
5.345697402954101562e-01
3.525800704956054688e-01
-1.022306084632873535e+00
-2.726511955261230469e-01
-9.379404187202453613e-01
-8.504157066345214844e-01
2.035157829523086548e-01
6.935069561004638672e-01
-3.153764903545379639e-01
5.722864866256713867e-01
-2.129645049571990967e-01
-2.528097331523895264e-01
7.919510602951049805e-01
-2.098371088504791260e-01
-1.254461884498596191e+00
7.091824412345886230e-01
4.442544579505920410e-01
8.305818438529968262e-01
8.736082166433334351e-02
-1.807212084531784058e-01
-1.509553045034408569e-01
-6.760430932044982910e-01
3.331687748432159424e-01
-2.310860008001327515e-01
-5.039849281311035156e-01
-4.058741331100463867e-01
-1.551461964845657349e-01
3.291611075401306152e-01
1.721002221107482910e+00
8.508292585611343384e-02
1.935432702302932739e-01
-6.289727687835693359e-01
-6.756098866462707520e-01
-5.885301157832145691e-02
-2.545572817325592041e-01
-4.874894917011260986e-01
-1.189004853367805481e-01
4.928079247474670410e-01
-3.623200953006744385e-01
2.642909586429595947e-01
1.055727005004882812e-01
-2.428121715784072876e-01
-6.487241387367248535e-02
-1.434594631195068359e+00
