-1.176110096275806427e-02
-7.892622053623199463e-02
-3.116670548915863037e-01
3.389647006988525391e-01
3.133258223533630371e-02
1.034868001937866211e+00
1.158495843410491943e-01
9.804563522338867188e-01
-9.500233083963394165e-02
2.622571289539337158e-01
-3.308001160621643066e-01
9.405976533889770508e-01
-2.952205389738082886e-02
3.784872889518737793e-01
-5.359720587730407715e-01
-6.376359611749649048e-02
-3.345071673393249512e-01
-6.628131866455078125e-01
6.229946389794349670e-03
-1.513795107603073120e-01
7.303932309150695801e-01
-2.464066743850708008e-01
2.632224857807159424e-01
-1.046819329261779785e+00
-1.325816273689270020e+00
-1.228152394294738770e+00
3.069183044135570526e-02
-2.990129590034484863e-01
4.407000541687011719e-01
6.846643984317779541e-02
1.049091517925262451e-01
-1.164713874459266663e-01
-7.280112057924270630e-02
-4.133392274379730225e-01
5.410234928131103516e-01
-3.153293430805206299e-01
6.423785686492919922e-01
-9.120495617389678955e-02
4.336777925491333008e-01
-2.299109548330307007e-01
3.132945895195007324e-01
1.780313998460769653e-02
-1.209474727511405945e-01
1.830418109893798828e-01
-3.067745864391326904e-01
2.656691074371337891e-01
-1.908432394266128540e-01
1.486051231622695923e-01
6.410782039165496826e-02
-4.238749146461486816e-01
-1.553624719381332397e-01
-2.749198973178863525e-01
-3.916576206684112549e-01
-4.419841766357421875e-01
-4.581637680530548096e-01
-3.351042270660400391e-01
-4.714168906211853027e-01
-7.172102928161621094e-01
-7.207815051078796387e-01
2.390816509723663330e-01
-1.586873531341552734e-01
7.860079407691955566e-01
5.938935875892639160e-01
1.055812716484069824e+00
7.126274704933166504e-01
9.174577593803405762e-01
6.326338648796081543e-01
1.818984299898147583e-01
3.711291849613189697e-01
-7.738713175058364868e-03
-1.690762676298618317e-02
-2.850831151008605957e-01
2.831791639328002930e-01
-9.185788631439208984e-01
-6.380941867828369141e-01
-8.554905056953430176e-01
-3.576293289661407471e-01
-7.688782215118408203e-01
1.972010582685470581e-01
-7.663890719413757324e-01
3.870651125907897949e-01
-2.417242676019668579e-01
4.251560568809509277e-01
3.929640650749206543e-01
9.000127315521240234e-01
3.108507990837097168e-01
7.239670157432556152e-01
-2.827082574367523193e-01
-4.031603932380676270e-01
-7.034912109375000000e-01
-1.124326109886169434e+00
-7.559403777122497559e-01
-3.331763446331024170e-01
4.387781769037246704e-02
-3.644059002399444580e-01
3.698126077651977539e-01
2.357621211558580399e-03
8.547323197126388550e-02
6.802117824554443359e-01
2.598184347152709961e-01
6.670039296150207520e-01
-2.942516207695007324e-01
4.572271704673767090e-01
-6.532416678965091705e-03
1.063883379101753235e-01
-3.236260730773210526e-03
2.568147778511047363e-01
-2.231982499361038208e-01
1.229391396045684814e-01
-3.665939867496490479e-01
7.195317000150680542e-02
-7.418459653854370117e-02
-4.070923477411270142e-02
-2.924736440181732178e-01
4.116615355014801025e-01
-2.563131153583526611e-01
1.055437207221984863e+00
4.505538567900657654e-02
6.244789361953735352e-01
-1.420485042035579681e-02
2.232732921838760376e-01
-4.906724691390991211e-01
1.309219300746917725e-01
1.232321485877037048e-01
-1.764495074748992920e-01
-2.059330791234970093e-01
2.092243731021881104e-01
-1.160202264785766602e+00
-1.568225920200347900e-01
-1.137663573026657104e-01
-9.424766153097152710e-02
-3.687944635748863220e-02
-5.549492686986923218e-02
-1.014999970793724060e-01
5.636914372444152832e-01
-1.498652994632720947e-01
-1.589811295270919800e-01
-8.309333771467208862e-02
-2.199709117412567139e-01
1.235404089093208313e-01
-3.440654575824737549e-01
1.074001118540763855e-01
-2.217196822166442871e-01
3.077380359172821045e-02
-2.690003626048564911e-02
-1.015785150229930878e-03
2.283332496881484985e-01
-2.125122249126434326e-01
-6.423147860914468765e-03
-2.460651993751525879e-01
1.514812000095844269e-02
-1.013628542423248291e-01
-2.097540348768234253e-01
3.920438885688781738e-01
6.145578809082508087e-04
3.193036913871765137e-01
1.040301844477653503e-01
-2.984056174755096436e-01
4.869280382990837097e-02
-2.828800082206726074e-01
3.873267769813537598e-01
-1.018098443746566772e-01
-2.408261150121688843e-01
-1.817820593714714050e-02
1.159658059477806091e-01
4.207654893398284912e-01
2.414740175008773804e-01
-2.135646492242813110e-01
-3.831434845924377441e-01
-1.227000504732131958e-01
-3.807663321495056152e-01
-5.070981010794639587e-02
1.486798971891403198e-01
2.366587817668914795e-01
6.486700773239135742e-01
3.089828416705131531e-02
6.877591609954833984e-01
-3.829562366008758545e-01
-2.296359837055206299e-01
-3.961054384708404541e-01
-2.153407186269760132e-01
-1.114002540707588196e-01
-2.325876615941524506e-02
4.805867671966552734e-01
-3.231181800365447998e-01
4.706111848354339600e-01
-2.055133432149887085e-01
9.064777940511703491e-02
-9.005673229694366455e-02
9.082453697919845581e-02
4.205485284328460693e-01
-2.829585671424865723e-01
9.703055024147033691e-03
-7.052161097526550293e-01
6.676511466503143311e-02
-5.238169431686401367e-01
1.744924187660217285e-01
1.096774041652679443e-01
1.533282250165939331e-01
8.739360421895980835e-02
1.177172660827636719e-01
1.945977360010147095e-01
-3.859027624130249023e-01
-1.159559469670057297e-02
-1.552025526762008667e-01
-3.814674019813537598e-01
5.577672123908996582e-01
-2.408197522163391113e-01
4.966825544834136963e-01
-8.869634866714477539e-01
-5.815219283103942871e-01
-1.396759152412414551e-01
-1.026713013648986816e+00
2.227484434843063354e-01
1.572817414999008179e-01
3.031996190547943115e-01
8.657749295234680176e-01
6.217902898788452148e-01
8.717680573463439941e-01
5.131197571754455566e-01
6.028614640235900879e-01
6.401216983795166016e-02
-3.853495232760906219e-03
4.421157240867614746e-01
1.418532878160476685e-01
-5.492123365402221680e-01
-1.059726119041442871e+00
-1.949435472488403320e-01
-9.812556505203247070e-01
-2.386866807937622070e-01
-4.684492647647857666e-01
-6.240739226341247559e-01
-9.169132709503173828e-01
-6.155685186386108398e-01
-2.259954661130905151e-01
-4.135798811912536621e-01
-3.087768517434597015e-02
-2.171368449926376343e-01
4.506571292877197266e-01
-2.560940198600292206e-02
8.038409948348999023e-01
7.166780233383178711e-01
1.024767279624938965e+00
3.622377663850784302e-02
9.461323618888854980e-01
-2.190261930227279663e-01
3.129615187644958496e-01
-9.021303057670593262e-01
2.208340466022491455e-01
-1.242563128471374512e+00
3.705988824367523193e-01
-1.079186677932739258e+00
2.714417576789855957e-01
-4.087134897708892822e-01
4.004421234130859375e-01
1.011830493807792664e-01
4.335049688816070557e-01
-2.103277146816253662e-01
7.255301810801029205e-03
-8.325856178998947144e-02
-1.141097918152809143e-01
9.607531130313873291e-02
1.149068959057331085e-02
1.403650343418121338e-01
2.085314393043518066e-01
-5.890478193759918213e-02
1.983650922775268555e-01
-1.603568345308303833e-01
3.320360779762268066e-01
-3.331888318061828613e-01
-5.075646638870239258e-01
-9.964267611503601074e-01
-1.152503013610839844e+00
-4.899302497506141663e-02
-1.606240123510360718e-01
3.585672974586486816e-01
3.648453578352928162e-02
-1.671765744686126709e-02
7.753718644380569458e-02
2.179424911737442017e-01
-3.715677931904792786e-02
2.229687720537185669e-01
7.475762069225311279e-02
1.923490911722183228e-01
3.124565780162811279e-01
1.687500178813934326e-01
2.582816779613494873e-01
2.648938447237014771e-02
3.097560703754425049e-01
-1.284715831279754639e-01
-6.330625414848327637e-01
-5.134676098823547363e-01
6.172773987054824829e-02
-5.825159549713134766e-01
7.461052387952804565e-02
-3.757364451885223389e-01
4.016934037208557129e-01
-3.465187549591064453e-01
5.225219726562500000e-01
9.819238446652889252e-03
2.171968519687652588e-01
5.509469509124755859e-01
-6.174901127815246582e-01
-3.263376951217651367e-01
-7.638251781463623047e-01
-2.726801438257098198e-03
3.967874050140380859e-01
-4.792031943798065186e-01
5.333623886108398438e-01
8.736437559127807617e-02
-5.980602651834487915e-02
4.930252730846405029e-01
-4.841102659702301025e-02
1.048479005694389343e-01
-3.557253181934356689e-01
-1.934851258993148804e-01
-2.989631295204162598e-01
-8.757230043411254883e-01
-4.097299873828887939e-01
-8.781455755233764648e-01
7.340680807828903198e-02
-1.359448283910751343e-01
9.365982562303543091e-02
-4.021297991275787354e-01
2.531702220439910889e-01
-3.588460981845855713e-01
1.315003186464309692e-01
4.490478336811065674e-01
1.326210349798202515e-01
1.343128085136413574e-01
4.931153357028961182e-01
1.936297304928302765e-02
2.289331853389739990e-01
1.670661941170692444e-02
4.133777320384979248e-01
-7.610733807086944580e-02
-5.876239538192749023e-01
-1.217110380530357361e-01
-3.495372533798217773e-01
-8.153998851776123047e-01
8.304482102394104004e-01
-6.715993285179138184e-01
3.700256943702697754e-01
-9.440011382102966309e-01
1.625527143478393555e-01
1.745859980583190918e-01
-9.112307429313659668e-02
1.466189771890640259e-01
5.196654796600341797e-01
8.532386273145675659e-02
-3.955691158771514893e-01
9.872618317604064941e-02
-3.481056094169616699e-01
3.334158957004547119e-01
-6.901051998138427734e-01
1.806038171052932739e-01
-2.623368613421916962e-02
4.050112962722778320e-01
-2.012730389833450317e-01
5.757796168327331543e-01
2.350823581218719482e-02
5.213981270790100098e-01
4.440275132656097412e-01
6.610919833183288574e-01
-2.926891110837459564e-02
1.277395039796829224e-01
3.580392803996801376e-03
-3.065775632858276367e-01
5.987381339073181152e-01
-3.884382545948028564e-01
-4.992504119873046875e-01
-4.282326102256774902e-01
-1.066115975379943848e+00
-4.227436184883117676e-01
-5.130563974380493164e-01
5.363064408302307129e-01
-3.556789457798004150e-02
7.430590987205505371e-01
-1.497670859098434448e-01
1.502161771059036255e-01
-9.644255042076110840e-02
7.120532542467117310e-02
1.125810071825981140e-01
1.855927258729934692e-01
4.518166482448577881e-01
-2.077385932207107544e-01
3.022016584873199463e-01
3.194021061062812805e-02
4.009056091308593750e-01
1.862673163414001465e-01
4.016352295875549316e-01
2.211597859859466553e-01
2.859518229961395264e-01
-5.124696493148803711e-01
-4.685735106468200684e-01
-1.473240554332733154e-01
-3.674701154232025146e-01
2.523297071456909180e-01
-6.884670853614807129e-01
-1.139598727226257324e+00
-6.455536484718322754e-01
-3.182637095451354980e-01
7.919489741325378418e-01
-1.196384578943252563e-01
4.852457344532012939e-01
4.571830630302429199e-01
2.975023388862609863e-01
-8.125387132167816162e-02
-1.273456335067749023e+00
-3.474593758583068848e-01
1.897008568048477173e-01
9.715389609336853027e-01
7.433979958295822144e-02
8.885287046432495117e-01
5.318094417452812195e-02
8.069957047700881958e-02
-7.311465740203857422e-01
-5.810581520199775696e-02
-1.387901663780212402e+00
-5.344679951667785645e-01
-2.311738431453704834e-01
-9.290345907211303711e-01
-4.905981421470642090e-01
-1.599631011486053467e-01
-1.047062724828720093e-01
-3.286539912223815918e-01
3.937785029411315918e-01
-1.633687317371368408e-01
4.881741404533386230e-01
2.066702991724014282e-01
1.182366907596588135e-01
2.159184515476226807e-01
9.506011754274368286e-02
-6.166801229119300842e-02
7.418915033340454102e-01
-7.821667939424514771e-02
5.396848917007446289e-01
8.926592022180557251e-02
5.283065438270568848e-01
-6.026965565979480743e-03
2.469721734523773193e-01
-3.613027036190032959e-01
2.284862697124481201e-01
-5.621818304061889648e-01
-4.874004423618316650e-02
-9.284011274576187134e-02
-3.696382045745849609e-01
-1.103720441460609436e-01
-1.825015991926193237e-01
9.849204868078231812e-02
-9.827434271574020386e-02
2.824930250644683838e-01
9.002406895160675049e-02
-1.497456133365631104e-01
-4.058102965354919434e-01
-2.751717269420623779e-01
-4.736195504665374756e-01
-3.634856641292572021e-01
1.054407954216003418e-01
6.279790401458740234e-02
7.001206278800964355e-02
7.915671169757843018e-02
-1.303354650735855103e-01
-2.393384426832199097e-01
-1.845403462648391724e-01
1.685400754213333130e-01
-2.304072678089141846e-02
1.396433711051940918e-01
1.240447815507650375e-02
-2.713868021965026855e-01
4.253481030464172363e-01
-2.266836911439895630e-01
1.074360534548759460e-01
-1.568477600812911987e-01
5.448164343833923340e-01
-4.409496188163757324e-01
-7.162813097238540649e-02
-4.152532815933227539e-01
1.698603481054306030e-01
-8.090387564152479172e-04
-5.598001927137374878e-02
1.360377520322799683e-01
-3.708752989768981934e-02
3.680975139141082764e-01
6.475353240966796875e-01
3.391670286655426025e-01
4.308029115200042725e-01
4.197843372821807861e-02
1.512770056724548340e-01
1.310572400689125061e-02
-3.878469392657279968e-02
3.082660399377346039e-02
-4.509479701519012451e-01
-2.001804485917091370e-02
-4.977183640003204346e-01
-6.984976120293140411e-03
-3.373551368713378906e-01
-2.313009500503540039e-01
-2.693046629428863525e-01
-2.568435668945312500e-01
2.069540135562419891e-02
-6.564804166555404663e-02
-2.436261065304279327e-02
2.136498093605041504e-01
-7.036255598068237305e-01
-2.298813760280609131e-01
3.069334924221038818e-01
8.998612314462661743e-02
4.383896887302398682e-01
-1.920217871665954590e-01
2.764225900173187256e-01
1.679858416318893433e-01
6.453202962875366211e-01
