4.914546906948089600e-01
2.581209838390350342e-01
5.341442823410034180e-01
6.661860346794128418e-01
2.245209813117980957e-01
-8.595054596662521362e-02
7.551248371601104736e-02
5.348163247108459473e-01
-6.395127773284912109e-01
4.870031476020812988e-01
-3.894746899604797363e-01
-8.567775785923004150e-02
-2.760412693023681641e-01
-3.836612105369567871e-01
-1.736172735691070557e-01
2.450638115406036377e-01
-4.756280183792114258e-01
8.543696254491806030e-02
5.518648624420166016e-01
2.264536321163177490e-01
3.501921892166137695e-02
3.255276381969451904e-01
-2.115593701601028442e-01
-5.745239853858947754e-01
-5.842613577842712402e-01
-7.717019319534301758e-01
2.887782454490661621e-01
1.490165945142507553e-02
1.725744456052780151e-01
-2.917634248733520508e-01
-7.245508581399917603e-02
5.427732467651367188e-01
-5.175974369049072266e-01
1.815856248140335083e-01
-4.605101943016052246e-01
-5.052264332771301270e-01
-1.630869209766387939e-01
6.074913740158081055e-01
2.893415987491607666e-01
1.172203660011291504e+00
-3.156113624572753906e-01
-1.490239500999450684e-01
8.029457926750183105e-02
-9.477561712265014648e-02
3.680175542831420898e-01
6.796082854270935059e-02
-1.964649558067321777e-01
7.924075126647949219e-01
-3.899279236793518066e-01
-4.315583407878875732e-01
5.658717155456542969e-01
5.552165955305099487e-02
-4.047809839248657227e-01
3.208146691322326660e-01
4.817868173122406006e-01
-5.109824538230895996e-01
7.099598646163940430e-01
-9.209432601928710938e-01
-6.810407042503356934e-01
1.044594049453735352e-01
-1.769842147827148438e+00
-6.030106544494628906e-01
8.259360790252685547e-01
-7.024437785148620605e-01
1.906566470861434937e-01
1.360467791557312012e+00
1.652941405773162842e-01
6.141433715820312500e-01
8.855565786361694336e-01
4.121657013893127441e-01
2.801506221294403076e-01
-3.237243890762329102e-01
4.993222951889038086e-01
-7.190083265304565430e-01
1.400508917868137360e-04
7.453203201293945312e-02
-5.300455689430236816e-01
-6.489748358726501465e-01
8.750605583190917969e-01
6.748238205909729004e-02
3.543050587177276611e-01
2.792259752750396729e-01
-8.710905164480209351e-02
-1.597642898559570312e-02
-2.302932292222976685e-01
-2.706971764564514160e-01
7.830149494111537933e-03
-1.668727993965148926e-01
-3.649590611457824707e-01
-5.611257553100585938e-01
-3.950251936912536621e-01
-7.844792008399963379e-01
-7.821218110620975494e-03
-6.606701016426086426e-02
5.866940021514892578e-01
-3.679689168930053711e-01
-4.883895441889762878e-02
3.510443866252899170e-01
1.215260863304138184e+00
2.675732970237731934e-01
-9.826283454895019531e-01
3.331163823604583740e-01
6.683560609817504883e-01
-3.806977868080139160e-01
3.108648955821990967e-01
-1.644744724035263062e-01
8.862819522619247437e-03
3.535115420818328857e-01
-2.459931224584579468e-01
2.121504843235015869e-01
4.375750422477722168e-01
-8.762826025485992432e-02
-2.778885364532470703e-01
-1.021606922149658203e+00
-4.677843451499938965e-01
-5.531132221221923828e-01
1.201174184679985046e-01
2.677356004714965820e-01
1.157240867614746094e+00
-2.349196076393127441e-01
-1.387875080108642578e-01
8.210051804780960083e-02
4.771899878978729248e-01
1.190099492669105530e-01
-3.526807725429534912e-01
7.176765054464340210e-02
-9.616722911596298218e-02
-1.556342840194702148e-01
-2.698856890201568604e-01
-2.572039067745208740e-01
-3.780927062034606934e-01
8.454992622137069702e-02
5.031066387891769409e-02
2.405599653720855713e-01
-1.100576072931289673e-01
-2.368129640817642212e-01
-9.518760442733764648e-02
-1.055471692234277725e-02
-2.670226804912090302e-02
5.275985971093177795e-02
1.001232564449310303e-01
7.821931689977645874e-02
2.250851839780807495e-01
3.554492294788360596e-01
-3.535594642162322998e-01
3.495669960975646973e-01
-1.738949120044708252e-02
-1.457714587450027466e-01
-3.953556716442108154e-01
-6.841680407524108887e-01
-2.302554100751876831e-01
-1.493879407644271851e-01
-6.316795349121093750e-01
4.017309546470642090e-01
-3.534082323312759399e-02
1.900679320096969604e-01
1.750393360853195190e-01
1.929532289505004883e-01
-2.397092282772064209e-01
9.142976254224777222e-02
2.341423742473125458e-02
5.473227053880691528e-02
2.672438919544219971e-01
1.964979171752929688e-01
1.812185645103454590e-01
-3.570566326379776001e-02
-1.356234848499298096e-01
4.395280480384826660e-01
5.256927013397216797e-01
2.923805117607116699e-01
6.967386603355407715e-01
-5.870076417922973633e-01
-8.342649787664413452e-03
-2.443874329328536987e-01
3.343941271305084229e-01
-4.696931540966033936e-01
5.496087074279785156e-01
-2.879439592361450195e-01
2.294842153787612915e-02
-8.919362425804138184e-01
-2.550229132175445557e-01
-5.921751856803894043e-01
-2.220566719770431519e-01
-1.960559748113155365e-02
5.740300193428993225e-02
2.412921041250228882e-01
5.353702306747436523e-01
3.458279967308044434e-01
3.777231574058532715e-01
1.715774834156036377e-02
-3.318964540958404541e-01
1.637239158153533936e-01
-3.439846038818359375e-01
-3.402490019798278809e-01
-3.442108333110809326e-01
-3.155799508094787598e-01
6.732649803161621094e-01
4.216157272458076477e-02
2.653018534183502197e-01
6.686218976974487305e-01
1.386218667030334473e-01
-3.202189803123474121e-01
2.715719677507877350e-02
-2.205491662025451660e-01
-5.096871852874755859e-01
9.080218076705932617e-01
3.729412555694580078e-01
2.343596667051315308e-01
7.149200886487960815e-02
-9.192148447036743164e-01
-1.209563970565795898e+00
-6.037176251411437988e-01
4.896830022335052490e-01
-6.321127712726593018e-02
2.244684845209121704e-01
-4.459969103336334229e-01
-3.236626684665679932e-01
4.151296317577362061e-01
5.526856184005737305e-01
-9.522329568862915039e-01
2.952744364738464355e-01
-7.149071991443634033e-02
-1.525984555482864380e-01
1.788423657417297363e-01
7.194322347640991211e-02
-2.553980350494384766e-01
6.920413374900817871e-01
6.420753896236419678e-02
2.186239361763000488e-01
-9.494408369064331055e-01
-4.052680134773254395e-01
9.260954856872558594e-01
-1.794730871915817261e-01
8.715868592262268066e-01
-4.637009650468826294e-02
-4.910866618156433105e-01
4.543578624725341797e-01
4.830132722854614258e-01
6.160844564437866211e-01
-2.050954997539520264e-01
-4.931264519691467285e-01
3.376415967941284180e-01
-4.657022058963775635e-01
-8.171021938323974609e-02
-1.538350153714418411e-02
1.885866373777389526e-01
-9.028056859970092773e-01
-5.936390161514282227e-01
1.738020032644271851e-01
-4.507541060447692871e-01
3.213743269443511963e-01
-4.154449403285980225e-01
-5.206061154603958130e-02
-4.589802026748657227e-01
-5.120936632156372070e-01
1.197014898061752319e-01
-7.521088421344757080e-02
-1.547933071851730347e-01
-1.464824825525283813e-01
-5.905326008796691895e-01
6.691251993179321289e-01
-1.102590486407279968e-01
2.439826913177967072e-02
4.611634016036987305e-01
2.229555100202560425e-01
2.237104177474975586e-01
-3.047540187835693359e-01
6.847223266959190369e-03
3.638964593410491943e-01
8.860579133033752441e-01
-8.611281514167785645e-01
7.137150764465332031e-01
-3.097888827323913574e-01
-1.400235593318939209e-01
-2.358121424913406372e-02
-3.747101724147796631e-01
-9.851176738739013672e-01
5.915787220001220703e-01
4.194786548614501953e-01
1.339236050844192505e-01
3.769274055957794189e-02
-8.858238346874713898e-03
-6.812649965286254883e-01
5.762091279029846191e-01
6.450496912002563477e-01
-5.945968031883239746e-01
4.249092191457748413e-02
3.040339350700378418e-01
-4.246284067630767822e-01
1.963838338851928711e-01
1.420743465423583984e-01
-6.761468648910522461e-01
-5.597150921821594238e-01
7.294965982437133789e-01
-2.426057606935501099e-01
1.088261380791664124e-01
-8.857667446136474609e-02
-4.297440871596336365e-02
6.208382546901702881e-03
2.666535079479217529e-01
-4.056548774242401123e-01
-6.497757136821746826e-02
-2.122492790222167969e-01
-4.637551009654998779e-01
5.552416443824768066e-01
-7.981517910957336426e-01
-1.496810466051101685e-01
2.669539451599121094e-01
3.442618846893310547e-01
2.996096611022949219e-01
2.223774194717407227e-01
7.639826834201812744e-02
2.850222885608673096e-01
1.001825183629989624e-01
-9.400950670242309570e-01
-4.257695078849792480e-01
3.390217721462249756e-01
8.510159850120544434e-01
-3.580764830112457275e-01
1.478349566459655762e-01
3.520232439041137695e-01
-1.462445408105850220e-01
-2.997796237468719482e-02
-2.834215164184570312e-01
-3.431602120399475098e-01
-2.521569728851318359e-01
3.466094732284545898e-01
-2.142737656831741333e-01
8.048274368047714233e-02
-2.172687053680419922e-01
-6.563897132873535156e-01
1.443356275558471680e-01
-5.381779670715332031e-01
-9.984587877988815308e-02
3.573069572448730469e-01
-3.806343972682952881e-01
-9.756119847297668457e-01
7.624109387397766113e-01
2.974591553211212158e-01
-1.532698981463909149e-03
8.849251270294189453e-01
7.695590257644653320e-01
-7.755528092384338379e-01
-1.658451259136199951e-01
9.367000460624694824e-01
-9.428095817565917969e-02
-3.050065338611602783e-01
1.287027746438980103e-01
-3.605206608772277832e-01
6.377452611923217773e-01
3.071453571319580078e-01
1.194939464330673218e-01
-5.111792683601379395e-01
-4.647512435913085938e-01
9.915215522050857544e-02
5.005715489387512207e-01
1.663581281900405884e-01
1.489414274692535400e-01
1.851395815610885620e-01
8.770790696144104004e-02
6.834462285041809082e-02
1.752716600894927979e-01
-1.444311738014221191e-01
-4.132667481899261475e-01
1.203071847558021545e-01
-3.198088407516479492e-01
-3.937864676117897034e-02
-1.170680969953536987e-01
-7.476229667663574219e-01
5.774419307708740234e-01
-4.604372382164001465e-01
-4.954409003257751465e-01
2.569901049137115479e-01
5.930973887443542480e-01
2.362805157899856567e-01
-4.883688390254974365e-01
-2.616136372089385986e-01
1.039136290550231934e+00
-3.576947748661041260e-01
-1.585731357336044312e-01
1.156901121139526367e-01
-1.912428140640258789e-01
3.125708550214767456e-02
6.595231294631958008e-01
8.023060560226440430e-01
7.795999050140380859e-01
2.707276642322540283e-01
-1.827737838029861450e-01
-4.210710227489471436e-01
2.881315648555755615e-01
-3.361801803112030029e-01
1.934781670570373535e-01
-9.282849431037902832e-01
-8.039186149835586548e-02
1.239113509654998779e-01
2.996514737606048584e-01
-3.289697468280792236e-01
-3.895528614521026611e-01
-2.974504232406616211e-02
1.103121787309646606e-01
-3.263822495937347412e-01
-3.266469836235046387e-01
5.478758364915847778e-03
2.902607917785644531e-01
-9.629740379750728607e-03
2.751930989325046539e-02
-2.231363356113433838e-01
-4.730832576751708984e-01
1.563924789428710938e+00
1.085426881909370422e-01
-1.418637156486511230e+00
-2.623945772647857666e-01
-5.857303366065025330e-02
1.375670433044433594e-01
-3.142883479595184326e-01
1.930236518383026123e-01
-4.201876521110534668e-01
3.220799863338470459e-01
1.768840849399566650e-01
-1.966716647148132324e-01
1.883085221052169800e-01
3.883416056632995605e-01
-7.809052467346191406e-01
3.339823186397552490e-01
-2.756507694721221924e-01
-4.977858439087867737e-02
-2.146420627832412720e-01
4.529950320720672607e-01
6.494566202163696289e-01
-1.164777651429176331e-01
-1.212465912103652954e-01
-6.195682883262634277e-01
-2.111301720142364502e-01
1.693319529294967651e-01
-1.018403545022010803e-01
-7.158191204071044922e-01
2.281297147274017334e-01
4.750213921070098877e-01
6.319052577018737793e-01
5.351678729057312012e-01
-3.494241833686828613e-01
-1.320085525512695312e-01
-9.562408924102783203e-01
-2.936118841171264648e-01
-2.311255633831024170e-01
-2.197279781103134155e-01
4.993610084056854248e-01
3.362653777003288269e-02
3.530554175376892090e-01
2.599413096904754639e-01
6.123980879783630371e-01
-2.390736639499664307e-01
-1.978111267089843750e-01
-3.525556027889251709e-01
-3.091018199920654297e-01
7.999428510665893555e-01
-3.622352704405784607e-02
-4.767767488956451416e-01
7.825669646263122559e-01
1.155277565121650696e-01
-5.874694585800170898e-01
-1.314255744218826294e-01
1.125520020723342896e-01
-7.753764390945434570e-01
-1.122768744826316833e-01
4.532760679721832275e-01
2.955768108367919922e-01
2.819454669952392578e-01
-2.445697188377380371e-01
6.274687051773071289e-01
4.976138845086097717e-02
-3.130785524845123291e-01
-5.653983950614929199e-01
1.011924505233764648e+00
-4.645351171493530273e-01
-5.272172093391418457e-01
2.992096915841102600e-02
1.703325808048248291e-01
-8.127372264862060547e-01
4.439880251884460449e-01
1.163167506456375122e-01
-5.793627500534057617e-01
5.541597008705139160e-01
-2.600470483303070068e-01
-5.420097708702087402e-01
-3.745481073856353760e-01
-5.880865454673767090e-01
2.760570347309112549e-01
3.887002170085906982e-02
6.004208326339721680e-01
3.598983585834503174e-01
-4.582037031650543213e-01
4.855734407901763916e-01
-3.645308315753936768e-02
9.791249781847000122e-02
2.644493579864501953e-01
-2.206459939479827881e-01
-6.939260959625244141e-01
-1.408912688493728638e-01
2.891099750995635986e-01
-2.225484251976013184e-01
-5.158531665802001953e-01
7.745876908302307129e-01
2.048727869987487793e-01
1.759295910596847534e-01
9.723496437072753906e-01
8.125932812690734863e-01
-7.496248930692672729e-03
-1.121634960174560547e+00
5.049753189086914062e-01
-4.365701973438262939e-02
1.463115066289901733e-01
-3.502942621707916260e-01
