2.583518326282501221e-01
-4.956239461898803711e-02
4.970212578773498535e-01
5.062751770019531250e-01
2.008267194032669067e-01
3.032321035861968994e-01
1.241465806961059570e-01
2.115316540002822876e-01
-1.006656959652900696e-01
4.011299610137939453e-01
2.725155651569366455e-02
-1.917959302663803101e-01
-1.283196210861206055e-01
-4.456008374691009521e-01
3.895967900753021240e-01
-5.289870500564575195e-01
1.618431657552719116e-01
-9.447164535522460938e-01
6.229904480278491974e-03
1.277369074523448944e-02
-4.853976070880889893e-01
-4.130870699882507324e-01
-7.588777542114257812e-01
4.679445549845695496e-02
-4.310900345444679260e-02
-1.619484722614288330e-01
3.597113192081451416e-01
-4.074811041355133057e-01
6.660146266222000122e-02
-3.470056131482124329e-02
-1.800528913736343384e-02
8.068788796663284302e-02
-9.426886588335037231e-02
1.325137913227081299e-01
3.989688158035278320e-01
-2.941765189170837402e-01
2.960700914263725281e-02
3.221871554851531982e-01
1.999115049839019775e-01
-5.228143334388732910e-01
1.673353016376495361e-01
-1.089915394783020020e+00
4.939612150192260742e-01
-6.556512713432312012e-01
-6.845330595970153809e-01
-3.388547599315643311e-01
-2.836370766162872314e-01
-1.502619236707687378e-01
-1.254670172929763794e-01
7.502671796828508377e-03
-5.142723768949508667e-02
-1.344004273414611816e-01
-5.309447050094604492e-01
1.153215765953063965e-01
2.213771790266036987e-01
9.133393168449401855e-01
-2.826528549194335938e-01
-5.943125486373901367e-02
2.421173453330993652e-02
4.331898689270019531e-01
3.716510534286499023e-01
5.500572323799133301e-01
1.581048816442489624e-01
1.632567048072814941e-01
-5.621339678764343262e-01
-3.483531177043914795e-01
-1.042514815926551819e-01
-1.174096614122390747e-01
5.528365969657897949e-01
-1.140509396791458130e-01
-9.035418629646301270e-01
-7.777794003486633301e-01
-2.923718988895416260e-01
-1.826405972242355347e-01
-1.854589581489562988e-01
-1.500771790742874146e-01
-2.346233092248439789e-02
-3.431502878665924072e-01
-3.220403566956520081e-02
-1.094009503722190857e-01
4.609319865703582764e-01
6.018339991569519043e-01
5.410063862800598145e-01
4.539870321750640869e-01
6.463954597711563110e-02
-2.052026391029357910e-01
-3.858697116374969482e-01
5.390152335166931152e-01
2.075696140527725220e-01
-3.651505708694458008e-01
-4.069605469703674316e-01
-1.013627409934997559e+00
-6.410609483718872070e-01
-8.130449056625366211e-01
-6.461425870656967163e-02
-4.399161040782928467e-01
7.202716916799545288e-02
-9.578812122344970703e-02
1.186954900622367859e-01
1.228728592395782471e-01
-5.769692659378051758e-01
-7.446192204952239990e-02
2.676600813865661621e-01
-2.702012956142425537e-01
5.150327682495117188e-01
8.307613134384155273e-01
2.069063186645507812e-01
3.975689709186553955e-01
9.511903524398803711e-01
5.592817664146423340e-01
2.525855302810668945e-01
1.978962123394012451e-01
-7.344837486743927002e-02
-1.248016431927680969e-01
3.011393845081329346e-01
2.819219604134559631e-02
-2.753230929374694824e-02
1.097190305590629578e-01
-1.092393279075622559e+00
-9.640483856201171875e-01
-5.021647214889526367e-01
-6.983848214149475098e-01
-1.253388226032257080e-01
5.643837898969650269e-02
-1.527623981237411499e-01
-2.839512936770915985e-02
1.132886558771133423e-01
-9.953928738832473755e-02
-2.614111900329589844e-01
-8.396422863006591797e-02
-1.635433360934257507e-02
-7.107289880514144897e-02
2.479568719863891602e-01
-5.748229101300239563e-02
1.301872372627258301e+00
-1.154755949974060059e+00
-1.116898775100708008e+00
-8.804552555084228516e-01
-3.953270316123962402e-01
-7.205363512039184570e-01
3.030469641089439392e-02
4.734733998775482178e-01
2.730465531349182129e-01
8.168033957481384277e-01
1.975294351577758789e-01
-1.591964960098266602e-01
2.512370645999908447e-01
1.360865086317062378e-01
2.598117887973785400e-01
7.272514104843139648e-01
1.816387772560119629e-01
3.459846377372741699e-01
-1.453491568565368652e+00
-3.512045741081237793e-01
-2.386052012443542480e-01
9.812457859516143799e-02
-2.588752806186676025e-01
-3.810728192329406738e-01
-4.590136110782623291e-01
-1.865490376949310303e-01
-1.084633078426122665e-02
-1.231065317988395691e-01
6.204587966203689575e-02
3.697846531867980957e-01
2.670327201485633850e-02
-3.368175402283668518e-02
2.314574643969535828e-02
1.613716036081314087e-02
1.715548709034919739e-02
-3.628547191619873047e-01
3.007609248161315918e-01
-2.334571480751037598e-01
5.623739361763000488e-01
-4.437267407774925232e-02
1.266059726476669312e-01
9.596785157918930054e-02
-2.140154391527175903e-01
-2.580203413963317871e-01
-3.923451006412506104e-01
1.364609599113464355e-01
-3.348499834537506104e-01
-1.813215613365173340e-01
-1.228877902030944824e-01
4.751018062233924866e-02
-4.015755355358123779e-01
1.305211335420608521e-01
-1.590021401643753052e-01
-2.087893337011337280e-02
5.930455923080444336e-01
2.776408493518829346e-01
-7.457979768514633179e-02
4.128634631633758545e-01
-7.237242907285690308e-02
-3.163555860519409180e-01
-2.283666878938674927e-01
-4.033833444118499756e-01
-1.004279613494873047e+00
-3.520258367061614990e-01
3.189941346645355225e-01
6.165248900651931763e-02
5.579535961151123047e-01
4.112251996994018555e-01
-2.973923981189727783e-01
-1.028687655925750732e-01
-5.733067393302917480e-01
-1.628795713186264038e-01
5.503290295600891113e-01
5.466601997613906860e-02
-2.359198406338691711e-03
-9.384906291961669922e-02
-1.135653555393218994e-01
-1.610297113656997681e-01
9.357485175132751465e-02
2.553822696208953857e-01
5.262976288795471191e-01
2.924040257930755615e-01
2.045148015022277832e-01
-1.222941726446151733e-01
1.006074026226997375e-01
1.041905358433723450e-01
7.261433452367782593e-02
-2.969855628907680511e-02
-4.896148741245269775e-01
-9.345836639404296875e-01
-8.731269836425781250e-01
-7.304649353027343750e-01
-1.973330080509185791e-01
-3.225956857204437256e-01
9.153318591415882111e-03
7.993224076926708221e-03
1.354316025972366333e-01
6.808860898017883301e-01
3.371353819966316223e-02
1.248729974031448364e-01
3.439877033233642578e-01
-4.364918768405914307e-01
-3.574498295783996582e-01
-1.168910339474678040e-01
1.230942532420158386e-01
1.218964308500289917e-01
2.342483103275299072e-01
3.721517324447631836e-02
1.975877285003662109e-01
-3.708500266075134277e-01
1.574699208140373230e-02
3.619258701801300049e-01
4.200613871216773987e-02
-6.009562015533447266e-01
-2.588323652744293213e-01
-8.639559745788574219e-01
-1.494860053062438965e-01
-3.815506994724273682e-01
1.093577966094017029e-01
1.638731062412261963e-01
2.578241527080535889e-01
2.434796690940856934e-01
2.209273427724838257e-01
-2.090807259082794189e-02
2.839744649827480316e-02
-4.491586238145828247e-02
-5.081858634948730469e-01
-5.436201691627502441e-01
-1.035432144999504089e-01
-7.609452605247497559e-01
-7.405371069908142090e-01
-3.271670937538146973e-01
-5.203085541725158691e-01
-1.888796389102935791e-01
-2.406104803085327148e-01
-8.031801879405975342e-02
-2.797783315181732178e-01
6.133384704589843750e-01
2.007866948843002319e-01
5.111612081527709961e-01
2.024864554405212402e-01
9.149573743343353271e-02
-4.600957334041595459e-01
-7.268726825714111328e-02
3.118659257888793945e-01
5.061221718788146973e-01
3.270964324474334717e-01
6.104524731636047363e-01
2.602404654026031494e-01
-3.410019725561141968e-02
2.358532398939132690e-01
1.761785298585891724e-01
-6.587980687618255615e-02
9.555034339427947998e-02
5.414151400327682495e-02
-3.656271472573280334e-02
-1.582375466823577881e-01
-4.923766851425170898e-01
-3.261526226997375488e-01
-5.435137748718261719e-01
-3.628638014197349548e-02
-3.378368020057678223e-01
4.326283559203147888e-02
-1.140307545661926270e+00
-5.049784779548645020e-01
-5.546637177467346191e-01
-3.066981770098209381e-02
2.160059213638305664e-01
-2.558232843875885010e-01
-2.018920481204986572e-01
-9.801070392131805420e-02
2.461322993040084839e-01
5.647066235542297363e-02
1.101390197873115540e-01
3.169564604759216309e-01
6.400908529758453369e-02
-1.511155627667903900e-02
4.774905145168304443e-01
-4.209412932395935059e-01
1.608639657497406006e-01
-2.368568032979965210e-01
8.461513519287109375e-01
2.122492296621203423e-03
-1.917647719383239746e-01
-2.989653944969177246e-01
-3.817763328552246094e-01
5.409002900123596191e-01
-3.877440690994262695e-01
-2.154150754213333130e-01
-4.047957360744476318e-01
1.956490725278854370e-01
3.654399514198303223e-02
-8.034151196479797363e-01
-6.231560707092285156e-01
-4.249320924282073975e-01
-9.109021723270416260e-02
-3.276999294757843018e-01
-2.811551392078399658e-01
2.127060890197753906e-01
-6.991732865571975708e-03
7.195793390274047852e-01
2.062436938285827637e-01
1.038820073008537292e-01
-5.603488683700561523e-01
-3.974864482879638672e-01
1.333762407302856445e-01
-2.553960680961608887e-02
1.163982078433036804e-01
2.301281541585922241e-01
1.984107196331024170e-01
1.606088280677795410e-01
5.690564513206481934e-01
-2.267451286315917969e-01
-3.346554934978485107e-01
6.863448023796081543e-02
1.816032379865646362e-01
-4.823214709758758545e-01
-3.459620773792266846e-01
-3.789969682693481445e-01
-2.406305968761444092e-01
-3.056785464286804199e-01
2.503855824470520020e-01
3.864592313766479492e-02
-1.375228911638259888e-01
-1.436131596565246582e-01
2.597340345382690430e-01
-2.790114283561706543e-01
1.382280290126800537e-01
1.766937375068664551e-01
2.746549546718597412e-01
-5.728769302368164062e-01
3.780757486820220947e-01
-4.706937074661254883e-01
-5.510752797126770020e-01
-5.515113472938537598e-01
-3.872774541378021240e-01
-1.278319507837295532e-01
-4.902024567127227783e-02
5.704591795802116394e-02
2.708328366279602051e-01
3.723355010151863098e-02
7.377002835273742676e-01
4.575804471969604492e-01
4.554242789745330811e-01
-9.887005202472209930e-03
2.424606978893280029e-01
-2.405641414225101471e-02
-1.185730621218681335e-01
1.763985604047775269e-01
-6.806543469429016113e-02
4.147171378135681152e-01
3.833363950252532959e-01
6.581656634807586670e-02
-3.100011050701141357e-01
-1.471593230962753296e-01
-6.390179693698883057e-02
3.931164145469665527e-01
2.265467680990695953e-02
-8.574802428483963013e-02
-6.121847033500671387e-01
1.379755437374114990e-01
-8.523315787315368652e-01
-7.037861943244934082e-01
-5.056750178337097168e-01
-1.485145539045333862e-01
-1.297988444566726685e-01
1.807761639356613159e-01
9.941265732049942017e-02
-2.248229980468750000e-01
2.761947736144065857e-02
-5.477881431579589844e-02
6.058580875396728516e-01
-5.460190773010253906e-02
-1.147346794605255127e-01
-6.601744890213012695e-01
1.504317484796047211e-02
-4.908857345581054688e-01
-1.110303699970245361e-01
6.494101136922836304e-02
6.068432927131652832e-01
-5.385592207312583923e-02
-5.009896159172058105e-01
9.853143990039825439e-02
-7.245361208915710449e-01
-1.335538864135742188e+00
-7.805305123329162598e-01
-3.000575900077819824e-01
1.456092000007629395e-01
4.820949733257293701e-01
4.311599433422088623e-01
2.614011466503143311e-01
3.347438871860504150e-01
6.986019015312194824e-01
1.585132777690887451e-01
3.275781571865081787e-01
-3.677845001220703125e-01
3.891858458518981934e-01
-1.297492384910583496e-01
3.051329851150512695e-01
-2.459794282913208008e-01
7.130881547927856445e-01
-4.496251344680786133e-01
-1.485939621925354004e+00
-8.806264996528625488e-01
-5.315727591514587402e-01
-3.134281039237976074e-01
-5.333474874496459961e-01
-3.730757236480712891e-01
4.891211390495300293e-01
2.451868802309036255e-01
2.761147618293762207e-01
-1.860268861055374146e-01
-1.328157782554626465e-01
-1.445131152868270874e-01
-5.082803964614868164e-02
-2.012817412614822388e-01
2.346278429031372070e-01
4.880034625530242920e-01
-3.038676679134368896e-01
9.325428009033203125e-01
3.250668346881866455e-01
1.119853481650352478e-01
-1.557734459638595581e-01
-3.060419559478759766e-01
-4.882718026638031006e-01
7.842599153518676758e-01
-7.207792997360229492e-02
2.183558046817779541e-01
2.151580601930618286e-01
-9.733392596244812012e-01
-8.673294186592102051e-01
-5.378057956695556641e-01
-2.432645410299301147e-01
-3.533352017402648926e-01
3.054240159690380096e-02
-3.216333985328674316e-01
4.211744964122772217e-01
-6.243595480918884277e-01
2.571781575679779053e-01
4.890674650669097900e-01
3.724004626274108887e-01
-8.995806425809860229e-02
-3.677394688129425049e-01
-1.465302258729934692e-01
-5.405713990330696106e-02
5.162737146019935608e-02
1.792475581169128418e-02
-1.539531201124191284e-01
-3.030105233192443848e-01
4.542241618037223816e-02
-2.843703031539916992e-01
4.045072197914123535e-01
-6.866191327571868896e-02
-4.655682668089866638e-02
1.390701830387115479e-01
-3.127688169479370117e-02
9.376173615455627441e-01
-2.372654713690280914e-02
-2.016060799360275269e-01
-3.014722764492034912e-01
5.020114779472351074e-02
-4.836318269371986389e-02
-1.381691247224807739e-01
-2.017734497785568237e-01
6.938843131065368652e-01
-1.140642881393432617e+00
-7.230278849601745605e-01
-3.271779119968414307e-01
-9.217019379138946533e-02
3.384070694446563721e-01
-3.786175549030303955e-01
-1.596648693084716797e-01
-5.947756394743919373e-02
2.567447423934936523e-01
1.880663782358169556e-01
-1.804020553827285767e-01
2.905459702014923096e-01
-2.191828340291976929e-01
8.075836896896362305e-01
