5.050135850906372070e-01
3.785444200038909912e-01
2.563404440879821777e-01
2.479153871536254883e-01
2.424270659685134888e-01
-3.388254940509796143e-01
2.991043329238891602e-01
1.227174252271652222e-01
-2.900754567235708237e-03
2.184876203536987305e-01
2.598046362400054932e-01
-4.672973155975341797e-01
-5.551946759223937988e-01
-3.992386758327484131e-01
-1.955798119306564331e-01
3.907184302806854248e-01
-4.013811051845550537e-02
4.038702696561813354e-02
2.047940641641616821e-01
2.609771788120269775e-01
-1.107609421014785767e-01
-1.746380627155303955e-01
-4.107081294059753418e-01
-3.421829938888549805e-01
-3.888595383614301682e-03
-1.716392785310745239e-01
3.176523372530937195e-02
-4.716382026672363281e-01
-2.725364267826080322e-01
-6.027576327323913574e-01
1.875029504299163818e-01
-7.224125862121582031e-01
-2.846724092960357666e-01
-3.610675334930419922e-01
1.230333521962165833e-01
4.664009064435958862e-02
5.448711514472961426e-01
7.515410333871841431e-02
-1.784062087535858154e-01
-7.338919043540954590e-01
9.017784148454666138e-02
-1.582604050636291504e-01
3.593755960464477539e-01
4.917000234127044678e-01
1.093532085418701172e+00
2.162026241421699524e-02
5.497840642929077148e-01
-2.408501654863357544e-01
-1.656793653964996338e-01
-7.903972864151000977e-01
-4.520137310028076172e-01
-4.328361749649047852e-01
-2.065080255270004272e-01
-3.958560228347778320e-01
2.215728610754013062e-01
8.771890401840209961e-02
-6.289629936218261719e-01
-3.815640211105346680e-01
-1.278702169656753540e-01
2.634485363960266113e-01
2.338962852954864502e-01
-4.619831591844558716e-02
-2.504589594900608063e-02
-6.887897849082946777e-02
2.957679033279418945e-01
5.568971633911132812e-01
6.344593763351440430e-01
-2.732083797454833984e-01
1.138478890061378479e-01
2.579494565725326538e-02
1.229026764631271362e-01
3.089077472686767578e-01
-1.342517733573913574e-01
1.077982932329177856e-01
-5.527040362358093262e-01
2.357139289379119873e-01
-1.042302846908569336e-01
-8.771090507507324219e-01
-8.288345336914062500e-01
-9.319128841161727905e-02
2.280167490243911743e-01
-5.650606751441955566e-02
-3.097828626632690430e-01
2.396470457315444946e-01
4.588449895381927490e-01
-2.910825908184051514e-01
-2.053637802600860596e-01
-6.227556467056274414e-01
1.328269541263580322e-01
-3.678805232048034668e-01
-2.719562053680419922e-01
-3.057601153850555420e-01
-1.677480638027191162e-01
1.425742655992507935e-01
4.553817212581634521e-02
-4.320921003818511963e-02
2.594256587326526642e-02
3.101174831390380859e-01
3.391301929950714111e-01
-5.889427065849304199e-01
-2.490057200193405151e-01
-1.941104792058467865e-02
4.276134669780731201e-01
6.780111193656921387e-01
-2.527609169483184814e-01
2.235061079263687134e-01
-3.135710060596466064e-01
1.808212995529174805e-01
-1.791929602622985840e-01
9.291107207536697388e-02
2.509504556655883789e-01
6.483271121978759766e-01
-1.804460734128952026e-01
7.853944301605224609e-01
3.739149868488311768e-01
-1.329858750104904175e-01
-5.318433046340942383e-01
-1.676951535046100616e-02
-3.318984508514404297e-01
-1.185396671295166016e+00
-1.654871851205825806e-01
1.551654785871505737e-01
-5.376313626766204834e-02
4.412190988659858704e-03
2.146102860569953918e-02
-5.994797945022583008e-01
1.321042180061340332e-01
-3.501897156238555908e-01
-3.206277489662170410e-01
-1.645912528038024902e-01
-2.975319325923919678e-01
5.440295487642288208e-02
-4.695146381855010986e-01
-4.413230121135711670e-01
1.054408922791481018e-01
-2.101181447505950928e-01
3.439942598342895508e-01
2.343575805425643921e-01
-1.502108871936798096e-01
-3.257420063018798828e-01
5.474165081977844238e-01
6.068866848945617676e-01
-1.634894758462905884e-01
4.728952646255493164e-01
8.406298756599426270e-01
9.744532406330108643e-02
-4.309487640857696533e-01
1.087681762874126434e-02
-5.448659509420394897e-02
2.974165081977844238e-01
1.475614905357360840e-01
-8.548192679882049561e-02
-5.311526656150817871e-01
-2.629739642143249512e-01
-1.284816861152648926e-01
-4.525936841964721680e-01
-2.586295306682586670e-01
-3.506419360637664795e-01
2.109424322843551636e-01
-6.124657988548278809e-01
-6.570099592208862305e-01
-3.095715939998626709e-01
3.061571121215820312e-01
4.006801545619964600e-01
7.659398317337036133e-01
4.585833251476287842e-01
4.244191646575927734e-01
4.476229250431060791e-01
-2.321711182594299316e-01
6.428242921829223633e-01
-6.635635346174240112e-02
2.549438178539276123e-01
-6.613829731941223145e-01
-1.941295623779296875e+00
1.093175187706947327e-01
1.953255087137222290e-01
-1.972538977861404419e-01
-5.920438170433044434e-01
-1.955386996269226074e-01
2.899344563484191895e-01
3.200203925371170044e-02
1.708261817693710327e-01
3.910403549671173096e-01
1.022226810455322266e+00
1.005880713462829590e+00
3.508097529411315918e-01
-8.926279097795486450e-02
4.086509346961975098e-01
-4.365046508610248566e-03
-4.516423940658569336e-01
-3.782416284084320068e-01
1.249909251928329468e-01
-7.244130373001098633e-01
-3.277791738510131836e-01
-1.430891871452331543e+00
-8.717894554138183594e-01
-4.854038655757904053e-01
-6.156088709831237793e-01
3.771351873874664307e-01
-1.878624260425567627e-01
2.957662343978881836e-01
4.822230637073516846e-01
-1.029538989067077637e+00
1.025894045829772949e+00
8.970231413841247559e-01
4.667816758155822754e-01
7.099101543426513672e-01
5.799053981900215149e-02
-5.346289873123168945e-01
-3.707303106784820557e-02
-1.421604603528976440e-01
1.138928830623626709e-01
2.442954629659652710e-01
5.903638601303100586e-01
2.690201103687286377e-01
7.525299787521362305e-01
-1.769607663154602051e-01
-4.819710552692413330e-01
-9.380873441696166992e-01
-3.195840716361999512e-01
-4.142917096614837646e-01
-6.511576473712921143e-02
-1.365319788455963135e-01
2.350588738918304443e-01
-5.843494534492492676e-01
1.766497343778610229e-01
4.783487617969512939e-01
-2.330871522426605225e-01
-7.665613889694213867e-01
-8.382105827331542969e-01
-6.322891712188720703e-01
5.418533086776733398e-01
-2.460890710353851318e-01
4.163250923156738281e-01
8.781440258026123047e-01
5.866746306419372559e-01
-6.228282302618026733e-02
1.864601820707321167e-01
-5.772687792778015137e-01
-8.031235337257385254e-01
-2.666474506258964539e-02
-4.380179941654205322e-01
3.369755744934082031e-01
-1.977483630180358887e-01
4.982971586287021637e-04
-3.997312188148498535e-01
-4.101156890392303467e-01
-6.496370434761047363e-01
-4.643656313419342041e-01
-3.927217051386833191e-02
2.004804313182830811e-01
-4.330390691757202148e-02
-1.219746023416519165e-01
-5.543971657752990723e-01
-4.156453907489776611e-01
5.350440740585327148e-02
5.005142092704772949e-01
-2.308941483497619629e-01
-2.154952138662338257e-01
2.406244426965713501e-01
-1.759142279624938965e-01
-4.944880902767181396e-01
-9.006570279598236084e-02
-1.266919821500778198e-02
2.827804386615753174e-01
6.526777893304824829e-02
8.148013055324554443e-02
-1.034884154796600342e-02
6.893091797828674316e-01
-2.160949110984802246e-01
-5.504233241081237793e-01
-3.163206279277801514e-01
1.296167671680450439e-01
-4.912183880805969238e-01
-1.731754243373870850e-01
-7.270371913909912109e-01
-1.189021468162536621e+00
8.967617154121398926e-02
-1.401696801185607910e-01
6.619612872600555420e-02
3.994107544422149658e-01
5.579874515533447266e-01
8.769591450691223145e-01
-1.712357848882675171e-01
6.557696461677551270e-01
-8.239988088607788086e-01
-4.133202135562896729e-01
-4.842512309551239014e-02
2.946707606315612793e-01
-7.132088541984558105e-01
2.363625355064868927e-02
-2.006342113018035889e-01
-4.470722377300262451e-01
-5.419552922248840332e-01
2.971479296684265137e-01
3.607556596398353577e-02
6.275719404220581055e-02
1.251184195280075073e-02
4.082934260368347168e-01
3.786108195781707764e-01
3.597452640533447266e-01
-1.773709058761596680e-01
-5.124987363815307617e-01
-1.703187376260757446e-01
-1.504096835851669312e-01
-8.018772006034851074e-01
-4.975622296333312988e-01
-1.116190850734710693e-01
-8.388586640357971191e-01
3.583258688449859619e-01
-1.705087870359420776e-01
6.787126660346984863e-01
-2.267763614654541016e-01
4.045524001121520996e-01
4.483367875218391418e-02
9.857552498579025269e-02
-2.167125791311264038e-01
-9.021540880203247070e-01
-3.023709654808044434e-01
-4.453420937061309814e-01
7.090807706117630005e-02
2.854356914758682251e-02
-4.567977786064147949e-01
-1.527011394500732422e-01
9.382686764001846313e-02
-4.785251319408416748e-01
-1.615108996629714966e-01
3.033920228481292725e-01
2.265153080224990845e-01
2.108684629201889038e-01
6.235573291778564453e-01
-2.208540774881839752e-02
5.127723813056945801e-01
-4.631249904632568359e-01
9.387741982936859131e-02
-2.953019142150878906e-01
-3.917952775955200195e-01
-5.081826448440551758e-01
-1.053288653492927551e-01
2.441390752792358398e-01
4.383599758148193359e-01
3.381672874093055725e-02
1.477453559637069702e-01
-2.773870527744293213e-01
1.394287794828414917e-01
-2.132982164621353149e-01
-7.845948934555053711e-01
-5.603589415550231934e-01
-2.534026205539703369e-01
5.101801753044128418e-01
-3.373822942376136780e-02
2.593138515949249268e-01
6.842160820960998535e-01
5.515871644020080566e-01
1.031456470489501953e+00
5.013030171394348145e-01
-3.475582897663116455e-01
-6.926271319389343262e-01
-6.963836550712585449e-01
-3.906164765357971191e-01
-6.478605270385742188e-01
3.294065892696380615e-01
4.237855672836303711e-01
-5.884860157966613770e-01
-7.589541673660278320e-01
6.617630273103713989e-02
-4.208905696868896484e-01
-1.203349456191062927e-01
-1.877896934747695923e-01
-5.063712000846862793e-01
-4.014029204845428467e-01
-5.171500444412231445e-01
1.554874628782272339e-01
-2.264729514718055725e-02
5.318009853363037109e-01
1.973464936017990112e-01
3.020085096359252930e-01
2.725715041160583496e-01
9.202904701232910156e-01
5.673258304595947266e-01
7.959678769111633301e-01
4.339439570903778076e-01
6.741766333580017090e-01
5.190873146057128906e-01
1.851496994495391846e-01
-3.439448773860931396e-01
2.892258465290069580e-01
2.821803092956542969e-01
2.372531741857528687e-01
4.087681770324707031e-01
-8.644877672195434570e-01
-1.202548265457153320e+00
-5.864512920379638672e-01
-8.134491443634033203e-01
-4.069871306419372559e-01
-3.612657785415649414e-01
-5.068030953407287598e-01
-2.465414553880691528e-01
-4.512512683868408203e-01
-2.162422388792037964e-01
2.659400403499603271e-01
-4.935517907142639160e-01
-4.014588892459869385e-01
-2.889138758182525635e-01
1.729748845100402832e-01
5.007678866386413574e-01
-1.788104474544525146e-01
1.304883211851119995e-01
5.217158198356628418e-01
2.681823074817657471e-01
-6.218447089195251465e-01
-4.497309923171997070e-01
-1.608852297067642212e-01
-3.954083621501922607e-01
3.474833965301513672e-01
-7.537934929132461548e-02
1.393148750066757202e-01
-8.878817409276962280e-02
1.383557468652725220e-01
4.016773402690887451e-01
4.037134647369384766e-01
6.054543256759643555e-01
-2.571737766265869141e-01
-2.428487837314605713e-01
2.715980112552642822e-01
-2.302388697862625122e-01
2.507719397544860840e-01
-9.856473207473754883e-01
2.397918105125427246e-01
9.306213259696960449e-02
-5.009518563747406006e-02
-1.071632802486419678e-01
8.623924851417541504e-02
-7.641411572694778442e-02
2.608585655689239502e-01
-1.026951432228088379e+00
-2.711618542671203613e-01
-2.311238050460815430e-01
-8.582780510187149048e-02
6.070244312286376953e-01
-1.247607693076133728e-01
2.520516216754913330e-01
-2.320487350225448608e-01
-1.314991861581802368e-01
1.918816193938255310e-02
-1.522947549819946289e-01
-5.735626220703125000e-01
-6.391501054167747498e-03
-5.286458134651184082e-01
-4.056149423122406006e-01
-1.531369388103485107e-01
3.523216545581817627e-01
-4.275336116552352905e-02
5.606753230094909668e-01
5.327450633049011230e-01
4.607945978641510010e-01
-3.338269293308258057e-01
-4.552220553159713745e-02
-3.953512012958526611e-01
6.166720390319824219e-01
-6.359504163265228271e-02
2.710995376110076904e-01
-7.576315663754940033e-03
2.348669022321701050e-01
-2.028300315141677856e-01
5.250922963023185730e-02
-1.481212824583053589e-01
-1.055654957890510559e-01
-3.607153594493865967e-01
-2.355151176452636719e-01
-4.256350100040435791e-01
-7.278021425008773804e-02
-2.756522297859191895e-01
-3.661836087703704834e-01
-1.938177049160003662e-01
-8.864715695381164551e-01
-2.226752638816833496e-01
-1.883689761161804199e-01
3.366661369800567627e-01
4.410782158374786377e-01
7.394600510597229004e-01
6.123795509338378906e-01
2.634543478488922119e-01
4.726982116699218750e-01
3.454769849777221680e-01
5.842180252075195312e-01
1.479541808366775513e-01
1.007011830806732178e-01
1.828033477067947388e-01
-1.980411112308502197e-01
2.405478507280349731e-01
-8.615980148315429688e-01
-4.990190565586090088e-01
-5.902740955352783203e-01
-1.139482036232948303e-01
-6.057512164115905762e-01
-9.856505393981933594e-01
-3.458957374095916748e-01
-6.287179589271545410e-01
4.635835438966751099e-02
2.574205100536346436e-01
2.156967520713806152e-01
4.804342985153198242e-01
2.247115969657897949e-02
-5.145000219345092773e-01
4.293459355831146240e-01
2.290898114442825317e-01
3.278885483741760254e-01
4.617975652217864990e-01
-3.697225451469421387e-01
3.460988998413085938e-01
4.639043807983398438e-01
3.552474677562713623e-01
