8.450678586959838867e-01
9.891612082719802856e-02
2.867766022682189941e-01
1.231539011001586914e+00
-3.302366435527801514e-01
1.473666578531265259e-01
7.535012960433959961e-01
-3.026694059371948242e-01
3.231793344020843506e-01
3.571915626525878906e-01
3.073709905147552490e-01
-3.053065538406372070e-01
-7.439662218093872070e-01
-3.934144675731658936e-01
3.512337431311607361e-02
-4.691244363784790039e-01
-8.783046603202819824e-01
-4.845460653305053711e-01
-6.590701937675476074e-01
4.984410703182220459e-01
1.070459634065628052e-01
-9.917098879814147949e-01
-3.458012342453002930e-01
-1.251621246337890625e+00
1.023609757423400879e+00
5.232072472572326660e-01
5.496413111686706543e-01
8.538436293601989746e-01
-5.043974518775939941e-01
2.412850260734558105e-01
2.721868269145488739e-02
-2.679136693477630615e-01
7.145783863961696625e-03
-8.419577032327651978e-02
9.023138880729675293e-01
-8.199733495712280273e-01
-2.517706155776977539e-01
2.360295951366424561e-01
1.865291297435760498e-01
-5.773719549179077148e-01
-1.623517274856567383e-01
-2.631520926952362061e-01
-1.236654743552207947e-01
-5.144147872924804688e-01
-2.345252513885498047e+00
-9.383414983749389648e-01
2.121313065290451050e-01
-3.427870869636535645e-01
-4.806506633758544922e-01
-2.320930510759353638e-01
4.678108096122741699e-01
5.163350701332092285e-01
1.170377880334854126e-01
2.459219396114349365e-01
-1.002372708171606064e-02
-6.245860457420349121e-01
-2.777804434299468994e-01
-5.779700875282287598e-01
8.864718675613403320e-01
1.013815760612487793e+00
6.092553138732910156e-01
6.363965868949890137e-01
3.378381431102752686e-01
1.017081215977668762e-01
3.467206358909606934e-01
-3.925294876098632812e-01
-8.106351643800735474e-02
6.081450730562210083e-03
-1.342962384223937988e-01
-6.796653270721435547e-01
-1.435072898864746094e+00
-7.187491059303283691e-01
2.869488894939422607e-01
-2.871030569076538086e-01
-4.579450190067291260e-01
-2.786304354667663574e-01
-1.249506771564483643e-01
-5.785597860813140869e-02
-1.346312463283538818e-01
-9.880422055721282959e-02
2.783143818378448486e-01
-2.900924533605575562e-02
-9.124983847141265869e-02
3.587698340415954590e-01
3.690060973167419434e-01
-3.453260362148284912e-01
5.005572736263275146e-02
-6.996396929025650024e-02
-6.419329047203063965e-01
-8.273987174034118652e-01
-9.962874054908752441e-01
-3.438431322574615479e-01
2.389216981828212738e-02
5.920283794403076172e-01
1.261033415794372559e-01
5.140205621719360352e-01
8.289837837219238281e-02
6.298699378967285156e-01
1.120359659194946289e+00
2.884269058704376221e-01
-7.207608819007873535e-01
-4.664466083049774170e-01
-2.033364921808242798e-01
4.027920961380004883e-01
-3.820736110210418701e-01
-2.965120971202850342e-02
-2.980876900255680084e-02
-1.184795498847961426e+00
6.680808663368225098e-01
3.738033771514892578e-01
1.705531179904937744e-01
7.258815765380859375e-01
-2.593944966793060303e-01
-6.339687108993530273e-01
2.302325069904327393e-01
4.154845774173736572e-01
3.698115423321723938e-02
-7.725167274475097656e-02
-9.843597412109375000e-01
-3.234280049800872803e-01
-4.148580133914947510e-01
-7.568836212158203125e-02
-3.008663654327392578e-01
7.744444906711578369e-02
-6.288370490074157715e-01
-9.595103859901428223e-01
5.695375204086303711e-01
7.153478860855102539e-01
-4.273004531860351562e-01
2.049877196550369263e-01
1.249587386846542358e-01
-8.067760467529296875e-01
2.805731296539306641e-01
5.980781912803649902e-01
-1.096663549542427063e-01
-3.770361244678497314e-01
-4.599823653697967529e-01
1.279998719692230225e-01
-4.104666411876678467e-01
-4.033317863941192627e-01
-7.476885914802551270e-01
-8.674023300409317017e-02
3.365754783153533936e-01
3.405883014202117920e-01
1.108496546745300293e+00
-5.834704637527465820e-01
-8.784405887126922607e-02
5.226404666900634766e-01
2.379750162363052368e-01
-3.070443570613861084e-01
-8.357204496860504150e-02
-4.775480031967163086e-01
-1.217073678970336914e+00
-9.930603504180908203e-01
1.056273460388183594e+00
3.634749054908752441e-01
3.788224756717681885e-01
5.189412236213684082e-01
-2.239905446767807007e-01
-5.736090540885925293e-01
-4.701887965202331543e-01
-1.524090766906738281e-01
-3.539937734603881836e-01
7.376228570938110352e-01
2.202736437320709229e-01
-2.979108095169067383e-01
1.572405993938446045e-01
2.744491100311279297e-01
-9.537202864885330200e-02
-1.144702807068824768e-01
-5.751906037330627441e-01
-2.204554826021194458e-01
-2.107169777154922485e-01
3.919252455234527588e-01
-2.358329743146896362e-01
-2.900943346321582794e-02
-1.501784324645996094e-01
-4.792688488960266113e-01
-4.159972667694091797e-01
2.037403583526611328e-01
3.738224208354949951e-01
9.750641137361526489e-02
5.528874397277832031e-01
3.110581040382385254e-01
-1.238514259457588196e-01
-4.776754230260848999e-02
4.424432814121246338e-01
-4.679525196552276611e-01
4.056165814399719238e-01
3.185748755931854248e-01
-1.172302007675170898e+00
-5.140321850776672363e-01
5.631323456764221191e-01
-4.175500571727752686e-01
7.061278074979782104e-02
2.355513907968997955e-02
-1.040135383605957031e+00
-5.015536546707153320e-01
-5.065638422966003418e-01
-1.717459112405776978e-01
-2.150945067405700684e-01
2.296704500913619995e-01
3.680417537689208984e-01
-2.187268435955047607e-02
3.329272270202636719e-01
7.017308473587036133e-01
1.033033132553100586e+00
4.400362670421600342e-01
-7.940068244934082031e-01
-3.496982455253601074e-01
-4.690570235252380371e-01
-2.661085128784179688e-01
-8.189512789249420166e-02
1.495092511177062988e-01
1.533527076244354248e-01
-6.495547294616699219e-02
-4.373824000358581543e-01
-3.463493287563323975e-01
-5.830081105232238770e-01
-1.765085905790328979e-01
-1.508182436227798462e-01
-3.457357287406921387e-01
-4.528595507144927979e-01
-6.615160107612609863e-01
-2.244832813739776611e-01
3.562903106212615967e-01
5.173385739326477051e-01
2.940649352967739105e-02
-2.899488508701324463e-01
5.392051935195922852e-01
5.732978135347366333e-02
-3.811478912830352783e-01
2.848385870456695557e-01
5.683169141411781311e-02
2.478252053260803223e-01
-9.354776889085769653e-02
-1.600185595452785492e-02
1.895370185375213623e-01
4.676814675331115723e-01
2.404216229915618896e-01
-3.586056828498840332e-01
-1.468740552663803101e-01
-1.581548750400543213e-01
-5.922592878341674805e-01
-5.494335293769836426e-01
5.024886876344680786e-02
2.199064344167709351e-01
-8.489420413970947266e-01
-1.598079949617385864e-01
-5.168017148971557617e-01
-8.290136456489562988e-01
4.625662043690681458e-02
-6.907920241355895996e-01
-3.419992625713348389e-01
6.947425007820129395e-02
-2.260216474533081055e-01
1.110104322433471680e-01
7.103856801986694336e-01
9.122572541236877441e-01
3.179624676704406738e-01
4.879311323165893555e-01
7.658036053180694580e-02
-4.409630298614501953e-01
-9.063283205032348633e-01
-1.116664409637451172e+00
-4.809756278991699219e-01
-6.057435274124145508e-01
-6.385920643806457520e-01
-2.543449401855468750e-01
-2.905276790261268616e-02
1.410642415285110474e-01
3.771378397941589355e-01
8.754494786262512207e-01
1.863791346549987793e-01
4.871098995208740234e-01
8.606220483779907227e-01
-2.660663425922393799e-01
1.546768248081207275e-01
-1.272455602884292603e-01
-2.043982744216918945e-01
5.273258686065673828e-02
1.181180775165557861e-02
-1.683117896318435669e-01
-2.485042512416839600e-01
1.085661500692367554e-01
2.863582968711853027e-01
-4.854914844036102295e-01
-3.159164786338806152e-01
3.580772578716278076e-01
-5.026193857192993164e-01
-5.542406439781188965e-01
-3.652301132678985596e-01
-3.984414339065551758e-01
-3.089286088943481445e-01
6.917300224304199219e-01
1.639923930168151855e+00
-8.924723863601684570e-01
-8.937333822250366211e-01
-3.356700837612152100e-01
-2.472689747810363770e-01
5.023278594017028809e-01
-4.827643930912017822e-01
-3.822070956230163574e-01
-5.279452800750732422e-01
-9.869903326034545898e-02
-2.779589891433715820e-01
-4.848591089248657227e-01
8.125969767570495605e-02
2.415481656789779663e-01
-4.677533730864524841e-02
-1.572728306055068970e-01
2.581489086151123047e-01
4.414056241512298584e-01
1.442890018224716187e-01
3.408984839916229248e-01
5.128368139266967773e-01
-1.298435330390930176e-01
-4.989069104194641113e-01
2.384492903947830200e-01
-1.522832363843917847e-01
2.569930851459503174e-01
6.532217860221862793e-01
-1.210244297981262207e+00
2.574192583560943604e-01
2.483402146026492119e-03
-5.904065370559692383e-01
-1.431383252143859863e+00
-1.024739623069763184e+00
1.257971674203872681e-01
-2.430969923734664917e-01
-6.423817276954650879e-01
-5.928391814231872559e-01
-8.801441192626953125e-01
3.676837980747222900e-01
6.224973201751708984e-01
5.242949128150939941e-01
9.408134222030639648e-02
2.967608273029327393e-01
6.698948144912719727e-01
-1.136493012309074402e-01
-1.540387421846389771e-01
3.227255642414093018e-01
1.164775118231773376e-01
-6.847488284111022949e-01
-5.779921412467956543e-01
4.350641071796417236e-01
-8.885812014341354370e-02
-5.857830047607421875e-01
5.352251529693603516e-01
1.043082356452941895e+00
-9.090235829353332520e-01
-1.781153231859207153e-01
3.507069647312164307e-01
-1.582668274641036987e-01
8.191934973001480103e-02
9.791356325149536133e-02
-1.423791795969009399e-01
-1.119295433163642883e-01
1.549189984798431396e-01
-1.711736768484115601e-01
2.554358914494514465e-02
-2.314718067646026611e-01
6.891871690750122070e-01
-2.281326651573181152e-01
-9.303507208824157715e-01
1.282462924718856812e-01
1.152985692024230957e-01
-1.144350171089172363e+00
2.855970710515975952e-02
-2.015834674239158630e-02
-7.682030797004699707e-01
-5.505452156066894531e-01
5.141792073845863342e-02
1.126999333500862122e-01
5.130831599235534668e-01
3.252343237400054932e-01
8.553655743598937988e-01
-6.866220235824584961e-01
-1.366852968931198120e-01
5.119419097900390625e-01
3.518816828727722168e-01
3.479596078395843506e-01
8.085890412330627441e-01
4.649176597595214844e-01
2.405106127262115479e-01
4.685154259204864502e-01
-3.037274777889251709e-01
-3.380568921566009521e-01
1.604019403457641602e-01
-3.585082888603210449e-01
-6.875478625297546387e-01
-9.653384685516357422e-01
1.787370592355728149e-01
8.783369660377502441e-01
-3.652404248714447021e-01
-4.984607696533203125e-01
-1.295215129852294922e+00
-7.006050348281860352e-01
-3.331713080406188965e-01
-1.138162016868591309e-01
-1.138975918292999268e-01
-3.525813668966293335e-02
-5.079830884933471680e-01
-4.423525631427764893e-01
2.505777180194854736e-01
-3.521451950073242188e-01
-1.153457313776016235e-01
3.560531437397003174e-01
8.046817183494567871e-01
8.264287114143371582e-01
-7.981404066085815430e-01
-1.250802159309387207e+00
5.751252770423889160e-01
5.916194319725036621e-01
-1.326746106147766113e+00
-2.008326947689056396e-01
-3.150228857994079590e-01
1.421733260154724121e+00
1.047887682914733887e+00
-8.463258743286132812e-01
8.886238932609558105e-01
-1.519692063331604004e+00
-6.335603594779968262e-01
-1.439407467842102051e-01
-9.905809909105300903e-02
-9.657590389251708984e-01
3.821236789226531982e-01
2.358120679855346680e-01
-5.919418931007385254e-01
2.175560593605041504e-01
-2.078369408845901489e-01
2.565246820449829102e-01
2.395030856132507324e-01
3.196926116943359375e-01
-3.522510528564453125e-01
-2.873688936233520508e-01
-1.005157947540283203e+00
-3.719234764575958252e-01
-4.218638539314270020e-01
-3.785556852817535400e-01
3.158722221851348877e-01
1.701834350824356079e-01
5.031573772430419922e-01
4.913854897022247314e-01
-2.627066373825073242e-01
1.433819681406021118e-01
1.071688607335090637e-01
-7.116482406854629517e-02
-3.284872472286224365e-01
8.813506923615932465e-03
4.997942969202995300e-02
2.700847089290618896e-01
2.502826750278472900e-01
4.485072940587997437e-02
4.034997522830963135e-01
1.261107176542282104e-01
2.797250151634216309e-01
4.046358466148376465e-01
2.392152510583400726e-02
-3.100594282150268555e-01
-3.182680904865264893e-01
4.773467481136322021e-01
-2.968828439712524414e+00
-3.317923545837402344e-01
-7.422141432762145996e-01
-6.569679379463195801e-01
-4.114851653575897217e-01
5.584986805915832520e-01
5.225219130516052246e-01
-1.772218495607376099e-01
-7.748483419418334961e-01
-1.742941886186599731e-01
-2.061045169830322266e-01
3.007999956607818604e-01
-3.162296712398529053e-01
-7.862489223480224609e-01
-8.684490621089935303e-02
3.701963722705841064e-01
5.789766311645507812e-01
7.938237786293029785e-01
7.717622518539428711e-01
5.933638811111450195e-01
3.610107004642486572e-01
7.703112363815307617e-01
6.031854152679443359e-01
-6.682499051094055176e-01
2.396557629108428955e-01
-7.537959218025207520e-01
-9.031498432159423828e-01
-4.220713078975677490e-01
3.079748153686523438e-01
4.147463440895080566e-01
-6.847360730171203613e-01
1.497209966182708740e-01
-8.086293190717697144e-02
-2.488999217748641968e-01
-2.642084658145904541e-01
-1.508273929357528687e-01
-2.337199747562408447e-01
-8.271795511245727539e-01
-8.620163202285766602e-01
-6.108840107917785645e-01
-2.000626623630523682e-01
1.529388874769210815e-01
8.786808252334594727e-01
4.745236039161682129e-01
2.018458694219589233e-01
5.578610897064208984e-01
-5.866816639900207520e-01
2.125887870788574219e-01
7.843227386474609375e-01
-2.955505847930908203e-01
-1.994143724441528320e-01
