3.068013489246368408e-01
-3.343631327152252197e-01
6.485263258218765259e-02
5.539091303944587708e-02
-4.169342219829559326e-01
-4.968539178371429443e-01
-3.337770998477935791e-01
-2.194179445505142212e-01
4.182988107204437256e-01
-2.120132744312286377e-01
3.818544149398803711e-01
4.445135891437530518e-01
3.649882078170776367e-01
-6.371761113405227661e-02
-3.124078512191772461e-01
-3.724755644798278809e-01
-2.771285772323608398e-01
-2.185120135545730591e-01
-3.219893872737884521e-01
1.563959717750549316e-01
3.966361284255981445e-01
2.005724310874938965e-01
3.937999904155731201e-01
1.365942806005477905e-01
6.425558030605316162e-02
-4.806821793317794800e-02
-1.822148561477661133e-01
-3.205118179321289062e-01
-1.130386665463447571e-01
-4.261946082115173340e-01
-4.354313015937805176e-02
1.979612261056900024e-01
5.696365237236022949e-01
-2.869409620761871338e-01
1.770142316818237305e-01
-5.513579249382019043e-01
-1.005428656935691833e-02
-1.114855483174324036e-01
1.283547878265380859e-01
3.796331584453582764e-02
-2.213468253612518311e-01
2.572549320757389069e-02
-2.406666576862335205e-01
5.092067122459411621e-01
-1.100867986679077148e+00
-1.396521925926208496e+00
-2.016778737306594849e-01
-1.581300497055053711e-01
-1.385525465011596680e-01
-3.183233439922332764e-01
2.144179539754986763e-03
1.265689134597778320e-01
8.692051470279693604e-02
3.730646073818206787e-01
3.140913844108581543e-01
5.495049953460693359e-01
-1.790992617607116699e-01
-1.417204737663269043e-01
1.051770597696304321e-01
2.812519073486328125e-01
7.074449658393859863e-01
5.667846798896789551e-01
4.115130603313446045e-01
-3.113647177815437317e-02
-3.702757954597473145e-01
-3.605690002441406250e-01
1.793913394212722778e-01
-3.733971714973449707e-01
-2.640273980796337128e-02
-1.792450845241546631e-01
-2.561867237091064453e-01
-1.362440437078475952e-01
3.474951088428497314e-01
-3.040257990360260010e-01
-4.394066929817199707e-01
-8.265292271971702576e-03
-2.804067730903625488e-01
-2.021495997905731201e-01
-3.838629126548767090e-01
-5.977239608764648438e-01
3.245151638984680176e-01
-4.249566048383712769e-02
5.236740708351135254e-01
-2.965889871120452881e-01
1.591549217700958252e-01
1.340309232473373413e-01
4.351707696914672852e-01
7.462107390165328979e-02
-4.492643475532531738e-01
-5.922437906265258789e-01
-2.948096096515655518e-01
-4.365988671779632568e-01
-1.123943105340003967e-01
2.142377942800521851e-01
6.481669843196868896e-04
6.213103532791137695e-01
3.066474795341491699e-01
1.532108485698699951e-01
4.199226796627044678e-01
-5.217299982905387878e-02
-1.947080492973327637e-01
-1.755271106958389282e-01
3.050880134105682373e-01
1.361901760101318359e-01
-3.871073126792907715e-01
-8.845829963684082031e-02
-4.291557371616363525e-01
7.509124279022216797e-02
-1.545656174421310425e-01
-2.263286113739013672e-01
-6.039595231413841248e-03
6.333158016204833984e-01
4.110068082809448242e-01
2.895293831825256348e-01
-1.275135129690170288e-01
1.714940220117568970e-01
7.691968083381652832e-01
2.092462182044982910e-01
1.451810598373413086e-01
-4.339617490768432617e-01
1.518902275711297989e-02
-5.925904512405395508e-01
-5.623989924788475037e-02
2.734554111957550049e-01
5.755613744258880615e-02
-2.238012105226516724e-01
-2.809664011001586914e-01
2.507265284657478333e-02
1.292385011911392212e-01
1.171334907412528992e-01
-3.360069394111633301e-01
-5.652635097503662109e-01
-4.214305877685546875e-01
1.247753296047449112e-02
4.242970943450927734e-01
1.354397833347320557e-01
1.629192829132080078e-01
-1.086806893348693848e+00
-9.155388474464416504e-01
-8.382704108953475952e-02
-2.769016921520233154e-01
-4.790117591619491577e-02
4.050373733043670654e-01
6.069873571395874023e-01
8.043246269226074219e-01
2.723988890647888184e-01
1.225208342075347900e-01
-2.789222598075866699e-01
-1.447677612304687500e-01
-4.954903125762939453e-01
-4.333603680133819580e-01
-2.986077666282653809e-01
-1.793236434459686279e-01
-5.865893512964248657e-02
4.365121126174926758e-01
-1.519809961318969727e-01
1.209779977798461914e-01
2.852305769920349121e-01
1.863653212785720825e-01
2.920493185520172119e-01
5.124049782752990723e-01
1.137922108173370361e-01
2.044096589088439941e-01
3.376562893390655518e-01
-4.048020541667938232e-01
-3.634009659290313721e-01
-4.278569519519805908e-01
-5.875073075294494629e-01
-1.247362941503524780e-01
6.306061148643493652e-01
3.111844360828399658e-01
8.752231597900390625e-01
-5.450065135955810547e-01
-1.013720154762268066e+00
-6.151311993598937988e-01
-3.806787431240081787e-01
-3.097068965435028076e-01
1.529047787189483643e-01
-5.889133214950561523e-01
-5.164009332656860352e-02
1.712144017219543457e-01
-7.966793328523635864e-02
6.765923500061035156e-01
4.738217592239379883e-01
6.300051212310791016e-01
1.016005277633666992e+00
-2.366220578551292419e-02
1.888081133365631104e-01
3.405527472496032715e-01
2.429845780134201050e-01
8.699859380722045898e-01
-1.433015704154968262e+00
-1.166992187500000000e+00
-7.720996737480163574e-01
-2.842468321323394775e-01
1.308234930038452148e-01
-4.494390636682510376e-02
-8.366563357412815094e-03
7.146782279014587402e-01
2.675977349281311035e-01
-1.609868884086608887e+00
-1.525686502456665039e+00
-6.177673935890197754e-01
6.019966006278991699e-01
-7.363799214363098145e-01
-1.870919317007064819e-01
-1.123042479157447815e-01
-3.335358798503875732e-01
-1.543242484331130981e-01
2.793610095977783203e-01
4.023508727550506592e-01
1.289376765489578247e-01
1.941581666469573975e-01
1.543196849524974823e-03
-1.560233533382415771e-01
-6.845165044069290161e-02
-3.536692261695861816e-02
-8.607228100299835205e-02
5.880149006843566895e-01
5.812690258026123047e-01
-1.714155077934265137e-02
-3.274349272251129150e-01
-3.748579621315002441e-01
-3.864973783493041992e-01
-3.409247100353240967e-01
-1.217800453305244446e-01
7.139125466346740723e-02
2.760117650032043457e-01
-1.392344683408737183e-01
1.120013073086738586e-01
-6.315143108367919922e-01
-3.151944577693939209e-01
-7.949777692556381226e-02
4.830985516309738159e-02
3.678072094917297363e-01
1.895832270383834839e-01
2.008795887231826782e-01
5.723342671990394592e-02
4.862398840487003326e-03
7.318256497383117676e-01
3.095403015613555908e-01
-3.612065315246582031e-01
-4.297665879130363464e-02
-4.338105022907257080e-01
-4.586947858333587646e-01
-3.116738498210906982e-01
3.181881904602050781e-01
2.855052985250949860e-02
-6.858808547258377075e-02
-5.171388387680053711e-01
-5.196466445922851562e-01
-1.378488987684249878e-01
-1.919731646776199341e-01
-2.535273432731628418e-01
-5.662257671356201172e-01
-4.845199286937713623e-01
9.285135567188262939e-02
8.631993532180786133e-01
6.264508962631225586e-01
9.177885204553604126e-02
-3.050465881824493408e-01
-4.781113266944885254e-01
-3.388860523700714111e-01
-2.324341535568237305e-01
-8.041486740112304688e-01
-4.464874863624572754e-01
7.962597906589508057e-02
2.276533991098403931e-01
6.559752821922302246e-01
2.514157593250274658e-01
8.704969882965087891e-01
1.974205523729324341e-01
3.273679614067077637e-01
8.417240343987941742e-03
-2.465380579233169556e-01
-6.840277910232543945e-01
-5.203187465667724609e-01
-3.474989533424377441e-01
-3.085815310478210449e-01
3.917418420314788818e-03
1.568772941827774048e-01
2.731758952140808105e-01
6.756572723388671875e-01
2.828404307365417480e-01
3.054464459419250488e-01
8.902775496244430542e-02
3.686057329177856445e-01
-4.345075413584709167e-02
3.452609106898307800e-02
-8.207238912582397461e-01
-1.133812785148620605e+00
-4.251044988632202148e-01
-1.513599306344985962e-01
-2.025216072797775269e-01
-1.396853756159543991e-02
1.387588977813720703e-01
3.932325839996337891e-01
2.352090738713741302e-02
5.975697636604309082e-01
-4.683991968631744385e-01
-7.624023407697677612e-02
2.430064678192138672e-01
-3.495675325393676758e-01
-6.343923211097717285e-01
-4.335223734378814697e-01
-2.160469740629196167e-01
4.505493491888046265e-02
1.884833872318267822e-01
-1.886087059974670410e-01
-1.998356357216835022e-02
-5.109321475028991699e-01
1.265364438295364380e-01
6.382041424512863159e-02
1.033907383680343628e-01
2.990654408931732178e-01
2.631179243326187134e-02
2.629640400409698486e-01
9.576693922281265259e-02
3.963021188974380493e-02
-4.202794432640075684e-01
-8.149736374616622925e-02
-2.106794621795415878e-03
-3.966901302337646484e-01
-9.506896138191223145e-02
9.552666544914245605e-02
2.497310340404510498e-01
-1.173433735966682434e-01
3.660678863525390625e-01
7.901255041360855103e-02
-1.533489674329757690e-01
6.521955132484436035e-01
1.009219288825988770e-01
-2.475264221429824829e-01
-3.545572161674499512e-01
-2.948508858680725098e-01
-1.378663629293441772e-01
-3.033282160758972168e-01
-5.855445265769958496e-01
-2.095699310302734375e-01
-1.105705797672271729e-01
1.463498324155807495e-01
5.734290182590484619e-02
1.434186846017837524e-01
4.781231284141540527e-02
-4.831093922257423401e-02
-7.177782244980335236e-03
-2.165627032518386841e-01
-6.925361603498458862e-02
-1.396892219781875610e-01
3.658805489540100098e-01
7.932160794734954834e-02
2.897875010967254639e-01
2.034112215042114258e-01
-2.349586337804794312e-01
-1.601679474115371704e-01
5.937354639172554016e-03
6.859336495399475098e-01
1.950340121984481812e-01
1.293231099843978882e-01
-1.239862143993377686e-01
1.573381423950195312e-01
-1.527036428451538086e-01
5.116985365748405457e-02
1.851495206356048584e-01
-2.094720117747783661e-02
7.718981057405471802e-02
-2.832305990159511566e-02
-9.554402530193328857e-02
-4.180106334388256073e-04
-2.947831749916076660e-01
-4.457911550998687744e-01
-5.127069354057312012e-01
-5.830016136169433594e-01
-1.685496866703033447e-01
2.627308070659637451e-01
5.793845057487487793e-01
4.631989896297454834e-01
9.915822744369506836e-02
-1.076402589678764343e-01
-1.001717895269393921e-01
5.472434163093566895e-01
-3.926913142204284668e-01
2.514787949621677399e-02
3.555359542369842529e-01
6.221831440925598145e-01
6.797443032264709473e-01
4.742304384708404541e-01
-1.140067502856254578e-01
-2.210967242717742920e-01
1.556872725486755371e-01
1.331810057163238525e-01
-1.241972669959068298e-01
-3.805786669254302979e-01
-6.389091610908508301e-01
-4.629637897014617920e-01
-4.065052568912506104e-01
-3.947355449199676514e-01
-4.674398303031921387e-01
-1.913867294788360596e-01
-1.966622769832611084e-01
2.665946483612060547e-01
2.826188802719116211e-01
5.637622475624084473e-01
-3.454223871231079102e-01
-2.407913655042648315e-01
-1.462035775184631348e-01
-3.323705792427062988e-01
-1.562720388174057007e-01
5.842055678367614746e-01
4.523540735244750977e-01
5.343701839447021484e-01
-3.614349365234375000e-01
-9.158250875771045685e-03
-4.382012486457824707e-01
-5.088031888008117676e-01
3.036974370479583740e-01
4.382975995540618896e-01
6.053716875612735748e-03
-3.819065690040588379e-01
-4.938837587833404541e-01
-2.624947130680084229e-01
-2.044527828693389893e-01
3.069237470626831055e-01
-1.319212019443511963e-01
7.321656346321105957e-01
-1.548964858055114746e+00
-2.962715923786163330e-01
-2.953123748302459717e-01
-1.697064191102981567e-02
3.174084424972534180e-01
3.334975615143775940e-02
3.795289993286132812e-01
1.737433522939682007e-01
4.387766420841217041e-01
8.291068673133850098e-01
7.026982307434082031e-02
7.899318635463714600e-02
1.516177132725715637e-02
-2.461450397968292236e-01
-4.693649709224700928e-01
-2.428690046072006226e-01
-2.671844959259033203e-01
-1.189515069127082825e-01
-1.482997834682464600e-01
-7.086206972599029541e-02
2.680626809597015381e-01
1.860565543174743652e-01
5.390299558639526367e-01
5.385674536228179932e-02
-1.804698556661605835e-01
-4.455615282058715820e-01
7.859586924314498901e-02
9.266284108161926270e-02
4.390217736363410950e-02
-2.487925291061401367e-01
-6.586432456970214844e-02
-1.041305959224700928e-01
-2.425124496221542358e-01
-5.453081727027893066e-01
-1.362538039684295654e-01
8.545045554637908936e-02
1.012284681200981140e-01
1.069944910705089569e-02
-1.974816061556339264e-02
-1.606991589069366455e-01
-6.554172188043594360e-02
1.447987183928489685e-02
-4.428552091121673584e-01
-7.666646689176559448e-02
-4.894234240055084229e-02
9.383692592382431030e-02
-3.999698460102081299e-01
-8.365344256162643433e-02
3.843961656093597412e-01
1.870999783277511597e-01
5.812095403671264648e-01
-1.614654213190078735e-01
-4.077136814594268799e-01
-3.676086962223052979e-01
-4.168523848056793213e-01
3.579249083995819092e-01
5.885242819786071777e-01
2.589843273162841797e-01
-2.711517810821533203e-01
7.269736379384994507e-02
1.453131288290023804e-01
7.470654249191284180e-01
-4.418850839138031006e-01
-1.289529561996459961e+00
-9.314230680465698242e-01
-2.677864432334899902e-01
3.637707531452178955e-01
-1.152789965271949768e-01
-2.041096985340118408e-01
1.998471654951572418e-02
4.861068427562713623e-01
5.751610398292541504e-01
1.217563748359680176e+00
8.119611144065856934e-01
-9.834308624267578125e-01
-1.048611879348754883e+00
-5.477412939071655273e-01
-6.744337081909179688e-01
-4.305946826934814453e-01
-4.040668308734893799e-01
1.480055749416351318e-01
9.982767105102539062e-01
1.034645736217498779e-01
1.798830628395080566e-01
-2.209957987070083618e-01
-2.080757729709148407e-02
-2.548827975988388062e-02
-6.793126463890075684e-01
