-3.205190300941467285e-01
-1.521186083555221558e-01
-7.883859872817993164e-01
-9.571024775505065918e-01
-1.025676965713500977e+00
-8.340411186218261719e-01
-3.190086185932159424e-01
-1.393414735794067383e-01
2.468860521912574768e-02
2.141222730278968811e-02
9.352788925170898438e-01
5.826476216316223145e-02
5.805738568305969238e-01
6.697115302085876465e-01
1.239523053169250488e+00
2.089829416945576668e-03
6.648968458175659180e-01
-2.568168640136718750e-01
2.408978715538978577e-02
-3.457473516464233398e-01
4.409311339259147644e-02
2.237468063831329346e-01
5.913968682289123535e-01
2.496337890625000000e-01
4.483096599578857422e-01
-5.732604116201400757e-02
2.519486546516418457e-01
-6.579536944627761841e-02
3.127621412277221680e-01
-9.525588154792785645e-01
-6.371815800666809082e-01
-1.928332000970840454e-01
3.697029054164886475e-01
-5.219850540161132812e-01
5.567883607000112534e-03
-4.157698452472686768e-01
3.950121998786926270e-01
1.046847820281982422e+00
7.489783167839050293e-01
1.402597278356552124e-01
-2.310626059770584106e-01
-2.034833431243896484e-01
2.098929136991500854e-01
3.082556724548339844e-01
5.216232538223266602e-01
9.492877125740051270e-02
1.407958418130874634e-01
-2.064118981361389160e-01
-3.226133994758129120e-04
-2.450399547815322876e-01
-1.495426148176193237e-01
1.117709651589393616e-02
-4.168426990509033203e-01
1.254826039075851440e-01
-1.848322153091430664e-01
3.525745570659637451e-01
3.828293681144714355e-01
1.090917512774467468e-01
1.262931805104017258e-02
-1.466225385665893555e-01
-3.763554990291595459e-01
-3.608762919902801514e-01
1.884928196668624878e-01
-1.996343135833740234e-01
-9.906655550003051758e-02
-5.254426002502441406e-01
5.104047656059265137e-01
1.438863277435302734e-01
1.706310212612152100e-01
1.055215358734130859e+00
6.547323465347290039e-01
-3.375200629234313965e-01
-6.638932824134826660e-01
1.111737117171287537e-01
4.037365317344665527e-02
3.604548275470733643e-01
6.282430142164230347e-02
-1.219633370637893677e-01
3.282967507839202881e-01
1.739123463630676270e-02
-3.697280287742614746e-01
-3.962597995996475220e-02
2.005504071712493896e-02
-4.034524410963058472e-02
1.321077197790145874e-01
2.858535014092922211e-02
7.266833633184432983e-02
-2.057322114706039429e-01
2.396563738584518433e-01
3.167305588722229004e-01
6.086653470993041992e-01
4.116053581237792969e-01
1.880268007516860962e-01
7.191194295883178711e-01
-1.003723964095115662e-01
-2.236834764480590820e-01
-4.185959100723266602e-01
-6.348189711570739746e-01
-4.677872061729431152e-01
4.427674412727355957e-01
3.908149600028991699e-01
-3.046290278434753418e-01
-6.326394528150558472e-02
1.885954886674880981e-01
-2.350070774555206299e-01
2.037225812673568726e-01
4.170916676521301270e-01
1.693010926246643066e-01
-1.158737689256668091e-01
-3.273492753505706787e-01
-4.216646552085876465e-01
-5.924826860427856445e-02
-3.262768089771270752e-01
-4.413579776883125305e-02
3.308947682380676270e-01
-4.302497208118438721e-01
5.365682244300842285e-01
-7.766390591859817505e-02
-1.979820132255554199e-01
1.173563376069068909e-01
2.658303976058959961e-01
3.341578543186187744e-01
-1.372458487749099731e-01
8.696619421243667603e-02
5.381165742874145508e-01
-7.990361005067825317e-02
1.038595736026763916e-01
1.734735518693923950e-01
2.460407912731170654e-01
-2.317555621266365051e-02
1.059227347373962402e+00
-5.379254929721355438e-03
-1.137559711933135986e-01
-7.928506731986999512e-01
1.158445104956626892e-01
-4.399047046899795532e-02
4.703639820218086243e-02
7.298907637596130371e-02
-2.552301883697509766e-01
2.909550070762634277e-01
-4.156743735074996948e-02
2.283713668584823608e-01
1.068058237433433533e-01
9.754861891269683838e-02
5.313149690628051758e-01
5.788282752037048340e-01
-6.019908189773559570e-01
-4.128086566925048828e-01
-4.625918567180633545e-01
-1.881173402070999146e-01
6.357794255018234253e-02
-3.147293999791145325e-02
8.076872825622558594e-01
8.607593923807144165e-02
3.281908929347991943e-01
1.331723928451538086e-01
-2.311449050903320312e-01
-3.460878431797027588e-01
1.456487327814102173e-01
-1.851104199886322021e-01
-1.526530683040618896e-01
-2.942586541175842285e-01
-5.769755244255065918e-01
-1.012596338987350464e-01
-4.255112409591674805e-01
-6.102951169013977051e-01
-1.240910142660140991e-01
4.934365153312683105e-01
6.359066069126129150e-02
9.611574411392211914e-01
-1.816148869693279266e-02
4.302075505256652832e-01
-2.409859187901020050e-02
1.369013905525207520e+00
1.265870183706283569e-01
3.990830481052398682e-01
-4.096234589815139771e-02
4.921020567417144775e-01
-3.478471040725708008e-01
-6.851477622985839844e-01
-5.721019506454467773e-01
-5.617416501045227051e-01
-3.075568079948425293e-01
-6.106605380773544312e-02
-6.508293747901916504e-02
3.661401337012648582e-03
-6.966606527566909790e-02
-4.010344743728637695e-01
-2.168939709663391113e-01
2.639136835932731628e-02
1.181927844882011414e-01
1.084355935454368591e-01
3.213614523410797119e-01
1.447079926729202271e-01
1.175287842750549316e+00
1.059651225805282593e-01
1.733042448759078979e-01
-4.807927310466766357e-01
-4.157556295394897461e-01
-2.517014741897583008e-01
-1.700570434331893921e-01
2.723411917686462402e-01
-3.561684861779212952e-02
-4.491867721080780029e-01
9.909547865390777588e-02
-1.558461487293243408e-01
1.638383120298385620e-01
1.004321053624153137e-01
4.330554008483886719e-01
-8.860328048467636108e-02
3.685300946235656738e-01
4.824202060699462891e-01
2.750598490238189697e-01
-2.147110365331172943e-02
-5.039254203438758850e-02
1.703314930200576782e-01
1.174763292074203491e-01
3.092247545719146729e-01
-1.874421983957290649e-01
3.862346112728118896e-01
5.839319825172424316e-01
7.413419336080551147e-02
4.986920207738876343e-02
-5.294689536094665527e-01
-6.079340577125549316e-01
-7.863751649856567383e-01
-4.590109884738922119e-01
5.287366509437561035e-01
6.804220378398895264e-02
-3.979391232132911682e-02
-6.831306964159011841e-02
2.872426509857177734e-01
-2.721357643604278564e-01
-5.042841434478759766e-01
7.792695164680480957e-01
1.791549563407897949e+00
1.073878884315490723e+00
1.199660539627075195e+00
-7.834897041320800781e-01
-2.662830352783203125e-01
-7.386444807052612305e-01
-1.797643750905990601e-01
1.671011149883270264e-01
1.382854729890823364e-01
-6.304997801780700684e-01
-2.128294557332992554e-01
2.639463245868682861e-01
2.509715557098388672e-01
6.587947010993957520e-01
6.308854818344116211e-01
-4.453354701399803162e-02
1.731638051569461823e-02
-6.221078038215637207e-01
2.014807164669036865e-01
1.524700671434402466e-01
8.978631347417831421e-02
4.437704682350158691e-01
3.200526908040046692e-02
2.738097012042999268e-01
-6.241419166326522827e-02
1.056048154830932617e+00
-1.301799863576889038e-01
2.690535783767700195e-01
1.111529231071472168e+00
5.803363919258117676e-01
1.765431642532348633e+00
9.899111390113830566e-01
-1.063164949417114258e+00
-1.981520652770996094e-01
-6.439623832702636719e-01
-5.819514766335487366e-02
-6.770326495170593262e-01
-3.624393418431282043e-02
-7.625892162322998047e-01
-7.124995589256286621e-01
-1.296652555465698242e-01
8.789613842964172363e-01
3.057186007499694824e-01
-4.023501276969909668e-01
-5.861458182334899902e-01
-1.533242966979742050e-02
-4.294420778751373291e-01
3.373950123786926270e-01
3.687370121479034424e-01
4.009039998054504395e-01
1.053565964102745056e-01
4.780046343803405762e-01
-9.742187857627868652e-01
-7.297920435667037964e-02
2.948443889617919922e-01
8.549534678459167480e-01
-1.032214537262916565e-01
4.836080968379974365e-01
5.649662613868713379e-01
4.125938117504119873e-01
2.579777240753173828e-01
9.262097626924514771e-02
-6.519222259521484375e-01
-4.774560630321502686e-01
-2.003824263811111450e-01
1.106817275285720825e-01
1.996675431728363037e-01
5.149813890457153320e-01
3.322015404701232910e-01
-7.399018853902816772e-02
-2.272285670042037964e-01
-1.284282207489013672e-01
4.173418581485748291e-01
-6.918293982744216919e-02
2.997863292694091797e-01
-5.255455523729324341e-02
1.902560740709304810e-01
7.914391905069351196e-02
-5.053296089172363281e-01
-8.129306882619857788e-02
4.639752209186553955e-02
-8.853888511657714844e-02
2.018880695104598999e-01
4.392743706703186035e-01
1.055789962410926819e-01
-1.107994318008422852e-01
5.640664696693420410e-01
4.596505686640739441e-02
6.950898170471191406e-01
4.388659596443176270e-01
4.933643639087677002e-01
3.530997410416603088e-02
-3.644815683364868164e-01
-5.969837307929992676e-01
-7.842819690704345703e-01
1.689207181334495544e-02
-4.303301870822906494e-01
-5.213460922241210938e-01
3.549211472272872925e-02
4.197761714458465576e-01
1.920153141021728516e+00
1.080340385437011719e+00
2.788857817649841309e-01
2.780811395496129990e-03
-5.264387130737304688e-01
2.297093570232391357e-01
-8.858273625373840332e-01
-2.544236779212951660e-01
-3.047941923141479492e-01
-2.441446185111999512e-01
5.209610462188720703e-01
3.469293713569641113e-01
3.912634029984474182e-02
-5.155258625745773315e-02
6.072185561060905457e-02
2.104851901531219482e-01
3.132781982421875000e-01
7.655432224273681641e-01
-3.624770641326904297e-01
8.123860955238342285e-01
-7.049006223678588867e-01
1.042298316955566406e+00
-3.223019838333129883e-01
-3.723369240760803223e-01
-6.526353359222412109e-01
-5.997411906719207764e-02
-1.282722353935241699e-01
7.526093721389770508e-02
2.523839771747589111e-01
5.954715013504028320e-01
2.097178399562835693e-01
2.905185222625732422e-01
-6.030707955360412598e-01
-1.700157672166824341e-01
-3.623092770576477051e-01
-3.031947910785675049e-01
-3.320224285125732422e-01
2.309438586235046387e-01
-1.827623248100280762e-01
-2.700137719511985779e-02
-7.155191898345947266e-02
4.153691977262496948e-02
5.327627807855606079e-02
3.505129814147949219e-01
-8.949843794107437134e-02
1.029719114303588867e-01
1.438315212726593018e-01
-1.610855460166931152e-01
-3.927665948867797852e-02
-2.471960633993148804e-01
2.382086813449859619e-01
1.044523641467094421e-01
1.053887605667114258e-01
4.133624136447906494e-01
-2.315929234027862549e-01
-3.937631845474243164e-01
-2.420313805341720581e-01
6.659407019615173340e-01
4.400005340576171875e-01
2.377115637063980103e-01
2.428143918514251709e-01
6.058888137340545654e-02
-7.305515557527542114e-02
4.368678927421569824e-01
-1.166209429502487183e-01
6.253131199628114700e-03
4.606815800070762634e-02
1.829256564378738403e-01
-3.050815127789974213e-02
-4.346877038478851318e-01
-5.161196589469909668e-01
4.852779507637023926e-01
8.487084507942199707e-02
1.220609992742538452e-01
-3.828818798065185547e-01
4.548764824867248535e-01
-1.967629492282867432e-01
4.515145719051361084e-01
-3.080871105194091797e-01
4.828483760356903076e-01
5.314331874251365662e-02
1.817887872457504272e-01
-1.895716227591037750e-02
1.167366355657577515e-01
-3.204223141074180603e-02
3.371560275554656982e-01
-5.069030821323394775e-02
4.269286617636680603e-02
-1.245148852467536926e-01
3.425601422786712646e-01
4.872823059558868408e-01
4.255800545215606689e-01
-1.342381685972213745e-01
-3.609851300716400146e-01
-3.869649022817611694e-02
8.378244936466217041e-02
-1.118533834815025330e-01
1.354565858840942383e+00
-9.108183979988098145e-01
8.861749172210693359e-01
-6.334166526794433594e-01
1.355835646390914917e-01
-7.328987121582031250e-01
1.399208456277847290e-01
-7.257641553878784180e-01
-6.087442636489868164e-01
-4.397536814212799072e-01
2.132115215063095093e-01
5.304259061813354492e-02
1.919673919677734375e+00
6.518336534500122070e-01
1.220710396766662598e+00
5.195196270942687988e-01
5.980086922645568848e-01
-1.589230149984359741e-01
-5.934434533119201660e-01
-1.628552824258804321e-01
-6.810476779937744141e-01
-6.218035221099853516e-01
-1.005133390426635742e+00
-1.612200289964675903e-01
-3.265610039234161377e-01
-1.017607897520065308e-01
-8.393076658248901367e-01
3.170371055603027344e-01
-1.716238707304000854e-01
9.377172589302062988e-01
-6.340590119361877441e-02
6.038367748260498047e-01
-7.034657895565032959e-02
-2.791590392589569092e-01
-3.059040307998657227e-01
-3.145443499088287354e-01
3.568502366542816162e-01
5.863574743270874023e-01
6.413815617561340332e-01
2.812101840972900391e-01
2.778004109859466553e-01
2.451418340206146240e-01
1.778101027011871338e-01
4.647407531738281250e-01
7.071241736412048340e-02
-3.662083446979522705e-01
-2.886179685592651367e-01
-2.892705798149108887e-01
3.633304834365844727e-01
-5.795451998710632324e-01
-3.774055540561676025e-01
-3.809584081172943115e-01
5.971224904060363770e-01
3.822617232799530029e-01
2.381712496280670166e-01
-2.521746754646301270e-01
3.013974428176879883e-01
-9.537151455879211426e-02
4.043428227305412292e-02
5.622331500053405762e-01
4.887359216809272766e-02
-2.012468874454498291e-01
-5.543433427810668945e-01
1.155737861990928650e-01
1.249954402446746826e-01
6.783246994018554688e-02
1.634000390768051147e-01
8.913221955299377441e-02
4.303210079669952393e-01
-3.729951381683349609e-02
-6.092553138732910156e-01
5.122858285903930664e-01
1.791236996650695801e-01
-4.730479791760444641e-02
1.025791652500629425e-02
2.933949604630470276e-02
1.470997482538223267e-01
-3.508133292198181152e-01
-2.385490387678146362e-01
-5.180258750915527344e-01
-2.760933935642242432e-01
