2.138889878988265991e-01
5.901008844375610352e-01
3.397035002708435059e-01
8.906300663948059082e-01
6.312295794486999512e-02
3.244192600250244141e-01
5.456319451332092285e-01
1.410208582878112793e+00
1.402013778686523438e+00
-2.134007513523101807e-01
-3.757131397724151611e-01
-3.971028923988342285e-01
-5.381385684013366699e-01
2.859035432338714600e-01
-1.837341934442520142e-01
1.391581594944000244e-01
2.204938828945159912e-01
2.278794050216674805e-01
-2.528720796108245850e-01
-2.813435196876525879e-01
-3.259365260601043701e-01
-1.463578790426254272e-01
-6.785754859447479248e-02
5.220593810081481934e-01
5.184791684150695801e-01
6.250141859054565430e-01
-4.063436090946197510e-01
5.103662014007568359e-01
4.585732817649841309e-01
3.419045507907867432e-01
-9.683694690465927124e-03
-7.971753180027008057e-02
7.213329523801803589e-02
1.962423771619796753e-01
-3.601575195789337158e-01
3.097504973411560059e-01
-6.681902408599853516e-01
-3.278385102748870850e-01
4.987800121307373047e-01
1.955043822526931763e-01
7.203872203826904297e-01
-5.153402090072631836e-01
-6.745333671569824219e-01
7.712563127279281616e-02
-3.644488155841827393e-01
-1.960457563400268555e-01
-3.578215837478637695e-01
-2.760170996189117432e-01
5.099415183067321777e-01
5.058165788650512695e-01
3.661219477653503418e-01
2.615751922130584717e-01
6.808143854141235352e-01
2.740436792373657227e-01
-3.576818108558654785e-02
4.601891934871673584e-01
2.277869284152984619e-01
4.108259379863739014e-01
-1.054182499647140503e-01
7.640013843774795532e-02
2.618684470653533936e-01
-2.483948469161987305e-01
-6.292176842689514160e-01
-1.881410926580429077e-01
2.907546237111091614e-02
-7.011337876319885254e-01
-2.917212247848510742e-01
1.683416068553924561e-01
-1.721751838922500610e-01
2.486950010061264038e-01
-3.088492751121520996e-01
3.753854632377624512e-01
-2.917398512363433838e-01
-5.771875381469726562e-01
-1.195655912160873413e-01
4.118304848670959473e-01
3.563470244407653809e-01
8.734802156686782837e-02
8.159453421831130981e-02
-5.323927849531173706e-02
1.266742348670959473e-01
4.389613270759582520e-01
3.432269692420959473e-01
-5.790942311286926270e-01
7.171252369880676270e-01
5.437405109405517578e-01
1.304729729890823364e-01
-1.009064435958862305e+00
-2.016787528991699219e-01
1.452562166377902031e-03
6.720653921365737915e-02
3.206354677677154541e-01
1.338323473930358887e+00
3.794769570231437683e-02
8.046510219573974609e-01
3.081452548503875732e-01
-4.198790490627288818e-01
8.218657970428466797e-01
2.094372034072875977e+00
2.284017562866210938e+00
-1.089957237243652344e+00
-5.710751414299011230e-01
-2.560148537158966064e-01
-2.196557372808456421e-01
-8.359552025794982910e-01
-8.639643788337707520e-01
-4.935016632080078125e-01
-6.176776885986328125e-01
-7.036231756210327148e-01
-8.104712963104248047e-01
4.548735618591308594e-01
1.719258427619934082e-01
4.219205677509307861e-01
-8.774076402187347412e-02
2.782611846923828125e-01
1.875464022159576416e-01
-4.842194318771362305e-01
3.432912230491638184e-01
7.309038192033767700e-02
5.755546689033508301e-02
7.459453940391540527e-01
6.251801252365112305e-01
3.385661169886589050e-02
-3.131115138530731201e-01
-3.281846642494201660e-01
3.962509334087371826e-01
-1.336089372634887695e-01
2.758347094058990479e-01
-1.125790774822235107e-01
3.943500518798828125e-01
5.679334998130798340e-01
4.450648128986358643e-01
2.166591882705688477e-01
-5.457778573036193848e-01
9.991005063056945801e-02
1.424042433500289917e-01
-5.786057114601135254e-01
-2.685065753757953644e-02
-6.297788769006729126e-02
-4.230926334857940674e-01
3.158096969127655029e-01
-3.457944095134735107e-01
3.951943293213844299e-02
-2.365600615739822388e-01
-2.163956016302108765e-01
5.733409523963928223e-01
1.384742707014083862e-01
5.454341769218444824e-01
1.996410191059112549e-01
1.735434532165527344e-01
4.556571245193481445e-01
1.651768386363983154e-01
-5.058366805315017700e-02
4.248063638806343079e-02
-3.405582904815673828e-01
4.588657990097999573e-02
-2.446544319391250610e-01
-7.824651002883911133e-01
-2.730814814567565918e-01
2.316587865352630615e-01
-1.543191522359848022e-01
4.093304276466369629e-01
-7.689713500440120697e-03
-5.499652624130249023e-01
3.063653409481048584e-01
-1.196404322981834412e-01
4.415029659867286682e-02
3.578851222991943359e-01
1.943496763706207275e-01
3.789287507534027100e-01
-3.600130081176757812e-01
-9.083122014999389648e-03
-1.593237966299057007e-01
-1.226031705737113953e-01
-1.021450161933898926e-01
-5.266625285148620605e-01
5.033259987831115723e-01
-2.762097716331481934e-01
4.347713887691497803e-01
-2.618567943572998047e-01
2.467059344053268433e-02
2.858946025371551514e-01
3.331533819437026978e-02
-4.095694050192832947e-02
1.447126269340515137e-01
1.146677136421203613e-01
-3.451993316411972046e-02
4.998886585235595703e-01
8.036620914936065674e-02
-8.002625405788421631e-02
-2.264005839824676514e-01
-8.134473562240600586e-01
-2.732193470001220703e-01
2.476184964179992676e-01
-3.867007419466972351e-02
-9.394118562340736389e-03
-1.442493796348571777e-01
-9.231273084878921509e-02
-3.584741801023483276e-02
4.576514959335327148e-01
6.585541963577270508e-01
-3.828513622283935547e-01
4.123447537422180176e-01
6.704341173171997070e-01
3.465316295623779297e-01
-1.532489359378814697e-01
-6.801915764808654785e-01
-6.780181080102920532e-02
-1.949795633554458618e-01
1.429437547922134399e-01
2.553005516529083252e-01
5.405599623918533325e-02
-4.613014459609985352e-01
-5.309294536709785461e-02
-1.809319704771041870e-01
-3.443133234977722168e-01
4.825139641761779785e-01
2.945882678031921387e-01
-6.756433248519897461e-01
4.058121740818023682e-01
1.232021689414978027e+00
8.028209209442138672e-01
3.844349086284637451e-01
2.144964635372161865e-01
6.098344922065734863e-01
3.924252092838287354e-01
-2.727861702442169189e-01
-1.109127998352050781e-01
5.840287208557128906e-01
-4.256759285926818848e-01
-4.344866275787353516e-01
-3.960326313972473145e-01
-2.659182250499725342e-01
-8.156908154487609863e-01
1.978009343147277832e-01
-1.645734608173370361e-01
-3.429071605205535889e-01
-9.926736354827880859e-03
2.943511307239532471e-01
-2.219933271408081055e-01
1.172501519322395325e-01
9.115084260702133179e-02
6.655289232730865479e-02
7.314420342445373535e-01
1.145284652709960938e+00
4.253596961498260498e-01
3.415654003620147705e-01
3.651612401008605957e-01
-2.815727293491363525e-01
1.786759495735168457e-01
4.435441792011260986e-01
2.958944737911224365e-01
1.657430827617645264e-01
-1.459028124809265137e-01
5.845317989587783813e-02
-6.640575360506772995e-03
-1.632819771766662598e-01
-4.041118621826171875e-01
-3.027688525617122650e-02
-2.876008450984954834e-01
-2.107960879802703857e-01
1.455658674240112305e-01
1.739542372524738312e-02
3.512266576290130615e-01
3.606029748916625977e-01
8.241677284240722656e-01
8.613941073417663574e-01
6.018199399113655090e-02
-1.642017215490341187e-01
4.171971380710601807e-01
-1.708062291145324707e-01
-6.784465909004211426e-01
-1.470323950052261353e-01
-1.559664160013198853e-01
-2.996389381587505341e-02
5.979703664779663086e-01
-3.199678361415863037e-01
-1.669243164360523224e-02
-1.096423506736755371e+00
-6.238012313842773438e-01
-2.560358345508575439e-01
3.989461660385131836e-01
-9.745786786079406738e-01
7.484700083732604980e-01
6.521075367927551270e-01
2.497558854520320892e-02
-3.844265043735504150e-01
7.888035774230957031e-01
1.306228041648864746e-01
2.019912481307983398e+00
7.719349861145019531e-01
7.622691988945007324e-01
1.476608663797378540e-01
-5.136110782623291016e-01
-7.298989295959472656e-01
3.240066766738891602e-01
1.387452036142349243e-01
2.865419536828994751e-02
-6.563225388526916504e-01
-9.876539111137390137e-01
-4.200959801673889160e-01
2.407982796430587769e-01
1.755850166082382202e-01
5.556445717811584473e-01
3.561372160911560059e-01
1.483027786016464233e-01
2.983119189739227295e-01
4.318644702434539795e-01
4.703167974948883057e-01
-3.705295547842979431e-02
-1.995562016963958740e-01
8.740217983722686768e-02
2.365743368864059448e-01
-5.746917724609375000e-01
-3.194586336612701416e-01
-2.760465443134307861e-01
9.317766875028610229e-02
2.377322018146514893e-01
3.913285136222839355e-01
7.410920262336730957e-01
3.091258704662322998e-01
2.908313833177089691e-02
1.126687899231910706e-01
1.141370832920074463e-02
-4.457017779350280762e-01
2.510517239570617676e-01
3.468956649303436279e-01
-3.489452600479125977e-01
3.365023434162139893e-01
-1.410751938819885254e-01
1.659624427556991577e-01
2.739592790603637695e-01
-2.319990098476409912e-01
-1.703017801046371460e-01
-3.056502342224121094e-01
1.524665951728820801e-01
2.245075851678848267e-01
-1.795554719865322113e-02
-3.573750555515289307e-01
-8.379437923431396484e-01
3.357896506786346436e-01
-3.590700030326843262e-01
5.815128237009048462e-02
-2.540286183357238770e-01
-1.958034038543701172e-01
-2.897981703281402588e-01
9.836503863334655762e-01
4.795866906642913818e-01
3.679328858852386475e-01
4.349909126758575439e-01
-2.938031218945980072e-02
5.159542560577392578e-01
1.703911870718002319e-01
3.933462202548980713e-01
1.115985512733459473e-01
3.841360807418823242e-01
2.583835721015930176e-01
1.356243528425693512e-02
-4.318322241306304932e-01
2.095562368631362915e-01
-1.702057942748069763e-02
-1.831862777471542358e-01
-6.020749807357788086e-01
-4.639573693275451660e-01
-9.989336133003234863e-02
-4.888321757316589355e-01
-2.258498668670654297e-01
-3.798351287841796875e-01
-3.951893448829650879e-01
2.581990361213684082e-01
8.865944296121597290e-02
4.099578857421875000e-01
7.197409123182296753e-02
1.310161128640174866e-02
-1.219116374850273132e-01
1.008701622486114502e-01
-3.101761043071746826e-01
1.563589125871658325e-01
-1.305315643548965454e-01
6.568077206611633301e-02
1.498764455318450928e-01
-5.085305124521255493e-02
-4.949527680873870850e-01
-4.350233376026153564e-01
4.354987666010856628e-02
1.237550020217895508e+00
1.195819616317749023e+00
7.101776599884033203e-01
-4.239213466644287109e-01
-6.470346450805664062e-01
-2.792700231075286865e-01
-3.188511729240417480e-01
-1.175280958414077759e-01
-3.343037366867065430e-01
-1.033887863159179688e-01
8.725938796997070312e-01
-3.556266427040100098e-01
-2.259218990802764893e-01
-7.436084151268005371e-01
-4.719937685877084732e-03
-9.912552312016487122e-03
4.274979829788208008e-01
9.279049187898635864e-02
5.214846730232238770e-01
-7.550554722547531128e-02
6.136649250984191895e-01
7.748705744743347168e-01
8.363058567047119141e-01
5.089860558509826660e-01
2.308750748634338379e-01
5.240158438682556152e-01
4.915471971035003662e-01
-6.462880969047546387e-02
-3.527589440345764160e-01
-3.188971281051635742e-01
7.025041431188583374e-02
1.110066659748554230e-02
2.326873093843460083e-01
-2.608962357044219971e-01
2.096464931964874268e-01
2.778920829296112061e-01
7.169656157493591309e-01
2.470714300870895386e-01
-5.605746507644653320e-01
-1.295386403799057007e-01
4.855526685714721680e-01
-5.518020391464233398e-01
-5.536528229713439941e-01
-1.121425032615661621e+00
-2.359549999237060547e-01
4.837777838110923767e-02
-1.585816033184528351e-02
1.386845409870147705e-01
2.035908587276935577e-02
6.773632168769836426e-01
8.708423972129821777e-01
3.731977939605712891e-01
8.971277624368667603e-02
-1.343267410993576050e-01
4.256359934806823730e-01
-7.124416530132293701e-02
-1.957076787948608398e-01
-3.987425938248634338e-03
4.343706071376800537e-01
-2.718169391155242920e-01
3.747833520174026489e-02
3.202469050884246826e-01
2.475165277719497681e-01
5.517045259475708008e-01
2.628070069476962090e-03
1.155828777700662613e-02
-4.653076827526092529e-01
-2.485046088695526123e-01
3.851240277290344238e-01
-1.792162656784057617e-01
-1.575411111116409302e-01
-1.736501902341842651e-01
5.175147578120231628e-02
-2.845764160156250000e-02
-4.019738435745239258e-01
-4.177238345146179199e-01
3.374765813350677490e-01
6.777805089950561523e-01
-1.663902960717678070e-02
2.953887879848480225e-01
-1.280737072229385376e-01
1.642191261053085327e-01
1.992896646261215210e-01
-4.913147091865539551e-01
-7.274267077445983887e-01
5.949529260396957397e-02
2.150795459747314453e-01
1.810521036386489868e-01
-1.152582913637161255e-01
1.060384586453437805e-01
4.966231584548950195e-01
-1.752729713916778564e-01
-1.210492029786109924e-01
-5.821536779403686523e-01
8.669304102659225464e-02
-6.296204775571823120e-02
4.518913850188255310e-02
3.646455407142639160e-01
-5.739875435829162598e-01
1.574338912963867188e+00
6.676786541938781738e-01
5.312581062316894531e-01
-2.843535318970680237e-02
-3.372806310653686523e-01
3.656454086303710938e-01
3.340042531490325928e-01
1.565739065408706665e-01
-1.829336583614349365e-01
-4.366078414022922516e-03
6.556157469749450684e-01
1.835765540599822998e-01
4.451304376125335693e-01
3.483375906944274902e-02
-2.569321393966674805e-01
-2.090486586093902588e-01
-5.655595660209655762e-01
5.982673726975917816e-03
2.174716442823410034e-01
1.099479198455810547e-01
2.267390340566635132e-01
2.745104022324085236e-02
-1.833563297986984253e-01
-4.104047119617462158e-01
-3.849664032459259033e-01
-1.135785505175590515e-01
-6.047672629356384277e-01
-3.489474058151245117e-01
-4.445035755634307861e-01
