4.773814380168914795e-01
-6.941643357276916504e-01
5.061608552932739258e-01
2.845900058746337891e-01
5.032970905303955078e-01
3.039040565490722656e-01
-1.728931814432144165e-01
-1.480308771133422852e+00
-2.053314298391342163e-01
1.201675295829772949e+00
2.479732930660247803e-01
-3.780117332935333252e-01
1.102652788162231445e+00
5.531237721443176270e-01
3.763778805732727051e-01
2.953587472438812256e-01
2.328648418188095093e-01
2.144486606121063232e-01
-2.015375375747680664e+00
-3.335703909397125244e-02
4.620449542999267578e-01
-1.152149736881256104e-01
-2.339699745178222656e+00
-1.289058774709701538e-01
1.407104372978210449e+00
8.056204319000244141e-01
8.807500600814819336e-01
-2.555615603923797607e-01
4.299480915069580078e-01
-2.009866714477539062e+00
-7.514424324035644531e-01
-6.229259967803955078e-01
3.055970072746276855e-01
-1.583238363265991211e+00
-5.561009049415588379e-02
6.569212079048156738e-01
7.361381053924560547e-01
9.156698584556579590e-01
-1.999640226364135742e+00
6.057922840118408203e-01
6.900489926338195801e-01
8.825488090515136719e-01
1.221958875656127930e+00
3.665949404239654541e-01
6.919243931770324707e-01
2.883630059659481049e-02
-1.578522175550460815e-01
-1.294603109359741211e+00
7.639535069465637207e-01
-9.781070351600646973e-01
-2.088002920150756836e+00
-1.145576834678649902e+00
-2.024342417716979980e-01
1.259823918342590332e+00
1.906749606132507324e-01
-8.540716022253036499e-03
-2.988987267017364502e-01
1.348158270120620728e-01
4.285507500171661377e-01
-3.144463062286376953e+00
-2.485579848289489746e-01
2.124896496534347534e-01
-2.228607654571533203e+00
6.854049563407897949e-01
2.162113666534423828e+00
1.878179550170898438e+00
5.695472955703735352e-01
-1.448785066604614258e-01
3.550655543804168701e-01
-5.296104550361633301e-01
-2.109019279479980469e+00
-8.573184013366699219e-01
2.018011331558227539e+00
-8.311731219291687012e-01
9.005348086357116699e-01
3.622385561466217041e-01
-3.349038362503051758e-01
8.663607835769653320e-01
1.391659379005432129e+00
1.090002775192260742e+00
2.399458289146423340e-01
5.667192339897155762e-01
1.140542677603662014e-03
-4.307231605052947998e-01
-3.975698947906494141e-01
-9.837920069694519043e-01
1.507169723510742188e+00
-3.423261046409606934e-01
-2.165978431701660156e+00
-9.020302891731262207e-01
9.827399849891662598e-01
-4.349951744079589844e-01
4.708611592650413513e-02
8.143127709627151489e-02
-5.619466900825500488e-01
1.747984170913696289e+00
7.173467278480529785e-01
1.053353667259216309e+00
1.171641945838928223e-01
-1.792692780494689941e+00
-3.550485968589782715e-01
6.567032933235168457e-01
6.596795320510864258e-01
-1.125274896621704102e+00
1.925271272659301758e+00
1.919207096099853516e+00
7.205621004104614258e-01
9.284210205078125000e-01
4.605138599872589111e-01
2.512780427932739258e-01
-1.582274794578552246e+00
2.683512270450592041e-01
1.010035872459411621e+00
4.795852005481719971e-01
9.281287193298339844e-01
1.828487873077392578e+00
-6.826988458633422852e-01
5.168158411979675293e-01
7.541598081588745117e-01
-2.211311578750610352e+00
-2.918967604637145996e-01
-3.718752861022949219e-01
4.309093952178955078e-01
-1.020915269851684570e+00
1.950686722993850708e-01
1.928136050701141357e-01
-2.040980100631713867e+00
-5.297471284866333008e-01
-1.204749226570129395e+00
-2.636528313159942627e-01
6.715605854988098145e-01
3.477645218372344971e-01
-1.604890525341033936e-01
-2.195950269699096680e+00
-9.806583523750305176e-01
-9.578999876976013184e-01
-5.466638803482055664e-01
-3.109714984893798828e-01
6.202864050865173340e-01
4.248092323541641235e-02
-3.408318042755126953e+00
-1.090770363807678223e+00
-1.019697189331054688e+00
-5.870218276977539062e-01
-1.134035065770149231e-01
-1.933932185173034668e+00
-6.203597784042358398e-01
1.133653640747070312e+00
-2.056057453155517578e-01
-4.384244084358215332e-01
8.094053268432617188e-01
-1.699628829956054688e-01
-7.748806476593017578e-01
-2.142926454544067383e+00
-6.300567388534545898e-01
1.748697757720947266e+00
-2.112882286310195923e-01
-7.867161035537719727e-01
-5.722840875387191772e-02
-1.881184458732604980e+00
-1.404236555099487305e+00
-6.543092131614685059e-01
1.200602531433105469e+00
-9.685559570789337158e-02
-3.669673502445220947e-01
6.565031409263610840e-01
-6.751222163438796997e-02
-2.681830406188964844e+00
-1.502876281738281250e+00
-1.030503392219543457e+00
1.181085824966430664e+00
-5.680835843086242676e-01
-9.740787148475646973e-01
4.588072597980499268e-01
-3.706506639719009399e-02
-3.285610914230346680e+00
-7.385931015014648438e-01
1.605810642242431641e+00
-6.114101409912109375e-01
2.818223647773265839e-02
-1.638976931571960449e-01
1.148002892732620239e-01
4.769676625728607178e-01
1.307736992835998535e+00
2.523105144500732422e+00
1.420268058776855469e+00
6.088768243789672852e-01
1.063747406005859375e+00
2.760743200778961182e-01
-6.876519918441772461e-01
1.212294697761535645e+00
1.051532268524169922e+00
-2.481564134359359741e-01
1.086525559425354004e+00
-1.344515979290008545e-01
-1.212146282196044922e+00
-1.183025717735290527e+00
-8.324958086013793945e-01
1.972797155380249023e+00
9.072668552398681641e-01
1.473023295402526855e+00
-6.415054202079772949e-01
-1.079332351684570312e+00
-1.573908090591430664e+00
-1.529547870159149170e-01
1.035422205924987793e+00
8.320791721343994141e-01
3.459481894969940186e-01
6.480811238288879395e-01
-1.246645376086235046e-01
-1.228743314743041992e+00
-1.938503086566925049e-01
7.437469959259033203e-01
2.083976417779922485e-01
-2.446103096008300781e+00
2.534745037555694580e-01
-3.030300140380859375e-01
2.101113498210906982e-01
5.970616340637207031e-01
6.566438674926757812e-01
5.540380477905273438e-01
5.433197021484375000e-01
-1.166552305221557617e-01
-1.280407547950744629e+00
6.593682616949081421e-02
9.405059218406677246e-01
-3.600813448429107666e-01
-3.764912128448486328e+00
-8.346652388572692871e-01
1.156904339790344238e+00
-2.550408124923706055e+00
-4.641738235950469971e-01
-8.927258104085922241e-02
-1.120293140411376953e+00
-9.637472033500671387e-01
-2.101558744907379150e-01
8.667877316474914551e-01
6.383383870124816895e-01
3.363691568374633789e-01
5.787857174873352051e-01
1.586178988218307495e-01
-4.604997113347053528e-02
-1.845077753067016602e+00
-1.851720511913299561e-01
1.286903142929077148e+00
6.415498256683349609e-01
1.931279301643371582e-01
1.387351751327514648e-01
3.925572931766510010e-01
-4.934635162353515625e-01
-1.753136634826660156e+00
4.895742237567901611e-01
1.125694990158081055e+00
9.459895491600036621e-01
9.657505154609680176e-01
2.384182959794998169e-01
-9.169210195541381836e-01
3.075608909130096436e-01
7.456617802381515503e-02
6.143388152122497559e-02
-6.968376636505126953e-01
-3.179441690444946289e-01
-1.040182948112487793e+00
-6.680912971496582031e-01
1.007929086685180664e+00
-9.715921282768249512e-01
-2.172619581222534180e+00
-9.418390989303588867e-01
1.317363739013671875e+00
-2.755115926265716553e-01
-4.476340115070343018e-01
-2.653166532516479492e+00
-8.771767616271972656e-01
1.082400083541870117e+00
-1.877148151397705078e+00
-1.305416345596313477e+00
-1.569566726684570312e+00
-6.953082680702209473e-01
1.006596446037292480e+00
1.061115264892578125e-01
-2.087284028530120850e-01
2.710497379302978516e-01
-2.977796316146850586e+00
-7.433612346649169922e-01
-8.039341568946838379e-01
1.687903404235839844e+00
1.799842834472656250e+00
1.216411709785461426e+00
1.082325577735900879e+00
1.422888934612274170e-01
-1.732643991708755493e-01
-7.992017269134521484e-01
-1.730481535196304321e-01
-2.322872281074523926e-01
-6.224091649055480957e-01
-9.017872810363769531e-01
1.767562627792358398e+00
7.648088932037353516e-01
4.838223457336425781e-01
-3.228991329669952393e-01
4.381415843963623047e-01
6.141995191574096680e-01
1.311660051345825195e+00
7.472139596939086914e-01
-3.067233324050903320e+00
-2.887267470359802246e-01
-2.594557106494903564e-01
-5.081909298896789551e-01
-3.989992439746856689e-01
-2.816908597946166992e+00
-1.614544510841369629e+00
-1.045559406280517578e+00
1.932626485824584961e+00
-2.074268162250518799e-01
-1.604425787925720215e+00
-3.036245703697204590e-01
9.028700590133666992e-01
-1.482638530433177948e-02
-4.027003347873687744e-01
-3.853227198123931885e-02
-1.180040836334228516e+00
1.438891649246215820e+00
5.832807421684265137e-01
6.300473958253860474e-02
1.123522639274597168e+00
7.029821276664733887e-01
4.032987952232360840e-01
2.106085538864135742e+00
1.386480212211608887e+00
1.443490862846374512e+00
1.356796026229858398e+00
4.782400429248809814e-01
1.731288552284240723e+00
1.116142630577087402e+00
-1.466879487037658691e+00
8.932497501373291016e-01
-2.569620311260223389e-01
2.360687777400016785e-02
5.090250372886657715e-01
-7.834883332252502441e-01
-1.667117476463317871e-01
1.850758194923400879e+00
-3.017309866845607758e-02
-4.321025013923645020e-01
4.661110937595367432e-01
-4.281022548675537109e-01
-3.410637676715850830e-01
-2.381962776184082031e+00
-1.971799373626708984e+00
-8.694593906402587891e-01
2.000346183776855469e+00
-1.106434985995292664e-01
-4.949758946895599365e-01
3.678092956542968750e-01
7.014287263154983521e-02
-1.797170639038085938e+00
2.968262322247028351e-02
7.363296151161193848e-01
-6.300141215324401855e-01
-2.460071802139282227e+00
-6.513742208480834961e-01
2.201857805252075195e+00
9.717769026756286621e-01
8.893544673919677734e-01
5.502336621284484863e-01
3.190246522426605225e-01
-2.688163220882415771e-01
1.402677446603775024e-01
9.324753880500793457e-01
-3.137436628341674805e+00
-3.263217508792877197e-01
-3.242961689829826355e-02
5.862033367156982422e-01
6.142113804817199707e-01
2.431500405073165894e-01
-1.506686329841613770e+00
-2.317702054977416992e+00
-2.510996580123901367e+00
-9.813634753227233887e-01
1.397565007209777832e+00
-4.615883231163024902e-01
-1.141953825950622559e+00
-3.559534549713134766e-01
8.795855641365051270e-01
5.620691776275634766e-01
-8.418020009994506836e-01
4.873801171779632568e-01
-2.490591526031494141e+00
-3.034840524196624756e-01
1.403085350990295410e+00
3.163509964942932129e-01
7.807053923606872559e-01
-9.610952734947204590e-01
1.457285881042480469e+00
6.233220696449279785e-01
-5.734617114067077637e-01
1.369442343711853027e+00
5.090267062187194824e-01
-8.314194679260253906e-01
1.028029084205627441e+00
7.218120694160461426e-01
-3.999862372875213623e-01
9.234109520912170410e-01
-1.034845560789108276e-01
-1.356664538383483887e+00
1.984904408454895020e+00
-4.819712638854980469e-01
-5.358324050903320312e-01
9.774177521467208862e-02
-2.040362596511840820e+00
-4.917255938053131104e-01
-7.604900002479553223e-01
3.660657405853271484e-01
2.987001836299896240e-01
1.383642196655273438e+00
4.854100048542022705e-01
-2.114217042922973633e+00
4.118661954998970032e-02
-2.032437920570373535e-01
-1.901288777589797974e-01
5.407106280326843262e-01
-7.861547470092773438e-01
1.731686472892761230e+00
-2.119994312524795532e-01
-2.039513826370239258e+00
-8.973648548126220703e-01
7.160285115242004395e-01
-9.390277862548828125e-01
-3.458024024963378906e+00
-1.743199706077575684e+00
-1.749045252799987793e+00
-4.214528203010559082e-01
1.105607628822326660e+00
1.424305588006973267e-01
8.673360943794250488e-01
-5.841362476348876953e-01
6.497913002967834473e-01
-6.861823797225952148e-01
8.470370173454284668e-01
4.949575364589691162e-01
4.157781004905700684e-01
2.327860742807388306e-01
4.867624044418334961e-01
3.013639524579048157e-02
-8.823993802070617676e-02
2.079231262207031250e+00
1.109450221061706543e+00
1.257909059524536133e+00
1.993700563907623291e-01
8.013471364974975586e-01
2.188476324081420898e-01
-1.816510558128356934e+00
-3.954633474349975586e-01
1.295301437377929688e+00
3.532509207725524902e-01
-9.717995524406433105e-01
-2.306834608316421509e-02
-1.758350968360900879e+00
-8.629459738731384277e-01
-1.799625605344772339e-01
4.605035856366157532e-02
6.440351009368896484e-01
5.571707487106323242e-01
3.640798926353454590e-01
-2.823596239089965820e+00
-5.866639614105224609e-01
1.144559383392333984e+00
-5.536555051803588867e-01
-1.435049772262573242e+00
-4.734997451305389404e-01
1.614996075630187988e+00
1.156868562102317810e-01
1.338976502418518066e+00
3.886479139328002930e-01
-3.369760513305664062e-01
4.904690757393836975e-02
1.649508625268936157e-01
1.820075511932373047e+00
1.543899297714233398e+00
4.315570592880249023e-01
-2.527318298816680908e-01
1.515141725540161133e+00
8.686902523040771484e-01
9.032387137413024902e-01
1.118546485900878906e+00
6.587153077125549316e-01
1.376309156417846680e+00
8.812910318374633789e-01
1.575531601905822754e+00
9.359005838632583618e-02
-8.359720706939697266e-01
9.445899724960327148e-01
1.129210829734802246e+00
6.520980000495910645e-01
-3.101000308990478516e+00
-1.214245259761810303e-01
1.442015886306762695e+00
-9.276677370071411133e-01
-9.368903934955596924e-02
4.440816640853881836e-01
2.823597788810729980e-01
-2.892675697803497314e-01
-3.309872001409530640e-02
5.412415042519569397e-02
7.323681116104125977e-01
8.562918901443481445e-01
-1.210840344429016113e+00
2.385190486907958984e+00
3.792099952697753906e-01
-6.570743322372436523e-01
1.501752853393554688e+00
8.080725073814392090e-01
1.391707181930541992e+00
