-5.109326243400573730e-01
-5.126590281724929810e-02
-5.968673229217529297e-01
3.223191499710083008e-01
2.021008282899856567e-01
-3.621976375579833984e-01
-2.537163794040679932e-01
1.149514466524124146e-01
-4.360738396644592285e-01
-9.791643619537353516e-01
3.271672129631042480e-01
1.646288484334945679e-01
2.812775671482086182e-01
4.466690719127655029e-01
-3.364711105823516846e-01
1.903712391853332520e+00
1.068950891494750977e+00
-1.339693516492843628e-01
4.338446557521820068e-01
6.297540664672851562e-01
-2.199449688196182251e-01
8.603003025054931641e-01
-5.547871589660644531e-01
-4.365204870700836182e-01
-1.892841607332229614e-01
-1.083777070045471191e+00
-4.982289373874664307e-01
-8.918269872665405273e-01
2.076837420463562012e-01
-2.705983221530914307e-01
1.006362661719322205e-01
-1.475703865289688110e-01
4.279657602310180664e-01
-9.194988012313842773e-01
6.343381404876708984e-01
-8.594658374786376953e-01
4.035261273384094238e-02
3.217172026634216309e-01
4.077118933200836182e-01
8.324608802795410156e-01
2.503527700901031494e-01
9.238255769014358521e-02
2.475657939910888672e+00
6.317251324653625488e-01
8.698489665985107422e-01
-1.075482070446014404e-01
-4.547438025474548340e-01
1.299937665462493896e-01
2.162974476814270020e-01
-2.851446866989135742e-01
-1.751074194908142090e-01
-6.480065584182739258e-01
-2.903813123703002930e-01
-7.242448925971984863e-01
3.006885573267936707e-02
5.666110515594482422e-01
3.163293898105621338e-01
-5.661023855209350586e-01
-9.688257575035095215e-01
-6.473332643508911133e-01
-9.169126152992248535e-01
-2.132487297058105469e-01
2.284927219152450562e-01
-7.326553016901016235e-02
2.623558342456817627e-01
-1.058549284934997559e+00
-3.233680427074432373e-01
4.290882050991058350e-01
1.997759103775024414e+00
1.494847178459167480e+00
8.086047172546386719e-01
1.928921788930892944e-01
-1.701846122741699219e-01
2.368703335523605347e-01
-3.298645317554473877e-01
4.723451137542724609e-01
3.947315812110900879e-01
1.526629626750946045e-01
-7.598192691802978516e-01
-9.418681263923645020e-01
-3.281433582305908203e-01
-3.266968727111816406e-01
-1.344878524541854858e-01
-2.380186915397644043e-01
-2.168478518724441528e-01
1.259229034185409546e-01
-1.030419617891311646e-01
8.245915174484252930e-01
1.036574363708496094e+00
9.280790686607360840e-01
7.552040815353393555e-01
1.223076432943344116e-01
-8.341025114059448242e-01
6.658238917589187622e-02
-4.746686220169067383e-01
-8.103038668632507324e-01
-7.115961909294128418e-01
-4.530544281005859375e-01
-1.344762593507766724e-01
7.634912133216857910e-01
4.362365007400512695e-01
-7.672137022018432617e-01
-2.453475594520568848e-01
1.191217750310897827e-01
-9.168891906738281250e-01
4.462350010871887207e-01
-1.399633437395095825e-01
9.823920577764511108e-02
4.840693771839141846e-01
-4.600892364978790283e-01
-4.229090511798858643e-01
3.297891914844512939e-01
-2.420876622200012207e-01
-4.888490438461303711e-01
-1.947642117738723755e-01
-8.317431807518005371e-01
2.142791748046875000e+00
4.697469472885131836e-01
7.461332082748413086e-01
2.273987084627151489e-01
3.346538543701171875e-01
-3.108828663825988770e-01
-3.709869980812072754e-01
-1.177577078342437744e-01
4.601610302925109863e-01
6.148843467235565186e-02
-3.521049022674560547e-01
4.213346838951110840e-01
-1.331384658813476562e+00
1.050447225570678711e+00
-4.500333070755004883e-01
2.550990581512451172e-01
-1.285797476768493652e+00
1.229655861854553223e+00
9.311822652816772461e-01
-2.018742263317108154e-01
6.152952909469604492e-01
3.204515278339385986e-01
-3.107066154479980469e-01
6.032623648643493652e-01
-8.041870594024658203e-01
-7.958698868751525879e-01
-7.301107794046401978e-02
-6.536839008331298828e-01
3.779432550072669983e-02
-4.592506885528564453e-01
-5.086748600006103516e-01
-4.567906260490417480e-01
-4.099000096321105957e-01
4.683682620525360107e-01
1.595352888107299805e+00
6.331129670143127441e-01
5.420811772346496582e-01
-9.006071686744689941e-01
3.704352676868438721e-01
-7.230136543512344360e-02
4.690801799297332764e-01
2.199645638465881348e-01
3.642064034938812256e-01
-2.464130520820617676e-01
5.021378993988037109e-01
-3.273877874016761780e-02
-3.387944102287292480e-01
-8.270645141601562500e-01
-2.405671626329421997e-01
-4.658493995666503906e-01
4.607134759426116943e-01
6.880887150764465332e-01
2.926412820816040039e-01
-4.041755199432373047e-02
-2.274138927459716797e-01
-4.990285933017730713e-01
2.914835512638092041e-01
-5.091996118426322937e-02
-3.932916522026062012e-01
-2.959077656269073486e-01
3.399478793144226074e-01
4.981193244457244873e-01
-2.266535609960556030e-01
-1.245948448777198792e-01
-4.990127682685852051e-01
1.458787322044372559e-01
-3.538327217102050781e-01
-7.584672421216964722e-02
3.385599330067634583e-02
6.712514162063598633e-02
-1.605045497417449951e-01
-9.581851959228515625e-01
-3.573948144912719727e-02
1.354469656944274902e-01
3.006280362606048584e-01
-8.580902218818664551e-02
4.501291215419769287e-01
6.899986267089843750e-01
1.645400166511535645e+00
5.809963941574096680e-01
7.305852770805358887e-01
-3.342454135417938232e-01
2.568865418434143066e-01
-3.088150322437286377e-01
-8.922994732856750488e-01
2.769913375377655029e-01
-2.632483839988708496e-01
-2.706613540649414062e-01
-8.289831280708312988e-01
-8.167170882225036621e-01
-3.052414655685424805e-01
-7.816671393811702728e-03
4.078657031059265137e-01
5.828625559806823730e-01
-4.925166666507720947e-01
3.158559501171112061e-01
-9.369275569915771484e-01
-5.584665536880493164e-01
2.773059010505676270e-01
3.564362227916717529e-02
-5.345550924539566040e-02
1.423241198062896729e-01
5.200495123863220215e-01
-5.158493667840957642e-02
1.035501599311828613e+00
1.418000459671020508e+00
5.031268000602722168e-01
5.003026127815246582e-01
-1.171226650476455688e-01
-5.475490167737007141e-02
-4.872145950794219971e-01
1.939800679683685303e-01
-1.501281976699829102e+00
1.479233503341674805e-01
-1.006050407886505127e-01
-3.536689281463623047e-02
-2.945418655872344971e-01
-1.639919579029083252e-01
3.410814106464385986e-01
7.147997617721557617e-01
-3.414042890071868896e-01
-2.274278998374938965e-01
1.547699123620986938e-01
-3.145518302917480469e-01
5.568443536758422852e-01
-3.998399078845977783e-01
6.630268096923828125e-01
-6.682882905006408691e-01
1.764860600233078003e-01
-2.326133102178573608e-01
1.082331418991088867e+00
-8.396703749895095825e-03
1.410198688507080078e+00
6.786572933197021484e-02
3.153810501098632812e-01
-1.282368749380111694e-01
4.328643083572387695e-01
2.291899919509887695e-01
1.785857826471328735e-01
-1.862117201089859009e-01
-5.631473064422607422e-01
-7.152481675148010254e-01
-2.026301026344299316e-01
-1.770216226577758789e-01
-4.928843975067138672e-01
1.609823107719421387e+00
7.670027613639831543e-01
5.073865652084350586e-01
5.422697663307189941e-01
3.541603684425354004e-01
3.257235586643218994e-01
-8.954245597124099731e-02
1.266991943120956421e-01
6.426657736301422119e-02
-8.511549234390258789e-01
-6.506106257438659668e-01
2.933670580387115479e-02
-1.012509316205978394e-01
-3.341334462165832520e-01
-1.208414509892463684e-01
-7.463241461664438248e-03
-1.955706328153610229e-01
-7.536136507987976074e-01
-7.449385523796081543e-01
-7.776388525962829590e-02
-3.154009208083152771e-02
3.879086077213287354e-01
-3.796821236610412598e-01
2.094711363315582275e-01
-2.435223460197448730e-01
3.488312363624572754e-01
-5.019133090972900391e-01
2.702958583831787109e-01
5.735433101654052734e-01
2.503468096256256104e-01
4.712884426116943359e-01
3.962441980838775635e-01
1.270841658115386963e-01
-7.436770200729370117e-02
2.095703840255737305e+00
6.711183190345764160e-01
2.019253671169281006e-01
-6.309518218040466309e-01
-1.005725637078285217e-01
-5.290616750717163086e-01
6.876268386840820312e-01
2.153026610612869263e-01
2.761844992637634277e-01
-3.126699328422546387e-01
5.373913645744323730e-01
-1.172346711158752441e+00
7.421187311410903931e-02
-4.291729032993316650e-01
-1.684828698635101318e-01
-8.782927989959716797e-01
3.033443987369537354e-01
-1.006909132003784180e+00
-6.316063404083251953e-01
-6.243435740470886230e-01
8.620592355728149414e-01
2.819135487079620361e-01
-9.729575365781784058e-02
4.872350394725799561e-01
-1.079522296786308289e-01
3.219846189022064209e-01
4.385536611080169678e-01
-3.737184777855873108e-02
2.857964634895324707e-01
1.832343459129333496e+00
9.374952316284179688e-01
3.069486916065216064e-01
-2.049383670091629028e-01
2.413632124662399292e-01
-5.860025882720947266e-01
8.291078805923461914e-01
-2.327304333448410034e-01
1.623401343822479248e-01
-1.091120719909667969e+00
-3.429141044616699219e-01
9.766296744346618652e-01
3.402687907218933105e-01
-3.238594233989715576e-01
-5.514823198318481445e-01
-1.328553706407546997e-01
-8.284150958061218262e-01
-9.058855473995208740e-02
5.026413798332214355e-01
-6.075626015663146973e-01
-1.847115159034729004e-01
4.770120680332183838e-01
-4.472050368785858154e-01
-8.690553903579711914e-01
2.748878598213195801e-01
8.986114263534545898e-01
3.477309942245483398e-01
-1.993218064308166504e-01
1.484230756759643555e-01
-3.216948211193084717e-01
-5.345791578292846680e-03
-2.244981229305267334e-01
6.881002187728881836e-01
-4.866356849670410156e-01
1.691106110811233521e-01
-5.959403887391090393e-02
-2.622872591018676758e-01
-7.242640852928161621e-01
3.246718347072601318e-01
3.761936128139495850e-01
-2.858994603157043457e-01
2.375703334808349609e+00
3.676462471485137939e-01
3.067789673805236816e-01
5.228134989738464355e-01
6.647818088531494141e-01
4.552043974399566650e-03
1.610503345727920532e-02
2.418438903987407684e-02
-1.055076360702514648e+00
-1.039472818374633789e+00
-6.693481802940368652e-01
7.272012531757354736e-02
-4.466578066349029541e-01
1.226944942027330399e-02
-8.263459205627441406e-01
-2.529744803905487061e-02
-9.067706465721130371e-01
-3.280894756317138672e-01
-1.006553292274475098e+00
1.593244224786758423e-01
2.427212893962860107e-01
-8.935059607028961182e-02
8.990556001663208008e-03
-3.097761869430541992e-01
1.272348910570144653e-01
5.915528908371925354e-02
1.088968634605407715e+00
3.041718304157257080e-01
6.825807690620422363e-01
1.745134711265563965e+00
3.741093873977661133e-01
7.753882408142089844e-01
-9.305411577224731445e-01
9.256241917610168457e-01
-9.940520524978637695e-01
6.689879894256591797e-01
-2.177810966968536377e-01
8.577834814786911011e-02
-6.109358072280883789e-01
1.469510942697525024e-01
-7.969518005847930908e-02
5.522091388702392578e-01
-3.905788660049438477e-01
-2.715328931808471680e-01
1.193969488143920898e+00
-1.145594000816345215e+00
-9.081584215164184570e-02
4.225836992263793945e-01
-4.800343811511993408e-01
1.027493953704833984e+00
-4.689220488071441650e-01
6.387872099876403809e-01
6.941453218460083008e-01
6.039726734161376953e-01
-8.381505012512207031e-01
3.648211061954498291e-01
-8.574507199227809906e-03
8.758187294006347656e-02
-2.284877300262451172e-01
-3.840570449829101562e-01
-7.480109930038452148e-01
9.024540185928344727e-01
-6.090510487556457520e-01
-7.152584195137023926e-01
2.246109843254089355e-01
-2.591777145862579346e-01
3.609392791986465454e-02
-5.531390309333801270e-01
3.264836370944976807e-01
2.096565723419189453e+00
2.209667682647705078e+00
-7.116673141717910767e-02
8.623117804527282715e-01
-3.897597193717956543e-01
-2.392993569374084473e-01
-1.178253054618835449e+00
-2.378968745470046997e-01
3.189817667007446289e-01
2.524843811988830566e-01
-7.111715674400329590e-01
3.837797343730926514e-01
-2.458252310752868652e-01
2.876383997499942780e-02
-3.363883793354034424e-01
1.452749371528625488e-01
-4.694117903709411621e-01
-1.054156184196472168e+00
3.719275444746017456e-02
1.084087342023849487e-01
1.386658474802970886e-02
-9.171196818351745605e-02
4.679128229618072510e-01
3.946482241153717041e-01
-1.512484908103942871e+00
-1.985068917274475098e-01
-2.066914588212966919e-01
2.284305334091186523e+00
4.233715832233428955e-01
9.843457937240600586e-01
9.492302536964416504e-01
-5.033164024353027344e-01
3.049272298812866211e-02
-1.072255849838256836e+00
1.838202953338623047e+00
-2.791567146778106689e-01
3.840728402137756348e-01
-3.679140210151672363e-01
-5.642321705818176270e-01
-1.075297668576240540e-01
7.044045925140380859e-01
4.010927379131317139e-01
1.742630898952484131e-01
-9.408848881721496582e-01
-6.430823802947998047e-01
-5.320422649383544922e-01
-2.262980192899703979e-01
-5.158911943435668945e-01
-4.399273991584777832e-01
-2.213068902492523193e-01
-1.061692759394645691e-01
-2.315780669450759888e-01
3.967339694499969482e-01
2.065254002809524536e-01
1.673786789178848267e-01
-1.118287086486816406e+00
2.962930798530578613e-01
1.115087345242500305e-01
-1.670037657022476196e-01
3.934316337108612061e-01
-5.082174539566040039e-01
9.603117704391479492e-01
-5.944087505340576172e-01
2.099736452102661133e+00
7.241311669349670410e-01
3.597407639026641846e-01
9.206749796867370605e-01
5.890218019485473633e-01
-9.272332787513732910e-01
4.270365536212921143e-01
-2.039201557636260986e-01
-8.029783368110656738e-01
-4.397411048412322998e-01
-1.966651529073715210e-01
3.880615904927253723e-02
-3.999177813529968262e-01
-3.436281979084014893e-01
-6.814438700675964355e-01
9.507315605878829956e-02
