7.356135845184326172e-01
-2.661834955215454102e-01
8.245010375976562500e-01
4.160062670707702637e-01
2.430844902992248535e-01
-1.415781378746032715e-01
-3.584478050470352173e-02
-2.087020277976989746e-01
-2.828310728073120117e-01
-1.583488136529922485e-01
3.506896793842315674e-01
-2.322909832000732422e-01
-1.526922136545181274e-01
-3.707917630672454834e-01
3.221740424633026123e-01
-7.892190217971801758e-01
-7.279821038246154785e-01
-5.712123513221740723e-01
-2.246481031179428101e-01
8.693753480911254883e-01
-6.847160309553146362e-02
-2.013738602399826050e-01
-4.385595619678497314e-01
-5.223827362060546875e-01
1.142617985606193542e-01
-9.501215070486068726e-02
3.698360919952392578e-01
6.948287487030029297e-01
6.932597756385803223e-01
-1.404080539941787720e-01
2.625863254070281982e-01
4.216822236776351929e-02
-3.341410756111145020e-01
-5.337998270988464355e-01
1.428146511316299438e-01
-5.181587934494018555e-01
5.034303665161132812e-01
9.815385192632675171e-02
-2.541542947292327881e-01
-7.189783453941345215e-01
-4.092513024806976318e-01
-2.074258327484130859e+00
2.467700690031051636e-01
-4.442744851112365723e-01
3.435722887516021729e-01
3.954470902681350708e-02
-3.065952658653259277e-01
-6.584540009498596191e-01
-2.786477506160736084e-01
-3.490501940250396729e-01
5.904085636138916016e-01
4.983752667903900146e-01
-4.953738451004028320e-01
1.589811444282531738e-01
1.271674036979675293e-02
3.908861279487609863e-01
-2.965339422225952148e-01
3.220541775226593018e-01
3.434942290186882019e-02
6.840001940727233887e-01
-9.192495793104171753e-02
7.147986292839050293e-01
-1.553304940462112427e-01
-3.078196644783020020e-01
-5.402013063430786133e-01
2.532941997051239014e-01
-2.121456265449523926e-01
-6.849396824836730957e-01
-5.275320410728454590e-01
-4.628256261348724365e-01
-2.132475525140762329e-01
-5.531610250473022461e-01
4.366036355495452881e-01
2.868376970291137695e-01
-7.237775325775146484e-01
-1.234567686915397644e-01
-4.260901808738708496e-01
6.070712208747863770e-01
7.087545394897460938e-01
1.945109665393829346e-01
-8.782233297824859619e-02
-5.684008449316024780e-02
-2.749685570597648621e-02
-1.143950596451759338e-02
-1.648397147655487061e-01
-3.931122124195098877e-01
-4.963998496532440186e-01
-5.835378766059875488e-01
-1.078614071011543274e-01
-2.896291017532348633e-01
-2.117863446474075317e-01
-8.909101486206054688e-01
-3.838039338588714600e-01
-2.118446677923202515e-01
-3.468625620007514954e-02
3.346277177333831787e-01
4.661553800106048584e-01
4.451541900634765625e-01
5.057790279388427734e-01
1.006342649459838867e+00
3.610310256481170654e-01
-3.968163207173347473e-02
6.222729682922363281e-01
-1.365089565515518188e-01
-4.196432530879974365e-01
-5.223954319953918457e-01
-8.862072229385375977e-01
-1.651873737573623657e-01
8.446424454450607300e-02
1.268729120492935181e-01
-2.452383488416671753e-01
-7.733742594718933105e-01
-1.770486712455749512e+00
-9.459522366523742676e-01
1.677770316600799561e-01
5.059837102890014648e-01
7.184525132179260254e-01
-2.711996734142303467e-01
-3.973197042942047119e-01
2.561891674995422363e-01
4.856210350990295410e-01
6.670320034027099609e-02
4.178764522075653076e-01
1.791476309299468994e-01
-1.819597184658050537e-01
-2.225906103849411011e-01
2.286120951175689697e-01
2.542677819728851318e-01
6.526504755020141602e-01
-1.352389901876449585e-01
-3.236226737499237061e-01
-5.489463806152343750e-01
-3.816633820533752441e-01
-2.799209356307983398e-01
-4.494561851024627686e-01
-3.611836731433868408e-01
8.128593564033508301e-01
8.073892444372177124e-02
2.865675985813140869e-01
7.094610929489135742e-01
6.965985894203186035e-01
-3.411500155925750732e-01
-1.181324005126953125e+00
-1.047174572944641113e+00
-1.282799005508422852e+00
-2.199188947677612305e+00
-9.245867729187011719e-01
-1.188864186406135559e-01
1.559975892305374146e-01
6.783908605575561523e-01
7.272585481405258179e-02
1.206536367535591125e-01
1.645017564296722412e-01
3.928525149822235107e-01
1.080387830734252930e+00
-1.168837994337081909e-01
8.767203688621520996e-01
-6.948397159576416016e-01
-1.451336026191711426e+00
-7.762599587440490723e-01
-5.076894164085388184e-01
-5.899333953857421875e-01
-4.281862378120422363e-01
3.081817328929901123e-01
2.042405605316162109e-01
9.935726970434188843e-02
5.710694789886474609e-01
7.829442024230957031e-01
8.246030807495117188e-01
9.033250808715820312e-01
7.838356494903564453e-01
-5.248420685529708862e-02
1.627024114131927490e-01
2.748717069625854492e-01
-4.856758713722229004e-01
-4.029287099838256836e-01
-1.239039376378059387e-01
-4.719888567924499512e-01
-1.060071945190429688e+00
-2.649328112602233887e-01
-1.182912707328796387e+00
-6.880338191986083984e-01
1.436046510934829712e-01
2.571372687816619873e-01
-7.507397532463073730e-01
-2.601258158683776855e-01
-6.821774840354919434e-01
-4.580894708633422852e-01
-9.792272001504898071e-02
4.750023484230041504e-01
4.530683159828186035e-01
1.483723074197769165e-01
-1.500198394060134888e-01
1.898569762706756592e-01
1.025008559226989746e-01
1.173218488693237305e-01
-5.587607622146606445e-03
7.012600451707839966e-02
6.401010751724243164e-01
3.546652570366859436e-02
5.767338350415229797e-02
3.723739981651306152e-01
-4.171001613140106201e-01
4.656012952327728271e-01
-7.941697835922241211e-01
-4.168333113193511963e-01
-5.037220939993858337e-02
2.173048853874206543e-01
9.895465523004531860e-02
-4.564233422279357910e-01
-4.446802139282226562e-01
-3.754304051399230957e-01
-5.656419992446899414e-01
-8.833303302526473999e-02
-1.165457367897033691e-01
1.280153691768646240e-01
-1.713351905345916748e-02
5.730539560317993164e-01
1.439671814441680908e-01
-3.136257529258728027e-01
-3.508406281471252441e-01
-3.004650175571441650e-01
-1.111311912536621094e-01
-9.054442495107650757e-02
-2.054810523986816406e-01
3.134836554527282715e-01
6.524868011474609375e-01
5.722795054316520691e-02
-5.231860876083374023e-01
1.237476617097854614e-02
-2.084057629108428955e-01
-2.525477111339569092e-01
-5.331898853182792664e-02
3.157242760062217712e-02
-1.251004189252853394e-01
-1.191996216773986816e+00
-1.098944067955017090e+00
-2.143668085336685181e-01
5.165890455245971680e-01
1.460186541080474854e-01
4.566288739442825317e-02
3.357415553182363510e-03
4.488914012908935547e-01
-1.967848688364028931e-01
3.175441920757293701e-01
1.664711087942123413e-01
1.851390302181243896e-02
-6.234882473945617676e-01
3.929280042648315430e-01
-5.786616206169128418e-01
-2.282710075378417969e-01
-2.024618089199066162e-01
-3.187828063964843750e-01
-1.563204824924468994e-01
-7.913210242986679077e-02
-3.285925686359405518e-01
-4.358687996864318848e-01
-3.672765493392944336e-01
-2.159069478511810303e-01
1.314299255609512329e-01
7.272371053695678711e-01
6.487908214330673218e-02
6.862750053405761719e-01
-4.506491720676422119e-01
-1.402451515197753906e+00
-1.301413059234619141e+00
-1.102484345436096191e+00
-5.627262592315673828e-01
5.065247789025306702e-02
-4.123280644416809082e-01
-2.368021607398986816e-01
2.061192393302917480e-01
2.519883811473846436e-01
-1.797681897878646851e-01
1.284533381462097168e+00
3.663761615753173828e-01
6.330287456512451172e-01
1.145398974418640137e+00
1.056023128330707550e-02
3.614692687988281250e-01
-3.890582919120788574e-02
-2.846409380435943604e-01
1.278065890073776245e-01
-7.139312624931335449e-01
1.181404739618301392e-01
-1.516575068235397339e-01
8.556938916444778442e-02
-3.026617467403411865e-01
2.439698725938796997e-01
-5.026244521141052246e-01
-5.316845178604125977e-01
-8.920927643775939941e-01
1.410701274871826172e-01
-9.156238436698913574e-01
-5.932169780135154724e-02
1.126072034239768982e-01
-2.409448847174644470e-02
-3.570157289505004883e-01
2.733423709869384766e-01
-1.530744433403015137e-01
-3.167838975787162781e-02
7.025615572929382324e-01
-3.794113993644714355e-01
-5.678430199623107910e-01
-1.979421824216842651e-01
3.094514906406402588e-01
-1.862395256757736206e-01
-1.530970633029937744e-01
-2.735627591609954834e-01
8.507422208786010742e-01
2.980675697326660156e-01
5.768461823463439941e-01
1.852886527776718140e-01
8.661377429962158203e-01
-4.868872463703155518e-01
-1.116329804062843323e-01
-6.605409383773803711e-01
-3.904320895671844482e-01
-3.334558904170989990e-01
-1.238116264343261719e+00
-7.085550576448440552e-02
-5.234821438789367676e-01
-5.994299054145812988e-01
-2.392854094505310059e-01
-3.019974231719970703e-01
-1.816679239273071289e-01
-4.927978217601776123e-01
4.394540190696716309e-01
2.490121424198150635e-01
-3.184910118579864502e-01
1.682918220758438110e-01
-2.208990603685379028e-01
7.384513020515441895e-01
1.265836060047149658e-01
7.005062103271484375e-01
9.707586467266082764e-02
-9.607262164354324341e-02
-4.663116931915283203e-01
-2.019650340080261230e-01
1.539896428585052490e-01
8.546504378318786621e-01
4.045337140560150146e-01
-5.626174211502075195e-01
-2.643673717975616455e-01
-4.064358770847320557e-01
-2.056530416011810303e-01
-2.582476437091827393e-01
-5.030466914176940918e-01
1.902426034212112427e-01
-7.131975889205932617e-01
-8.149548172950744629e-01
-3.277179002761840820e-01
-2.815957367420196533e-01
-1.426602900028228760e-01
1.146913543343544006e-01
-1.252152025699615479e-01
1.472777277231216431e-01
-2.957740128040313721e-01
-1.172394156455993652e-01
-1.665481030941009521e-01
3.396584093570709229e-01
4.761902093887329102e-01
2.399807423353195190e-01
9.643737077713012695e-01
1.111116781830787659e-01
5.613413453102111816e-01
1.407688409090042114e-01
4.150754213333129883e-01
2.327468693256378174e-01
9.097150713205337524e-02
-7.172927856445312500e-01
-6.787607073783874512e-01
-3.406432569026947021e-01
-7.315538525581359863e-01
-7.769574522972106934e-01
-2.684799432754516602e-01
1.201663762331008911e-01
-3.717457950115203857e-01
-7.822365164756774902e-01
-3.958678245544433594e-01
1.660848967730998993e-02
4.403394460678100586e-01
8.427645564079284668e-01
2.806497812271118164e-01
4.971169829368591309e-01
6.080553531646728516e-01
-6.505157798528671265e-02
6.434044241905212402e-01
2.343379110097885132e-01
-1.483904011547565460e-02
-2.796719074249267578e-01
-5.505720376968383789e-01
-4.685604572296142578e-01
-1.073767781257629395e+00
-2.175094932317733765e-01
-6.181475520133972168e-01
-4.428128600120544434e-01
-1.431338489055633545e-01
-8.757900446653366089e-03
-3.603083193302154541e-01
9.512924551963806152e-01
-8.604019880294799805e-02
-6.295156478881835938e-02
-4.660103917121887207e-01
3.176349997520446777e-01
-1.589500308036804199e-01
-8.915341645479202271e-02
-7.950542122125625610e-02
-1.818488985300064087e-01
4.169458523392677307e-02
-1.694607883691787720e-01
1.751368492841720581e-02
5.087604001164436340e-02
-1.126754581928253174e-01
-3.528792858123779297e-01
-7.168664336204528809e-01
-4.972180128097534180e-01
-9.053294658660888672e-01
-1.951387673616409302e-01
3.043697178363800049e-01
-2.580742724239826202e-02
4.956714212894439697e-01
-7.023173384368419647e-03
-6.362683326005935669e-02
-7.186695933341979980e-02
-6.298057436943054199e-01
2.746451199054718018e-01
-2.104636907577514648e+00
5.190458614379167557e-03
-1.372860074043273926e-01
2.650042772293090820e-01
8.047542721033096313e-02
6.096658706665039062e-01
1.372018754482269287e-01
9.983972907066345215e-01
-1.181173045188188553e-02
-4.177963733673095703e-02
6.169465780258178711e-01
-2.497517019510269165e-01
-2.854734957218170166e-01
3.370568752288818359e-01
-9.290051460266113281e-01
-1.096682250499725342e-02
-3.892440199851989746e-01
-1.260842829942703247e-01
9.733437001705169678e-02
1.299938559532165527e-01
1.419506072998046875e-01
-5.738682746887207031e-01
-3.378270268440246582e-01
-6.700619459152221680e-01
5.538228899240493774e-03
-2.463305443525314331e-01
-3.704997003078460693e-01
-3.407906889915466309e-01
1.118267327547073364e-01
5.089932680130004883e-02
1.541125178337097168e-01
5.092430114746093750e-01
-4.340273141860961914e-01
4.325744882225990295e-02
3.089703917503356934e-01
-6.615687161684036255e-03
-3.324469923973083496e-02
1.180034950375556946e-01
2.833441793918609619e-01
3.719795495271682739e-02
-7.360093295574188232e-02
-2.555736601352691650e-01
-9.289265275001525879e-01
-1.665075272321701050e-01
-1.158357143402099609e+00
-1.450546145439147949e+00
-6.030631065368652344e-01
3.509260714054107666e-01
1.099711954593658447e-01
1.714704185724258423e-01
-2.082385867834091187e-01
7.377951145172119141e-01
2.824682295322418213e-01
6.867246329784393311e-02
3.545786142349243164e-01
-7.450930029153823853e-02
-1.483646929264068604e-01
-8.680207133293151855e-01
3.070040419697761536e-02
-2.150489985942840576e-01
-3.135912120342254639e-01
-6.510187387466430664e-01
-9.536865353584289551e-02
5.268713831901550293e-01
-8.583688735961914062e-02
-3.981420993804931641e-01
-6.908733844757080078e-01
4.466034471988677979e-01
6.568173877894878387e-03
-2.546290457248687744e-01
3.155109584331512451e-01
-1.344748139381408691e-01
3.440939355641603470e-03
4.617935419082641602e-01
1.351461887359619141e+00
4.475967884063720703e-01
7.037413120269775391e-01
-9.384788274765014648e-01
-5.681542158126831055e-01
-7.886708378791809082e-01
-2.679908871650695801e-01
-1.337823271751403809e-02
-9.134399890899658203e-01
-3.276090919971466064e-01
-1.194172143936157227e+00
-3.362595140933990479e-01
