7.837413549423217773e-01
-1.153964027762413025e-01
4.820322096347808838e-01
1.938425190746784210e-02
-3.633314073085784912e-01
-3.649591207504272461e-01
-3.082893490791320801e-01
1.343571990728378296e-01
-2.622755169868469238e-01
-4.141722023487091064e-01
-4.764416515827178955e-01
-5.512244701385498047e-01
-7.832208871841430664e-01
-4.090234637260437012e-01
-5.786215066909790039e-01
2.923291735351085663e-02
-1.634328216314315796e-01
-3.670289739966392517e-02
3.057384490966796875e-01
6.877450644969940186e-02
5.243535041809082031e-01
-6.445989757776260376e-02
1.346775423735380173e-02
-6.847596764564514160e-01
-9.206186234951019287e-02
-6.228479146957397461e-01
1.585600152611732483e-02
1.254917234182357788e-01
1.072658777236938477e+00
-6.660639494657516479e-02
1.080397844314575195e+00
-4.372172951698303223e-01
7.298499941825866699e-01
-6.662590503692626953e-01
1.380439996719360352e-01
-3.768875300884246826e-01
7.934291660785675049e-02
2.905107736587524414e-01
6.696561574935913086e-01
-6.322628855705261230e-01
-4.262699186801910400e-01
-4.185913503170013428e-01
-7.551130056381225586e-01
-4.346711337566375732e-01
-2.227086275815963745e-01
-7.306693792343139648e-01
-1.028181985020637512e-01
-6.766638755798339844e-01
-3.022827208042144775e-01
8.866188675165176392e-02
-2.820279300212860107e-01
8.834239244461059570e-01
4.395571053028106689e-01
2.197407186031341553e-01
1.080502390861511230e+00
1.441789567470550537e-01
4.911007881164550781e-01
-1.085282444953918457e+00
-8.525268435478210449e-01
-6.787566542625427246e-01
1.079739779233932495e-01
2.977031767368316650e-01
6.959663033485412598e-01
-9.352589398622512817e-02
-1.574593186378479004e-01
-9.495110511779785156e-01
2.263473570346832275e-01
2.252944745123386383e-02
1.283979117870330811e-01
5.394176021218299866e-02
2.439382076263427734e-01
1.411881297826766968e-01
-4.260368645191192627e-01
4.145973026752471924e-01
-7.195059061050415039e-01
-3.738233745098114014e-01
-2.383291274309158325e-01
-4.418633878231048584e-01
-4.927167892456054688e-01
3.183417022228240967e-02
1.132172703742980957e+00
9.578730165958404541e-02
4.683660343289375305e-02
-2.909627854824066162e-01
-9.113655984401702881e-02
-2.812740504741668701e-01
-3.363630175590515137e-01
8.733482658863067627e-02
-2.512733824551105499e-02
-1.994087398052215576e-01
-9.285167790949344635e-03
-3.741059303283691406e-01
-3.257829248905181885e-01
-4.675959348678588867e-01
-6.325594186782836914e-01
-3.785049915313720703e-01
-6.152595579624176025e-02
7.940239459276199341e-02
5.860289931297302246e-01
1.540659517049789429e-01
3.548116385936737061e-01
-1.639041900634765625e-01
-1.071723476052284241e-01
7.243239283561706543e-01
-1.220802664756774902e-01
5.758808851242065430e-01
-3.017020523548126221e-01
-3.860834240913391113e-01
-4.209901988506317139e-01
-2.646423280239105225e-01
3.201708495616912842e-01
6.030544042587280273e-01
5.624361634254455566e-01
2.804081439971923828e-01
4.086590111255645752e-01
4.342804253101348877e-01
7.353086471557617188e-01
9.414403438568115234e-01
7.382225394248962402e-01
4.286128878593444824e-01
-9.241611361503601074e-01
-1.296513199806213379e+00
-1.463505864143371582e+00
-1.419498920440673828e+00
-4.887253642082214355e-01
-6.452174186706542969e-01
-8.576600253582000732e-02
-2.753472924232482910e-01
1.040371432900428772e-01
-3.746992945671081543e-01
3.075207471847534180e-01
-1.162448748946189880e-01
9.067540615797042847e-02
-3.675154447555541992e-01
-1.759293079376220703e-01
-5.671803951263427734e-01
-2.618732452392578125e-01
1.584219038486480713e-01
-2.481503933668136597e-01
-1.913242340087890625e-01
4.854255914688110352e-01
4.249595403671264648e-01
4.798094034194946289e-01
2.347723394632339478e-01
9.912202954292297363e-01
2.344757467508316040e-01
2.629797160625457764e-01
3.249091207981109619e-01
-9.599464014172554016e-03
-3.912368789315223694e-03
3.592095971107482910e-01
-9.875889122486114502e-02
8.473119139671325684e-02
-5.453550815582275391e-01
5.476298183202743530e-02
-2.942108809947967529e-01
-2.622197568416595459e-01
-6.880417466163635254e-01
-3.460526466369628906e-01
-2.884532213211059570e-01
-1.324323713779449463e-01
-3.609903454780578613e-01
-1.146890893578529358e-01
-4.993874430656433105e-01
4.808568581938743591e-02
3.657167255878448486e-01
8.594166487455368042e-02
7.779625058174133301e-01
-6.173647195100784302e-02
-4.711337387561798096e-02
-1.693462729454040527e-01
3.867203295230865479e-01
-1.706201881170272827e-01
-5.001669004559516907e-02
1.678934246301651001e-01
1.111060261726379395e+00
4.949754178524017334e-01
-3.613322377204895020e-01
-1.255953550338745117e+00
2.437754869461059570e-01
-1.009883046150207520e+00
-8.452287316322326660e-01
-4.172249734401702881e-01
7.086189091205596924e-02
4.473133981227874756e-01
3.674928843975067139e-01
8.334875702857971191e-01
3.801279366016387939e-01
5.770406126976013184e-01
-3.189761340618133545e-01
-1.105532571673393250e-01
-2.346751540899276733e-01
-3.441974520683288574e-01
-2.589324712753295898e-01
6.226319074630737305e-02
-4.373655915260314941e-01
8.158066123723983765e-02
-3.816821873188018799e-01
4.288744330406188965e-01
-2.568507790565490723e-01
-2.614999115467071533e-01
3.931888565421104431e-02
-5.165150165557861328e-01
-9.398201107978820801e-02
-2.836128510534763336e-02
-4.831585288047790527e-01
-4.113422632217407227e-01
1.782814562320709229e-01
-2.013385742902755737e-01
-1.878091096878051758e-01
-7.124333977699279785e-01
2.615763545036315918e-01
1.961823850870132446e-01
8.933308720588684082e-01
5.250026583671569824e-01
7.571294307708740234e-01
2.066706866025924683e-01
5.878137424588203430e-03
-5.520796775817871094e-01
-2.115876227617263794e-01
-4.258412122726440430e-02
2.660323381423950195e-01
-2.450772225856781006e-01
1.837054789066314697e-01
-7.997711896896362305e-01
-4.584213495254516602e-01
5.709583684802055359e-02
-5.581395626068115234e-01
1.033443957567214966e-01
-2.868517860770225525e-02
2.583135962486267090e-01
5.805701017379760742e-01
2.532121539115905762e-01
-2.303283512592315674e-01
2.364043295383453369e-01
7.752586603164672852e-01
-4.939641952514648438e-01
7.774540036916732788e-02
-6.555248498916625977e-01
-1.491783142089843750e+00
-2.817909121513366699e-01
-1.147823214530944824e+00
-1.004066094756126404e-01
-3.634288012981414795e-01
-2.149147093296051025e-01
-7.975359261035919189e-02
7.878406047821044922e-01
-1.657078117132186890e-01
-8.582569658756256104e-02
-5.179800391197204590e-01
5.885455384850502014e-02
-1.807088851928710938e-01
-2.248131111264228821e-02
3.906471729278564453e-01
1.180921196937561035e-01
9.679255634546279907e-02
3.631498515605926514e-01
3.067982010543346405e-02
-5.297030210494995117e-01
-1.426397413015365601e-01
-2.212379872798919678e-01
-2.646782100200653076e-01
-4.971683770418167114e-02
-5.343300700187683105e-01
2.723434241488575935e-03
-6.170696616172790527e-01
-6.714694499969482422e-01
-1.364384770393371582e+00
5.367761850357055664e-01
1.117962300777435303e-01
6.674818396568298340e-01
4.670390486717224121e-01
5.169798135757446289e-01
-2.744962573051452637e-01
-2.255423069000244141e-01
-4.849273860454559326e-01
-7.559566497802734375e-01
-2.883840203285217285e-01
-2.704862058162689209e-01
-5.112204551696777344e-01
-1.586645394563674927e-01
-3.061871416866779327e-02
1.495288908481597900e-01
3.130259811878204346e-01
4.452113509178161621e-01
7.323729991912841797e-01
9.215152859687805176e-01
-5.398677662014961243e-02
2.066829353570938110e-01
-2.004585713148117065e-01
1.550100296735763550e-01
2.393970079720020294e-02
1.225074082612991333e-01
-3.555340468883514404e-01
-1.505500674247741699e-01
-1.930635720491409302e-01
-1.583247929811477661e-01
-2.158375084400177002e-01
-9.946636110544204712e-02
-2.989135384559631348e-01
-5.121238231658935547e-01
6.658796966075897217e-02
-4.884549975395202637e-01
-1.651125252246856689e-01
-7.373206019401550293e-01
-1.073636785149574280e-01
4.906987771391868591e-02
1.332383602857589722e-01
-4.029257893562316895e-01
-5.155017599463462830e-02
3.311100304126739502e-01
2.373360842466354370e-01
4.548771977424621582e-01
-8.055887818336486816e-01
-7.360083460807800293e-01
-4.726109802722930908e-01
-1.795640885829925537e-01
-4.328707456588745117e-01
1.353173404932022095e-01
-3.160133063793182373e-01
-2.072196453809738159e-02
1.856649070978164673e-01
-1.365246176719665527e-01
4.808277785778045654e-01
2.399606704711914062e-01
1.313595920801162720e-01
-5.616561174392700195e-01
-1.851947456598281860e-01
-4.323022067546844482e-01
-8.487890958786010742e-01
1.491843163967132568e-01
-1.601735502481460571e-01
3.330248296260833740e-01
1.812200546264648438e-01
3.998558223247528076e-01
1.811883412301540375e-02
5.002744123339653015e-02
-1.424175500869750977e-01
6.426931619644165039e-01
2.861524224281311035e-01
1.190505981445312500e+00
4.675622880458831787e-01
1.159698143601417542e-01
-7.599540799856185913e-02
-5.605949759483337402e-01
-4.308096766471862793e-01
-8.029280900955200195e-01
-1.267656445503234863e+00
-4.199250936508178711e-01
-1.998125463724136353e-01
7.108873687684535980e-03
-4.039106965065002441e-01
-6.089516449719667435e-03
-2.037945836782455444e-01
4.670793712139129639e-01
8.302956074476242065e-02
1.307051032781600952e-01
-4.564145579934120178e-02
-3.137198686599731445e-01
-5.498057007789611816e-01
-7.660321146249771118e-02
-1.682002395391464233e-01
1.040751695632934570e+00
5.795468091964721680e-01
5.539870262145996094e-01
3.690513074398040771e-01
-2.115165442228317261e-01
-1.880016177892684937e-01
-5.641385316848754883e-01
-2.085326611995697021e-01
4.220940172672271729e-01
2.290519475936889648e-01
7.472931146621704102e-01
-2.600030899047851562e-01
-1.906008124351501465e-01
-5.158202648162841797e-01
-2.819514572620391846e-01
-3.363617360591888428e-01
2.023972570896148682e-01
4.527350664138793945e-01
1.138196349143981934e+00
8.346374034881591797e-01
3.944393098354339600e-01
2.974683344364166260e-01
-5.359316468238830566e-01
-4.532599151134490967e-01
-5.039448738098144531e-01
-5.291250348091125488e-01
8.353681117296218872e-02
6.266727447509765625e-01
4.461596906185150146e-01
2.149570882320404053e-01
3.425768613815307617e-01
-7.176785469055175781e-01
1.243864297866821289e-01
-3.730047047138214111e-01
8.711732178926467896e-02
-2.449320405721664429e-01
5.258572846651077271e-02
-6.958647966384887695e-01
-6.111957877874374390e-02
-4.298642873764038086e-01
-1.772852689027786255e-01
-9.559720754623413086e-01
-5.325948596000671387e-01
1.338340938091278076e-01
-2.403691262006759644e-01
-5.860494449734687805e-02
9.236993193626403809e-01
1.245362684130668640e-01
2.437998950481414795e-01
-5.856660008430480957e-01
5.503496527671813965e-01
-5.741991996765136719e-01
5.441729426383972168e-01
4.245215058326721191e-01
4.235063791275024414e-01
-3.072316944599151611e-01
3.579613864421844482e-01
-4.273574948310852051e-01
1.655580252408981323e-01
-6.404061913490295410e-01
-4.449931681156158447e-01
-1.068028688430786133e+00
3.277262449264526367e-01
-6.215310692787170410e-01
4.237242043018341064e-01
-6.800465583801269531e-01
3.543422371149063110e-02
3.224361538887023926e-01
1.963433772325515747e-01
8.210645914077758789e-01
6.743900179862976074e-01
-4.263305105268955231e-03
7.197505831718444824e-01
-3.208090960979461670e-01
-4.130097031593322754e-01
-3.485846221446990967e-01
-3.078394532203674316e-01
2.679021358489990234e-01
6.056315302848815918e-01
1.385290771722793579e-01
1.997809261083602905e-01
-6.507781147956848145e-01
-8.200523257255554199e-01
-4.658774435520172119e-01
-3.850258886814117432e-01
2.578771412372589111e-01
-3.304922878742218018e-01
3.082168400287628174e-01
-6.865900009870529175e-02
-1.469739153981208801e-02
-1.371994763612747192e-01
-5.214905142784118652e-01
-5.209283232688903809e-01
1.303461939096450806e-01
-2.219167770817875862e-03
5.025717616081237793e-01
-1.694854795932769775e-01
8.487649559974670410e-01
-2.883514761924743652e-01
1.753711849451065063e-01
-3.111784458160400391e-01
1.158236525952816010e-02
-7.509762048721313477e-01
8.112510293722152710e-02
1.939914673566818237e-01
2.150227427482604980e-01
4.164144098758697510e-01
-8.572922348976135254e-01
-1.330208219587802887e-02
-7.773283123970031738e-02
-3.144970834255218506e-01
-2.140205353498458862e-01
-9.314969927072525024e-02
-3.591873645782470703e-01
-1.989012211561203003e-01
1.131656486541032791e-02
3.229491114616394043e-01
4.139996170997619629e-01
3.763033449649810791e-01
2.820463776588439941e-01
8.997813612222671509e-02
-9.988325089216232300e-02
-5.414330363273620605e-01
-1.780092716217041016e-01
1.782156974077224731e-01
-4.236846864223480225e-01
-1.602377295494079590e-01
-4.594448208808898926e-02
6.682056933641433716e-02
5.044640302658081055e-01
-4.116542041301727295e-01
-1.018672715872526169e-02
-7.274659872055053711e-01
-1.094971224665641785e-01
-3.783883154392242432e-01
-6.717828512191772461e-01
-5.308051407337188721e-02
-3.082471489906311035e-01
1.285589933395385742e-01
9.271720647811889648e-01
3.454782664775848389e-01
1.556749194860458374e-01
-2.790166139602661133e-01
-5.519534349441528320e-01
2.337387353181838989e-01
-1.506702974438667297e-02
6.989718079566955566e-01
-1.931936740875244141e-01
-2.470234334468841553e-01
-4.310780204832553864e-04
-5.974582433700561523e-01
