-3.002676367759704590e-01
4.369521141052246094e-02
6.576639413833618164e-01
-8.025823533535003662e-02
7.564731240272521973e-01
4.021963775157928467e-01
2.638599276542663574e-01
1.941543519496917725e-01
-6.236379742622375488e-01
5.062434077262878418e-01
-2.116112262010574341e-01
-6.044867038726806641e-01
-4.943538606166839600e-01
-8.609581589698791504e-01
-1.447434902191162109e+00
-1.990660727024078369e-01
-3.151416778564453125e-01
2.721240222454071045e-01
5.436784625053405762e-01
6.497006118297576904e-02
4.148509502410888672e-01
-6.621731817722320557e-02
-3.738690614700317383e-01
3.273137211799621582e-01
-2.046822756528854370e-01
-1.544441580772399902e-01
-1.528011560440063477e-01
-1.415366411209106445e+00
-9.914634227752685547e-01
-7.053563594818115234e-01
-1.827507853507995605e+00
1.169327497482299805e+00
-5.917893648147583008e-01
1.029341340065002441e+00
-4.052171949297189713e-03
3.239639997482299805e-01
3.724341392517089844e-01
-9.119292348623275757e-02
-7.120185494422912598e-01
-3.211597502231597900e-01
-4.614524841308593750e-01
-4.425855278968811035e-01
-2.462003082036972046e-01
-3.866395652294158936e-01
-2.917048335075378418e-01
-2.157503068447113037e-01
-2.963750958442687988e-01
-7.322376966476440430e-01
-6.243453025817871094e-01
-1.180605888366699219e+00
6.932197213172912598e-01
-2.987860143184661865e-01
7.650160789489746094e-01
2.126397639513015747e-01
5.159052610397338867e-01
6.737577915191650391e-01
-3.531102538108825684e-01
9.122881293296813965e-01
2.601696848869323730e-01
3.984192907810211182e-01
5.408697202801704407e-02
3.299802243709564209e-01
-2.343080043792724609e-01
1.327302604913711548e-01
-9.133828282356262207e-01
7.222840934991836548e-02
-5.446417927742004395e-01
-7.361471652984619141e-01
-2.491145730018615723e-01
-4.460825622081756592e-01
1.998705863952636719e-01
-1.684756726026535034e-01
1.886339783668518066e-01
-1.037313938140869141e+00
-1.231534004211425781e+00
-1.040133476257324219e+00
1.495467424392700195e-01
-9.301906824111938477e-02
3.568865060806274414e-01
2.397871911525726318e-01
2.502757608890533447e-01
1.830844879150390625e-01
-3.074651658535003662e-01
6.940063834190368652e-02
-2.325369715690612793e-01
-2.486239969730377197e-01
-1.754746884107589722e-01
-2.853697352111339569e-02
4.253809154033660889e-01
-1.423209458589553833e-01
-2.515800297260284424e-01
-5.163142681121826172e-01
-2.564116716384887695e-01
-1.399943828582763672e+00
5.201473832130432129e-01
-3.277423381805419922e-01
1.251870393753051758e-01
-1.626651138067245483e-01
7.976457476615905762e-01
2.867773473262786865e-01
2.365253567695617676e-01
-3.890598416328430176e-01
2.599117457866668701e-01
-5.580592155456542969e-01
5.269457101821899414e-01
1.877559125423431396e-01
-2.349691540002822876e-01
8.036418259143829346e-02
-6.224468350410461426e-02
2.036215066909790039e-01
9.826904535293579102e-02
-2.720039784908294678e-01
4.252087175846099854e-01
-3.491936028003692627e-01
-5.449655652046203613e-01
-1.339743614196777344e+00
1.062288999557495117e+00
-1.354256510734558105e+00
-3.117554903030395508e+00
-4.473779723048210144e-02
1.213752478361129761e-01
-4.023523628711700439e-01
6.674942970275878906e-01
-4.028798341751098633e-01
-2.193515449762344360e-01
-6.558690667152404785e-01
-4.908397197723388672e-01
-2.758644334971904755e-02
1.046622246503829956e-01
1.172325968742370605e+00
5.133973956108093262e-01
-1.838597357273101807e-01
-2.197971493005752563e-01
1.593093991279602051e+00
-3.332926928997039795e-01
-4.142064452171325684e-01
-2.177961587905883789e+00
-2.060425281524658203e+00
-2.055387258529663086e+00
-5.337946414947509766e-01
1.604050844907760620e-01
1.982116997241973877e-01
4.577279686927795410e-01
1.035111427307128906e+00
-2.700243294239044189e-01
7.296919822692871094e-01
9.163069725036621094e-02
4.417938292026519775e-01
4.540252089500427246e-01
8.519678562879562378e-02
-4.981262981891632080e-01
-2.102745771408081055e-01
-7.049844264984130859e-01
-3.224514424800872803e-01
-2.515212297439575195e-01
-4.776552617549896240e-01
-5.044986009597778320e-01
-6.454305052757263184e-01
-1.027639433741569519e-01
-3.716510236263275146e-01
1.170219302177429199e+00
1.831943839788436890e-01
4.607602953910827637e-01
1.080878734588623047e+00
6.651974320411682129e-01
1.385598182678222656e-01
9.063382446765899658e-02
-1.056954026222229004e+00
9.925336837768554688e-01
1.115825474262237549e-01
3.063879013061523438e-01
-6.053370237350463867e-01
-1.568633466958999634e-01
-8.264404535293579102e-01
-2.358796000480651855e-01
-4.364830851554870605e-01
-5.691061168909072876e-02
-4.818718135356903076e-01
-4.278535544872283936e-01
-1.941143423318862915e-01
-2.231447547674179077e-01
6.255375146865844727e-01
1.324979681521654129e-02
6.943367421627044678e-02
-4.681650400161743164e-01
5.043694376945495605e-01
-2.787572443485260010e-01
3.979656398296356201e-01
-1.259177029132843018e-01
1.290264606475830078e+00
-1.382226496934890747e-01
7.138246297836303711e-01
-8.354101777076721191e-01
-1.839670091867446899e-01
-1.293970227241516113e+00
-1.189447641372680664e+00
-1.508120059967041016e+00
9.462094902992248535e-01
-1.879871785640716553e-01
9.445894360542297363e-01
9.683244228363037109e-01
1.743853688240051270e-01
2.200340665876865387e-02
5.977644324302673340e-01
-2.105037271976470947e-01
8.959372043609619141e-01
2.975861541926860809e-02
-8.021423220634460449e-02
-7.580083608627319336e-01
-4.836716949939727783e-01
2.850091457366943359e-02
-1.713170409202575684e-01
-1.444199234247207642e-01
-4.829058647155761719e-01
3.636712729930877686e-01
-4.253350794315338135e-01
-6.155227869749069214e-02
-5.270480513572692871e-01
-6.779472827911376953e-01
-1.142664313316345215e+00
-9.377110004425048828e-01
-4.534133672714233398e-01
-4.620170593261718750e-01
3.387177884578704834e-01
-2.954531013965606689e-01
5.249332785606384277e-01
1.592606902122497559e-01
-2.540339827537536621e-01
5.616048574447631836e-01
4.667429625988006592e-01
7.270792126655578613e-01
1.328572183847427368e-01
6.128039956092834473e-01
-4.531528651714324951e-01
5.633925795555114746e-01
-7.199791669845581055e-01
4.099581837654113770e-01
-2.279443591833114624e-01
6.166481971740722656e-01
-3.836735785007476807e-01
-5.975547432899475098e-01
-2.844209074974060059e-01
-1.768047362565994263e-01
-6.787884049117565155e-04
-1.681265234947204590e-01
-3.328375220298767090e-01
-6.706873774528503418e-01
-3.666837513446807861e-01
-5.953252911567687988e-01
-8.396165966987609863e-01
-2.910267375409603119e-02
-8.290964961051940918e-01
-7.611530423164367676e-01
-9.886698722839355469e-01
5.877607464790344238e-01
1.025057509541511536e-01
-2.493887841701507568e-01
8.261226415634155273e-01
1.129993438720703125e+00
6.634978055953979492e-01
1.856343150138854980e-01
1.651178896427154541e-01
-1.557130962610244751e-01
-3.540872037410736084e-01
1.043785884976387024e-01
-5.284839868545532227e-01
-6.352935433387756348e-01
7.595684528350830078e-01
-6.422814726829528809e-01
-6.651498079299926758e-01
-7.813043147325515747e-02
-7.964498996734619141e-01
4.566162228584289551e-01
-5.253012776374816895e-01
3.261721134185791016e-01
-2.598467171192169189e-01
-9.758193045854568481e-02
3.019179403781890869e-02
-3.995801210403442383e-01
3.903993964195251465e-02
-2.614300251007080078e-01
8.636894635856151581e-04
2.404266297817230225e-01
6.017662286758422852e-01
5.874301493167877197e-02
-1.570661365985870361e-01
8.232014775276184082e-01
3.654512166976928711e-01
3.840141594409942627e-01
-1.270332217216491699e+00
-5.189523100852966309e-01
-5.137879252433776855e-01
-3.523854911327362061e-01
2.468504160642623901e-01
3.768199086189270020e-01
1.074806302785873413e-01
-2.091081738471984863e-01
2.334725111722946167e-01
2.813179790973663330e-02
2.345374822616577148e-01
-1.387413144111633301e-01
-1.526706665754318237e-01
-8.577448725700378418e-01
-8.342441916465759277e-01
-1.002142667770385742e+00
-1.597035050392150879e+00
-2.642988227307796478e-02
-4.873389899730682373e-01
-1.650654673576354980e-01
-1.530938744544982910e-01
-1.756041646003723145e-01
-1.666031777858734131e-01
-1.040869355201721191e+00
8.122990727424621582e-01
2.591155767440795898e-01
-1.588815748691558838e-01
3.110934197902679443e-01
6.009669303894042969e-01
-1.844269484281539917e-01
3.867938518524169922e-01
5.293906927108764648e-01
-5.471404641866683960e-02
3.692209720611572266e-01
-1.030129715800285339e-01
2.730779349803924561e-02
-7.487640380859375000e-01
1.312045603990554810e-01
-6.031948924064636230e-01
-5.389890670776367188e-01
-7.425329089164733887e-01
-1.588199734687805176e+00
8.313395977020263672e-01
-4.535315632820129395e-01
4.767780005931854248e-01
-3.508772850036621094e-01
-6.727476119995117188e-01
-8.292652666568756104e-02
-2.349080443382263184e-01
1.474149227142333984e-01
-3.143898844718933105e-01
-7.716779410839080811e-02
1.996580064296722412e-01
-5.804778337478637695e-01
7.634483575820922852e-01
-4.416646957397460938e-01
4.308313131332397461e-01
-7.437943816184997559e-01
1.296519935131072998e-01
-1.493126004934310913e-01
-4.375464469194412231e-02
6.041293740272521973e-01
-1.593589335680007935e-01
9.933702349662780762e-01
-6.128568053245544434e-01
7.517994046211242676e-01
-3.860382437705993652e-01
4.996225610375404358e-02
-5.155534744262695312e-01
9.577518701553344727e-02
5.827552080154418945e-01
-1.877859681844711304e-01
7.358046770095825195e-01
-2.300256043672561646e-01
-1.104380190372467041e-01
-8.596615791320800781e-01
1.603665947914123535e-01
-6.445696949958801270e-01
5.171964168548583984e-01
-3.198870718479156494e-01
-2.821295559406280518e-01
-1.098735332489013672e+00
7.530751228332519531e-01
-1.035642474889755249e-01
-7.974528521299362183e-02
-9.149747341871261597e-02
3.941656649112701416e-01
-4.408327341079711914e-01
-9.719423949718475342e-02
-1.020943403244018555e+00
5.644377470016479492e-01
-1.546862274408340454e-01
2.064737230539321899e-01
-1.297961324453353882e-01
-1.670951694250106812e-01
5.741654038429260254e-01
-2.794707417488098145e-01
6.189938783645629883e-01
1.866761296987533569e-01
9.331324696540832520e-01
1.988770812749862671e-01
3.631150722503662109e-01
-1.262823492288589478e-02
-7.483909726142883301e-01
1.281256079673767090e-01
-4.341119527816772461e-01
-3.115986287593841553e-01
-3.078500628471374512e-01
-5.764665082097053528e-02
-9.050501883029937744e-02
-1.712784916162490845e-01
-1.856303364038467407e-01
-6.319073438644409180e-01
-3.311789631843566895e-01
-3.047742545604705811e-01
2.348952591419219971e-01
1.475854776799678802e-02
-2.233689278364181519e-01
2.118313908576965332e-01
-3.832859694957733154e-01
-6.751778125762939453e-01
-1.070744514465332031e+00
2.045973092317581177e-01
-7.512723207473754883e-01
3.499447405338287354e-01
-1.340115219354629517e-01
-2.029422298073768616e-02
-2.292159944772720337e-01
5.644105840474367142e-03
-2.652627229690551758e-02
2.440439909696578979e-01
-1.953077912330627441e-01
2.025798708200454712e-01
3.495771810412406921e-02
5.111927986145019531e-01
-1.516346782445907593e-01
4.001543819904327393e-01
-4.555089399218559265e-03
5.433920621871948242e-01
4.697256982326507568e-01
-4.667484462261199951e-01
-1.544754058122634888e-01
-8.489000201225280762e-01
-8.228120207786560059e-01
-2.280106395483016968e-02
-3.537252843379974365e-01
-1.354070186614990234e+00
-1.586329817771911621e+00
-4.701667129993438721e-01
-5.726012587547302246e-01
3.479783236980438232e-01
-5.640758275985717773e-01
8.641178607940673828e-01
3.353141546249389648e-01
4.672684669494628906e-01
4.279536604881286621e-01
-3.690630495548248291e-01
4.704416170716285706e-02
-2.708511948585510254e-01
-3.866392746567726135e-02
-1.451313793659210205e-01
2.407944053411483765e-01
5.049509927630424500e-03
-1.220575809478759766e+00
6.801052689552307129e-01
-1.486010849475860596e-01
-1.554461717605590820e-01
3.270114064216613770e-01
3.743827939033508301e-01
7.262240648269653320e-01
-2.743500471115112305e-01
-4.796579182147979736e-01
2.718872129917144775e-01
-5.016785860061645508e-01
3.857746124267578125e-01
4.040634259581565857e-02
-3.480454534292221069e-02
8.202189207077026367e-02
-3.936503082513809204e-02
-2.182287275791168213e-01
-3.138597309589385986e-01
-3.085862100124359131e-01
-4.284420609474182129e-01
1.882812008261680603e-02
8.796191960573196411e-02
-9.273734688758850098e-01
-9.011421203613281250e-01
-1.772121638059616089e-01
-2.051229178905487061e-01
1.380338966846466064e-01
-7.870768904685974121e-01
-3.301167190074920654e-01
-3.938610255718231201e-01
4.052319526672363281e-01
1.161702632904052734e+00
2.563919126987457275e-01
6.755911111831665039e-01
-2.857406064867973328e-02
5.762639641761779785e-01
-3.525283336639404297e-01
5.018720626831054688e-01
-3.438827022910118103e-02
-4.797142148017883301e-01
-3.639108836650848389e-01
-9.152332544326782227e-01
-6.608598232269287109e-01
-7.723329067230224609e-01
-2.026969492435455322e-01
-3.907419443130493164e-01
-4.033915996551513672e-01
-3.043858520686626434e-02
2.891980409622192383e-01
8.629459142684936523e-01
1.128767371177673340e+00
9.000413119792938232e-02
3.000590205192565918e-01
4.220084846019744873e-01
-1.913268268108367920e-01
-3.114617466926574707e-01
-1.209277272224426270e+00
7.667887210845947266e-01
2.626005932688713074e-02
3.281974196434020996e-01
-2.232455611228942871e-01
