3.378133773803710938e-01
-9.056699275970458984e-02
5.750071629881858826e-02
-3.423313200473785400e-01
-6.421989202499389648e-02
-4.600957632064819336e-01
-1.414517611265182495e-01
-7.621765136718750000e-02
-2.348197400569915771e-01
-3.309730067849159241e-02
-4.736758172512054443e-01
-2.844309248030185699e-02
4.591394960880279541e-01
-5.036215782165527344e-01
1.087410748004913330e-01
4.657782316207885742e-01
-8.748663589358329773e-03
-1.355125755071640015e-01
1.471517980098724365e-01
3.167226016521453857e-01
5.395618081092834473e-01
-8.126627653837203979e-02
3.037003055214881897e-02
-4.023832380771636963e-01
-5.270867943763732910e-01
-1.458302259445190430e+00
3.104868531227111816e-01
-5.607522130012512207e-01
-4.919081032276153564e-01
-1.743626892566680908e-01
-2.582273781299591064e-01
-3.062883317470550537e-01
-5.139992833137512207e-01
-1.214668035507202148e+00
2.850580513477325439e-01
-2.448449879884719849e-01
8.399855494499206543e-01
7.731790095567703247e-02
-3.139745295047760010e-01
-1.913785338401794434e-01
3.187388181686401367e-01
5.538116097450256348e-01
8.838084936141967773e-01
-2.403426468372344971e-01
2.305521368980407715e-01
5.152556113898754120e-03
3.574922680854797363e-01
2.152853608131408691e-01
-6.836567521095275879e-01
-2.849759161472320557e-01
-2.471314817667007446e-01
5.132794976234436035e-01
-1.583437919616699219e-01
-4.320147335529327393e-01
-2.950196266174316406e-01
2.106713876128196716e-02
-7.388691902160644531e-01
-2.771568894386291504e-01
3.402030169963836670e-01
1.049816250801086426e+00
3.741373121738433838e-01
-5.696928501129150391e-01
-5.363374948501586914e-01
-2.459439486265182495e-01
-3.700018227100372314e-01
-3.370403945446014404e-01
1.020062446594238281e+00
-9.552265703678131104e-02
6.595923304557800293e-01
1.803771778941154480e-02
1.876774579286575317e-01
1.833642274141311646e-01
5.873595476150512695e-01
5.684550404548645020e-01
5.894793272018432617e-01
-2.019220590591430664e+00
-1.400046110153198242e+00
-6.806667447090148926e-01
2.570374608039855957e-01
-5.919733047485351562e-01
-7.332333922386169434e-02
-2.676209211349487305e-01
-2.494052611291408539e-02
-3.462528884410858154e-01
1.470613181591033936e-01
-3.324699699878692627e-01
-1.041351199150085449e+00
-9.185258746147155762e-01
3.829057514667510986e-01
1.958492845296859741e-01
-1.249541528522968292e-04
-7.449486106634140015e-02
-3.412372171878814697e-01
1.097415208816528320e+00
2.070475369691848755e-01
-2.207423746585845947e-02
5.343807935714721680e-01
5.196986254304647446e-03
2.872503995895385742e-01
1.667627245187759399e-01
2.046862691640853882e-01
1.931760460138320923e-01
-4.597992897033691406e-01
-1.407107949256896973e+00
1.279725730419158936e-01
1.882439106702804565e-01
-1.945585459470748901e-01
-7.836822271347045898e-01
3.154022991657257080e-01
5.588172078132629395e-01
2.876622080802917480e-01
-3.057861700654029846e-03
-5.524492859840393066e-01
2.270200997591018677e-01
8.765978366136550903e-02
-1.856116503477096558e-01
8.232023119926452637e-01
-3.903263211250305176e-01
4.129818454384803772e-02
2.406161278486251831e-01
-5.872002840042114258e-01
-5.571245551109313965e-01
-1.408418416976928711e-01
4.202788472175598145e-01
2.949335873126983643e-01
-7.683724761009216309e-01
2.126922458410263062e-01
7.657658308744430542e-02
3.067439198493957520e-01
6.537064313888549805e-01
1.154474690556526184e-01
-4.092767536640167236e-01
-6.873155236244201660e-01
-7.607078552246093750e-02
-2.190108597278594971e-01
-5.415902733802795410e-01
7.405915260314941406e-01
5.043627619743347168e-01
-1.917404085397720337e-01
7.690470814704895020e-01
-6.564508676528930664e-01
-6.560839712619781494e-02
-1.912996023893356323e-01
-2.315720021724700928e-01
-5.550989508628845215e-01
-8.844058215618133545e-02
-1.284886598587036133e-01
1.043666899204254150e-01
1.428824961185455322e-01
-4.699663817882537842e-01
-4.381065070629119873e-01
4.465448111295700073e-02
-8.093599975109100342e-02
-1.666593253612518311e-01
5.580028891563415527e-01
-5.606137681752443314e-03
4.068018794059753418e-01
4.964032471179962158e-01
-2.818137407302856445e-01
-1.638752967119216919e-01
-8.055176138877868652e-01
1.110329329967498779e-01
-7.274674624204635620e-02
5.371069908142089844e-01
-1.087489910423755646e-02
1.440789550542831421e-01
-2.622864544391632080e-01
-8.240759372711181641e-02
-1.587892621755599976e-01
7.648556958884000778e-03
3.033398389816284180e-01
-3.515832424163818359e-01
2.145469784736633301e-01
7.121182084083557129e-01
3.605613112449645996e-01
5.628696084022521973e-01
-3.721086680889129639e-02
-1.550481170415878296e-01
-9.508015513420104980e-01
3.172248005867004395e-01
-1.740494817495346069e-01
-3.960808217525482178e-01
1.256403177976608276e-01
-1.463937945663928986e-02
-3.057622015476226807e-01
-7.952939867973327637e-01
1.874822750687599182e-02
3.770345449447631836e-01
1.768504381179809570e-01
-1.252491831779479980e+00
-2.577833890914916992e+00
-2.652832269668579102e-01
2.436563223600387573e-01
-1.015142560005187988e+00
3.682459890842437744e-01
7.182852029800415039e-01
9.209208488464355469e-01
4.207703471183776855e-01
6.433541774749755859e-01
6.337324529886245728e-02
-3.623922169208526611e-01
-3.354696929454803467e-01
-6.176877021789550781e-01
-6.324970722198486328e-01
-5.356103181838989258e-01
1.204204857349395752e-01
7.758669853210449219e-01
-1.818470060825347900e-01
7.964592427015304565e-02
-3.619878590106964111e-01
-1.083577498793601990e-01
7.575378753244876862e-03
5.698511600494384766e-01
-4.980737864971160889e-01
-5.688503384590148926e-01
2.066887021064758301e-01
7.038637995719909668e-02
-9.255110621452331543e-01
-4.940503835678100586e-02
9.838591217994689941e-01
7.026643157005310059e-01
-2.311709150671958923e-02
-4.277574717998504639e-01
1.281325612217187881e-02
1.419615000486373901e-01
-8.687942028045654297e-01
7.597709447145462036e-02
-1.322617977857589722e-01
-6.467635631561279297e-01
-3.447329401969909668e-01
-2.344483882188796997e-01
7.505228370428085327e-02
1.422260105609893799e-01
1.520809829235076904e-01
1.975957900285720825e-01
-2.305869907140731812e-01
-2.518619298934936523e-01
4.874527752399444580e-01
6.391213536262512207e-01
4.669029712677001953e-01
4.822890460491180420e-02
3.299957513809204102e-01
3.079586327075958252e-01
-6.484692692756652832e-01
-8.528572916984558105e-01
-1.207825541496276855e-01
-3.392277061939239502e-01
-5.064281225204467773e-01
-5.486699342727661133e-01
-5.538985729217529297e-01
-2.432686388492584229e-01
-3.705587983131408691e-01
-7.640131115913391113e-01
6.682897359132766724e-02
-2.996348738670349121e-01
2.338279038667678833e-02
1.022972315549850464e-01
8.156922459602355957e-01
2.749478518962860107e-01
6.185692548751831055e-01
2.708468735218048096e-01
2.249644100666046143e-01
1.927092224359512329e-01
-1.273301541805267334e-01
-8.371659554541110992e-03
5.570520088076591492e-02
2.640200257301330566e-01
-4.171623289585113525e-01
1.122854873538017273e-01
-5.829000473022460938e-01
-1.388882398605346680e+00
-9.740139245986938477e-01
-1.856645196676254272e-01
-5.060675740242004395e-01
1.481095999479293823e-01
-2.720982069149613380e-03
-5.038152448832988739e-03
1.487621515989303589e-01
9.165986180305480957e-01
3.066742122173309326e-01
8.487240225076675415e-02
-1.610377132892608643e-01
5.965096354484558105e-01
-3.742644488811492920e-01
2.180815786123275757e-01
-9.272404909133911133e-01
2.744071483612060547e-01
3.283032476902008057e-01
3.845636546611785889e-01
-7.735731601715087891e-01
-8.894404768943786621e-01
-4.400278627872467041e-01
9.927645325660705566e-01
9.304929971694946289e-01
3.319177329540252686e-01
1.263021230697631836e-01
-2.883029878139495850e-01
-5.667390823364257812e-01
-2.399377971887588501e-01
2.433433830738067627e-01
2.559918761253356934e-01
1.140098720788955688e-01
-1.320508837699890137e+00
-4.899099171161651611e-01
-4.435331746935844421e-02
-1.672120839357376099e-01
-5.046747326850891113e-01
-1.350976526737213135e-01
-2.430932819843292236e-01
2.307830154895782471e-01
-2.381514757871627808e-01
6.679213047027587891e-02
-3.834072947502136230e-01
-1.024179458618164062e-01
3.942965269088745117e-01
3.909758925437927246e-01
3.153227567672729492e-01
9.104925394058227539e-02
-1.163780689239501953e-01
-6.239537000656127930e-01
-1.046069487929344177e-01
1.014141924679279327e-02
1.090035364031791687e-01
-2.439273893833160400e-02
3.005943298339843750e-01
-6.162555888295173645e-02
-7.120022177696228027e-01
-3.575674295425415039e-01
-1.853868365287780762e-01
3.410648703575134277e-01
6.548871397972106934e-01
2.612669579684734344e-02
9.433324635028839111e-02
-1.233041957020759583e-01
4.335038959980010986e-01
-4.413624107837677002e-01
-2.012943476438522339e-01
-5.598940253257751465e-01
-1.488182097673416138e-01
4.245708286762237549e-01
-7.039518952369689941e-01
-5.031289458274841309e-01
-5.126842856407165527e-01
-5.963801741600036621e-01
-5.749269723892211914e-01
6.211596131324768066e-01
-9.037163257598876953e-01
-2.585669159889221191e-01
2.947891317307949066e-02
-3.111952841281890869e-01
7.702582478523254395e-01
1.859027743339538574e-01
7.661154866218566895e-01
3.804509341716766357e-01
9.514298439025878906e-01
3.722704946994781494e-01
6.715193986892700195e-01
7.841950654983520508e-01
9.704622626304626465e-01
4.377266466617584229e-01
-3.843148648738861084e-01
-3.864362835884094238e-01
-1.482893824577331543e-01
2.016950547695159912e-01
-5.919731259346008301e-01
-4.370034039020538330e-01
-4.831919968128204346e-01
-6.478954553604125977e-01
4.181451797485351562e-01
-1.511477082967758179e-01
-7.674397230148315430e-01
-7.448329925537109375e-01
-5.564421415328979492e-01
-2.641373574733734131e-01
-9.142197370529174805e-01
-5.028111934661865234e-01
3.784828782081604004e-01
9.514106512069702148e-01
6.335049867630004883e-01
7.356373965740203857e-02
7.034411281347274780e-02
6.596701145172119141e-01
1.081378698348999023e+00
1.079035162925720215e+00
1.260482072830200195e+00
1.755979359149932861e-01
-8.295707106590270996e-01
-9.892824888229370117e-01
-9.647192955017089844e-01
9.825274944305419922e-01
3.389737904071807861e-01
8.451674580574035645e-01
-1.776334047317504883e-01
-3.534759283065795898e-01
5.353947281837463379e-01
-5.307158231735229492e-01
-3.433271348476409912e-01
-1.214737415313720703e+00
-3.301034867763519287e-01
-2.135339379310607910e-01
1.884681731462478638e-01
-3.895142674446105957e-01
-1.196343526244163513e-01
-4.109487235546112061e-01
3.748734295368194580e-01
2.717131376266479492e-01
2.309892326593399048e-01
-2.775036394596099854e-01
-3.087019324302673340e-01
-1.655672788619995117e-01
-4.285758435726165771e-01
-3.669125735759735107e-01
-4.874948561191558838e-01
-3.193359673023223877e-01
1.654670685529708862e-01
-5.625041723251342773e-01
6.614413857460021973e-02
-3.071523904800415039e-01
5.162708163261413574e-01
3.527426421642303467e-01
2.974197082221508026e-02
-9.731732010841369629e-01
-1.819170713424682617e+00
3.769098594784736633e-02
1.986388713121414185e-01
2.255724221467971802e-01
5.973443388938903809e-01
4.274557828903198242e-01
3.805506825447082520e-01
9.328677654266357422e-01
-1.186721801757812500e+00
-1.605005621910095215e+00
-8.510516881942749023e-01
-2.280172705650329590e-01
2.001248151063919067e-01
-1.909346282482147217e-01
-3.477662056684494019e-02
-1.507697403430938721e-01
-1.695637218654155731e-02
-8.657295703887939453e-01
5.265659093856811523e-01
-2.303494930267333984e+00
-4.213552176952362061e-01
3.793897107243537903e-02
1.639888435602188110e-01
7.065016031265258789e-01
1.435408145189285278e-01
-2.340115457773208618e-01
-3.449816405773162842e-01
-7.285076379776000977e-02
-5.611153244972229004e-01
3.918413221836090088e-01
6.842117905616760254e-01
-5.652803778648376465e-01
-2.767388224601745605e-01
4.549244046211242676e-01
4.733789563179016113e-01
-5.457583665847778320e-01
3.588756024837493896e-01
6.415861845016479492e-01
-8.783616125583648682e-02
-1.236144378781318665e-01
-6.448250412940979004e-01
-4.285737872123718262e-01
-5.690355300903320312e-01
2.546530961990356445e-01
-3.666985929012298584e-01
1.538406759500503540e-01
1.549549400806427002e-01
-4.388989182189106941e-04
4.340098202228546143e-01
-5.010627508163452148e-01
-6.615999937057495117e-01
1.037687659263610840e+00
8.978791832923889160e-01
-7.902187705039978027e-01
-1.192835569381713867e+00
1.515547484159469604e-01
6.724578887224197388e-02
-3.388343453407287598e-01
-2.384219020605087280e-01
4.070531576871871948e-02
4.498794674873352051e-01
-7.801371812820434570e-01
-6.850942373275756836e-01
4.949820637702941895e-01
-7.748782038688659668e-01
-7.739257812500000000e-02
-3.754114508628845215e-01
5.085992813110351562e-01
4.107660949230194092e-01
-3.495221436023712158e-01
-3.596613407135009766e-01
6.958104968070983887e-01
1.242690682411193848e+00
1.295808315277099609e+00
-2.744603455066680908e-01
-6.361339688301086426e-01
6.800980865955352783e-02
-1.123930588364601135e-01
-6.711914539337158203e-01
-7.192868590354919434e-01
2.197214812040328979e-01
1.613063067197799683e-01
3.401356935501098633e-01
3.496942222118377686e-01
-2.716628313064575195e-01
-4.645325839519500732e-01
1.386160850524902344e-01
-5.554453134536743164e-01
2.008320540189743042e-01
-4.600582122802734375e-01
6.313078105449676514e-02
