-3.975450694561004639e-01
4.689794480800628662e-01
-2.767140865325927734e-01
-8.217332363128662109e-01
4.127907752990722656e-01
-2.576825618743896484e-01
5.012909322977066040e-02
-5.118303298950195312e-01
-8.067982196807861328e-01
-6.537581086158752441e-01
-9.242527484893798828e-01
3.146570026874542236e-01
2.021308392286300659e-01
5.238836407661437988e-01
2.694815695285797119e-01
5.844678878784179688e-01
3.001920580863952637e-01
1.285167783498764038e-01
5.554838478565216064e-02
1.565920114517211914e-01
2.580487728118896484e-01
5.477517247200012207e-01
7.566671371459960938e-01
3.967913985252380371e-01
2.943156957626342773e-01
4.177887439727783203e-01
1.482304930686950684e-01
1.745556890964508057e-01
-2.495457530021667480e-01
3.406856060028076172e-01
-2.175726145505905151e-01
-1.936108618974685669e-02
3.019832074642181396e-01
-1.747876852750778198e-01
-5.822921395301818848e-01
-8.222036808729171753e-02
-2.873443663120269775e-01
4.173246622085571289e-01
2.620241977274417877e-02
-2.592184543609619141e-01
-9.907113909721374512e-01
3.581430017948150635e-01
-6.743879318237304688e-01
1.460286825895309448e-01
-3.531471788883209229e-01
3.589731156826019287e-01
4.985315203666687012e-01
7.099738717079162598e-01
-1.758064888417720795e-02
6.388004422187805176e-01
2.502849996089935303e-01
5.149374008178710938e-01
-4.103285074234008789e-01
1.784100234508514404e-01
-5.873141884803771973e-01
-8.060133457183837891e-02
4.022588431835174561e-01
1.266553811728954315e-02
3.662425875663757324e-01
-4.821951687335968018e-01
-6.211357116699218750e-01
-8.203417062759399414e-01
3.669866025447845459e-01
-4.246765077114105225e-01
1.416738033294677734e-01
1.722400337457656860e-01
-3.966781776398420334e-03
6.330857872962951660e-01
-2.025167495012283325e-01
4.060454368591308594e-01
-1.530584064312279224e-03
-1.436116993427276611e-01
-3.164527416229248047e-01
2.167874574661254883e-01
2.188110053539276123e-01
-3.040888011455535889e-01
5.138134956359863281e-01
-4.200858175754547119e-01
-1.665701568126678467e-01
-5.239657163619995117e-01
1.799141019582748413e-01
-1.280227780342102051e+00
6.605836749076843262e-01
-1.158159300684928894e-01
-1.412441134452819824e-01
-4.037147164344787598e-01
-5.915382876992225647e-02
3.859651982784271240e-01
9.165410697460174561e-02
5.981603264808654785e-01
1.227332353591918945e+00
1.141048908233642578e+00
1.010306119918823242e+00
2.500893115997314453e+00
-5.872659757733345032e-02
1.238186478614807129e+00
1.419749498367309570e+00
-3.647755682468414307e-01
-1.205306410789489746e+00
-7.272387742996215820e-01
-3.125845491886138916e-01
2.574946880340576172e-01
-1.019893050193786621e+00
1.075594425201416016e+00
7.266720533370971680e-01
-9.039646983146667480e-01
-2.403376251459121704e-01
-1.403143286705017090e+00
-6.733596324920654297e-01
-1.017247676849365234e+00
-8.057690262794494629e-01
-5.984991192817687988e-01
2.494624108076095581e-01
7.680094838142395020e-01
-3.413754105567932129e-01
-2.553699612617492676e-01
2.179916352033615112e-01
-7.893721759319305420e-02
1.409234106540679932e-01
3.565630316734313965e-01
-5.175374448299407959e-02
3.405453264713287354e-01
-2.874583005905151367e-01
6.116459965705871582e-01
6.471199989318847656e-01
9.346225857734680176e-01
3.588860630989074707e-01
1.321822881698608398e+00
2.665116190910339355e-01
6.375227570533752441e-01
1.062951326370239258e+00
-6.486586928367614746e-01
-2.168488353490829468e-01
-3.438470959663391113e-01
-1.234847426414489746e+00
-3.749556541442871094e-01
-5.053144693374633789e-01
-2.250934839248657227e-01
5.407739281654357910e-01
-2.493329346179962158e-01
5.087392330169677734e-01
-6.592596769332885742e-01
1.938112080097198486e-01
1.840554922819137573e-02
-3.810972571372985840e-01
6.555639505386352539e-01
1.697748601436614990e-01
6.067092418670654297e-01
2.015590667724609375e-01
1.148782894015312195e-01
-1.820597499608993530e-01
1.625777222216129303e-04
-1.238795891404151917e-01
-3.024012222886085510e-02
-5.108568668365478516e-01
-2.921513319015502930e-01
-4.894027411937713623e-01
3.941124081611633301e-01
-1.956053227186203003e-01
1.070242896676063538e-01
3.039067089557647705e-01
3.102147877216339111e-01
2.385557442903518677e-01
-7.550790905952453613e-03
-3.633209764957427979e-01
2.661218345165252686e-01
1.151360720396041870e-01
1.698472350835800171e-01
-9.443236887454986572e-02
-2.017487287521362305e-01
-1.270509213209152222e-01
-3.852012753486633301e-01
2.095572501420974731e-01
-5.397088527679443359e-01
3.877104818820953369e-01
-2.151433378458023071e-01
2.614060789346694946e-02
-5.914065241813659668e-02
4.615465700626373291e-01
2.684203982353210449e-01
7.099101543426513672e-01
-1.890511363744735718e-01
-3.059458732604980469e-01
2.299747467041015625e-01
-1.349574625492095947e-01
1.665508151054382324e-01
-5.168936252593994141e-01
1.308387368917465210e-01
-4.759703278541564941e-01
-5.501143336296081543e-01
5.362220853567123413e-02
3.289934992790222168e-01
4.604202210903167725e-01
2.246669530868530273e-01
8.566679805517196655e-02
-3.800445422530174255e-02
1.307584643363952637e-01
-1.853370070457458496e-01
5.049944669008255005e-02
5.303085222840309143e-02
-2.775284051895141602e-01
3.771077692508697510e-01
2.557848393917083740e-01
-1.523399204015731812e-01
-5.044155716896057129e-01
1.707057468593120575e-02
-7.643154263496398926e-01
6.856027990579605103e-02
1.154388636350631714e-01
2.654459178447723389e-01
-1.737732887268066406e-01
2.691935598850250244e-01
2.828182578086853027e-01
-5.356938838958740234e-01
1.684031605720520020e+00
7.853191345930099487e-02
9.907475113868713379e-02
1.395078450441360474e-01
1.337916612625122070e+00
1.141547113656997681e-01
-2.285091429948806763e-01
4.512274861335754395e-01
-2.301106154918670654e-01
2.771601378917694092e-01
4.337922669947147369e-03
-5.642371177673339844e-01
5.406574606895446777e-01
-6.385225057601928711e-01
-4.007610082626342773e-01
-4.598283171653747559e-01
-2.954960428178310394e-02
-9.590604901313781738e-01
6.432427167892456055e-01
-1.312781423330307007e-01
-6.841206550598144531e-02
5.625582933425903320e-01
4.882778227329254150e-02
-4.498120546340942383e-01
-1.352157909423112869e-03
1.203770488500595093e-01
-2.255213409662246704e-01
9.465524554252624512e-01
2.649466097354888916e-01
8.940998911857604980e-01
-1.068841889500617981e-01
-1.885025650262832642e-01
4.739187657833099365e-01
3.446434140205383301e-01
3.572728335857391357e-01
9.855307936668395996e-01
-1.442356556653976440e-01
8.546827733516693115e-02
2.200591564178466797e-01
4.037091732025146484e-01
-1.665579527616500854e-02
-2.544073760509490967e-01
4.066742584109306335e-02
-1.028291359543800354e-01
-5.991392731666564941e-01
-2.514003589749336243e-02
-3.823637962341308594e-01
1.015867590904235840e-01
4.200303256511688232e-01
1.802218556404113770e-01
3.130292296409606934e-01
4.172599017620086670e-01
-6.137233600020408630e-02
-2.086134850978851318e-01
-3.705384433269500732e-01
-1.903554946184158325e-01
-7.777349650859832764e-02
1.971546560525894165e-01
3.487615883350372314e-01
8.843513131141662598e-01
-4.146289452910423279e-02
1.644726097583770752e-01
-8.277716040611267090e-01
-5.266249775886535645e-01
-1.013542413711547852e+00
-2.475966662168502808e-01
1.405402868986129761e-01
2.236430495977401733e-01
2.847423076629638672e+00
4.648392200469970703e-01
-3.762595355510711670e-01
9.591752886772155762e-01
1.266478188335895538e-02
9.237684309482574463e-02
-3.145036399364471436e-01
4.367008805274963379e-01
1.780835092067718506e-01
-1.361752033233642578e+00
-2.406226843595504761e-01
7.284024357795715332e-01
-3.655088841915130615e-01
1.761537343263626099e-01
-3.184754848480224609e-01
-1.618292778730392456e-01
-2.915732264518737793e-01
3.280215263366699219e-01
-3.123366236686706543e-01
4.884333610534667969e-01
7.171938419342041016e-01
4.579892456531524658e-01
1.202391624450683594e+00
-5.336777567863464355e-01
4.215220808982849121e-01
-6.443315148353576660e-01
7.296929508447647095e-02
-4.032023251056671143e-01
4.622026681900024414e-01
-5.011303424835205078e-01
3.579341471195220947e-01
-9.334995597600936890e-02
4.832756519317626953e-01
1.291224211454391479e-01
5.667563080787658691e-01
7.713141292333602905e-02
3.476517200469970703e-01
2.320055663585662842e-01
-6.515303850173950195e-01
2.954362034797668457e-01
-8.429894447326660156e-01
3.842942118644714355e-01
7.344783842563629150e-02
-1.181120797991752625e-01
3.389635384082794189e-01
-2.043588161468505859e-01
3.515664637088775635e-01
1.562670469284057617e-01
-3.700824677944183350e-01
-6.109545752406120300e-02
-8.246639966964721680e-01
2.300503253936767578e-01
-2.878641486167907715e-01
3.197711110115051270e-01
1.858787685632705688e-01
-4.474101960659027100e-01
1.343138664960861206e-01
-1.780487298965454102e-01
2.450588718056678772e-02
-1.357665210962295532e-01
-7.589483261108398438e-02
7.274806499481201172e-02
5.753685832023620605e-01
3.289618492126464844e-01
5.334663391113281250e-01
3.484807908535003662e-01
-2.810652926564216614e-02
5.129441618919372559e-01
4.549703299999237061e-01
3.166229724884033203e-01
-8.658313751220703125e-02
5.140786170959472656e-01
-4.105536639690399170e-02
-4.686836302280426025e-01
-4.433293640613555908e-01
-2.315720915794372559e-01
-1.690766029059886932e-02
-8.669651746749877930e-01
-9.957382827997207642e-02
-9.724059700965881348e-01
-3.010170161724090576e-02
-4.719102978706359863e-01
-2.006894797086715698e-01
-6.219435334205627441e-01
1.777177304029464722e-02
-2.057922184467315674e-01
2.542948424816131592e-01
6.221763491630554199e-01
2.072077393531799316e-01
7.710590362548828125e-01
1.067483425140380859e-01
4.990214854478836060e-02
-4.162092804908752441e-01
-1.191567182540893555e-01
-1.202775239944458008e-01
-4.011793062090873718e-03
5.790540575981140137e-01
3.324248641729354858e-02
-3.705149292945861816e-01
-1.552803516387939453e-01
-4.555797278881072998e-01
5.117849707603454590e-01
3.384378254413604736e-01
-1.348878890275955200e-01
1.685151606798171997e-01
-3.212881088256835938e-02
3.284959197044372559e-01
-2.924544513225555420e-01
-2.488364428281784058e-01
-8.077372908592224121e-01
1.965114772319793701e-01
1.680832654237747192e-01
-7.362130880355834961e-01
2.019530683755874634e-01
-5.264735817909240723e-01
-2.213282883167266846e-01
2.904461920261383057e-01
4.060211777687072754e-01
-2.401204258203506470e-01
4.988785982131958008e-01
2.197137922048568726e-01
9.523248076438903809e-01
2.335208058357238770e-01
7.183336019515991211e-01
3.498735129833221436e-01
2.516546249389648438e-01
1.355338692665100098e-01
2.398356050252914429e-01
-2.421111464500427246e-01
-1.658399850130081177e-01
-3.413917124271392822e-01
-4.533634334802627563e-02
-3.445588350296020508e-01
5.139608383178710938e-01
1.170149669051170349e-01
4.915092587471008301e-01
4.826243519783020020e-01
1.733050644397735596e-01
8.496186137199401855e-01
3.752393424510955811e-01
6.365200281143188477e-01
-3.388712406158447266e-01
-9.732018113136291504e-01
-1.044485449790954590e+00
-1.202655315399169922e+00
-6.742516905069351196e-02
-8.965207934379577637e-01
-5.059488117694854736e-03
-5.427348017692565918e-01
-1.539353728294372559e-01
3.239119350910186768e-01
4.422830641269683838e-01
-6.446561962366104126e-02
4.996227324008941650e-01
1.967840194702148438e-01
4.215058088302612305e-01
7.099419087171554565e-02
3.525029122829437256e-01
6.684328913688659668e-01
1.471179127693176270e-01
-2.568938732147216797e-01
2.117664217948913574e-01
-5.145884752273559570e-01
7.982180714607238770e-01
4.647150337696075439e-01
9.609045460820198059e-03
-5.241202116012573242e-01
-4.443303868174552917e-02
-6.845493912696838379e-01
-1.207065209746360779e-01
1.034274101257324219e-01
2.967037856578826904e-01
-2.064347565174102783e-01
-5.483964085578918457e-02
-3.113364279270172119e-01
4.092520475387573242e-02
-8.898425102233886719e-01
4.049004018306732178e-01
6.544049978256225586e-01
-5.548696964979171753e-02
3.513428270816802979e-01
2.386263161897659302e-01
-1.846929639577865601e-01
-2.744340002536773682e-01
-8.261226415634155273e-01
-8.967407345771789551e-01
-8.161643892526626587e-02
1.451424062252044678e-01
-5.839168429374694824e-01
7.644830346107482910e-01
-3.449713811278343201e-02
3.165392577648162842e-01
-9.104955196380615234e-02
1.083282709121704102e+00
1.165176182985305786e-01
3.910121321678161621e-01
-7.166839670389890671e-03
-2.259412556886672974e-01
-3.509989082813262939e-01
-9.371858835220336914e-02
3.069238364696502686e-02
4.290112853050231934e-01
-3.320082649588584900e-02
1.475874036550521851e-01
7.432448267936706543e-01
1.446523308753967285e+00
5.575781464576721191e-01
2.416639804840087891e+00
-7.453393340110778809e-01
2.093209922313690186e-01
7.500338368117809296e-03
-3.325356841087341309e-01
-1.987993419170379639e-01
-2.631755769252777100e-01
-7.098771631717681885e-02
-9.026377797126770020e-01
-2.842431366443634033e-01
1.237715408205986023e-02
-2.531529664993286133e-01
4.441820085048675537e-01
1.295735836029052734e-01
2.067092806100845337e-01
3.586526215076446533e-01
-3.796558976173400879e-01
-3.595893681049346924e-01
-3.515431880950927734e-01
7.580272853374481201e-03
-1.836269199848175049e-01
-4.931095540523529053e-01
-6.213677525520324707e-01
-4.310042262077331543e-01
