-1.151998996734619141e+00
-1.931572854518890381e-01
-1.004796177148818970e-01
-4.973164200782775879e-02
-3.835792243480682373e-01
4.894745349884033203e-02
-1.870599836111068726e-01
-1.475585103034973145e-01
-4.603944718837738037e-01
-4.603650569915771484e-01
-4.574550390243530273e-01
-4.214951395988464355e-02
-8.639988303184509277e-02
3.492767512798309326e-01
2.717868983745574951e-01
5.904558897018432617e-01
8.456737399101257324e-01
7.928974032402038574e-01
1.306029915809631348e+00
3.499176502227783203e-01
4.626564085483551025e-01
2.826269567012786865e-01
1.600988768041133881e-02
-1.912851929664611816e-01
-8.261139504611492157e-03
-1.226801276206970215e-01
1.974908113479614258e-01
-7.079939842224121094e-01
-3.265615701675415039e-01
-3.168828487396240234e-01
-2.111057341098785400e-01
1.791740059852600098e-01
-1.696141362190246582e-01
5.384356975555419922e-01
-3.139725327491760254e-01
8.264707028865814209e-02
1.587427109479904175e-01
3.073836117982864380e-02
2.649454772472381592e-01
1.414807587862014771e-01
-2.550864964723587036e-02
-3.265470862388610840e-01
-8.644866943359375000e-02
-8.624229580163955688e-02
2.806465141475200653e-03
6.691676378250122070e-01
1.728992760181427002e-01
5.785306692123413086e-01
-7.439359277486801147e-02
-2.216361314058303833e-01
6.346249580383300781e-01
-1.412875950336456299e-01
-2.763679623603820801e-01
9.595014452934265137e-01
-5.628402829170227051e-01
5.016087889671325684e-01
9.482374042272567749e-02
8.013812303543090820e-01
3.865494132041931152e-01
5.860528349876403809e-01
4.643480479717254639e-01
-1.342143416404724121e-01
-7.462953031063079834e-02
-7.994972169399261475e-02
-3.893508911132812500e-01
-3.288472592830657959e-01
-5.983314514160156250e-01
-9.367982745170593262e-01
-9.386625140905380249e-02
-2.712640464305877686e-01
-9.857660531997680664e-02
-2.208982706069946289e-01
1.302240341901779175e-01
-1.068362742662429810e-01
1.319887191057205200e-01
2.002407908439636230e-01
3.571968376636505127e-01
4.694399237632751465e-01
3.625830411911010742e-01
8.119931817054748535e-01
2.040240168571472168e-01
4.741319417953491211e-01
-1.384567022323608398e-01
-5.148867890238761902e-02
-7.354590892791748047e-01
-3.896212577819824219e-02
2.372246831655502319e-01
1.464734971523284912e-01
6.186122894287109375e-01
2.456673234701156616e-01
6.332613229751586914e-01
5.216669440269470215e-01
4.670120179653167725e-01
2.493477426469326019e-02
-1.109520196914672852e-01
-1.451792120933532715e-01
9.455996006727218628e-02
-4.246373772621154785e-01
1.150426790118217468e-01
-6.766782999038696289e-01
5.924670100212097168e-01
5.670145153999328613e-01
3.545186519622802734e-01
-1.996780782938003540e-01
-2.302381396293640137e-01
2.145855128765106201e-02
-3.276015222072601318e-01
1.132406890392303467e-01
-1.253107190132141113e-01
7.166191190481185913e-02
-3.518377542495727539e-01
-2.815907299518585205e-01
-3.504778146743774414e-01
-4.024721086025238037e-01
-1.082085911184549332e-02
-1.507676988840103149e-01
-1.763849705457687378e-02
1.941507682204246521e-02
5.560005307197570801e-01
1.122015714645385742e-01
7.922866940498352051e-01
4.685071706771850586e-01
5.813500881195068359e-01
-1.275807172060012817e-01
2.291034907102584839e-01
1.157723814249038696e-01
-3.580200299620628357e-02
2.041287869215011597e-01
3.682557865977287292e-02
1.674721688032150269e-01
2.956864535808563232e-01
4.555782377719879150e-01
1.722579151391983032e-01
4.523537158966064453e-01
-1.277857720851898193e-01
9.732197970151901245e-02
-1.357983332127332687e-03
-3.417749702930450439e-01
7.802477478981018066e-02
-4.532127976417541504e-01
-2.806680500507354736e-01
2.452840656042098999e-02
-2.566567994654178619e-02
1.169675886631011963e-01
-2.030900567770004272e-01
-4.607988148927688599e-02
-6.776110269129276276e-03
-1.480718851089477539e-01
-8.698263764381408691e-02
4.128574728965759277e-01
3.769745230674743652e-01
5.611999034881591797e-01
4.407003521919250488e-01
4.445537030696868896e-01
3.488589823246002197e-01
2.282973676919937134e-01
1.566442549228668213e-01
6.609129160642623901e-02
7.516131550073623657e-02
-4.075519144535064697e-01
-2.769004702568054199e-01
3.470841795206069946e-02
-4.622654318809509277e-01
4.804214462637901306e-02
-2.260308116674423218e-01
-2.616650164127349854e-01
-1.318489201366901398e-02
-6.710034012794494629e-01
3.925418853759765625e-01
-3.063850998878479004e-01
3.423688560724258423e-02
-3.525660634040832520e-01
6.813999414443969727e-01
-1.166136711835861206e-01
4.000850915908813477e-01
1.859488338232040405e-01
4.492465257644653320e-01
5.547798871994018555e-01
3.501889407634735107e-01
6.369501948356628418e-01
7.314225435256958008e-01
-2.436356842517852783e-01
2.712363190948963165e-02
-2.610535323619842529e-01
-3.664353191852569580e-01
7.507128641009330750e-03
-9.538560509681701660e-01
1.117242351174354553e-01
-4.749551415443420410e-01
-2.310168743133544922e-01
-3.251111805438995361e-01
-7.133874297142028809e-02
-7.078991830348968506e-02
3.621701002120971680e-01
6.465344429016113281e-01
3.701110780239105225e-01
3.006144464015960693e-01
2.752070724964141846e-01
-2.065336704254150391e-01
-1.263469159603118896e-01
-4.402466490864753723e-02
-2.099513858556747437e-01
5.117458105087280273e-01
1.560170054435729980e-01
5.063292980194091797e-01
8.248646259307861328e-01
1.328677237033843994e-01
7.676561363041400909e-03
-2.347807586193084717e-01
-7.514426950365304947e-03
2.725530862808227539e-01
-1.402759552001953125e-01
2.252336591482162476e-01
2.566809654235839844e-01
-7.592742890119552612e-02
1.209963932633399963e-01
-1.640156358480453491e-01
7.447004318237304688e-02
-7.139543294906616211e-01
-6.713637113571166992e-01
1.353437174111604691e-02
-4.713764488697052002e-01
5.468950867652893066e-01
3.285585343837738037e-01
8.725164532661437988e-01
8.849027156829833984e-01
1.603202223777770996e+00
7.812868952751159668e-01
4.649097919464111328e-01
-3.518971800804138184e-01
-4.802353084087371826e-01
-5.151981115341186523e-01
-4.835493266582489014e-01
-1.953466087579727173e-01
-6.228424906730651855e-01
8.227808773517608643e-02
1.878347694873809814e-01
3.900657594203948975e-02
4.140589237213134766e-01
3.448940217494964600e-01
6.534565240144729614e-02
1.555672287940979004e-01
-1.390120983123779297e-01
-1.031143367290496826e-01
2.957312166690826416e-01
3.358983397483825684e-01
6.605626344680786133e-01
7.028195261955261230e-01
6.894634366035461426e-01
6.674509048461914062e-01
1.335308670997619629e+00
7.865726016461849213e-03
4.108197987079620361e-01
-2.331434190273284912e-01
3.425293266773223877e-01
-3.776199817657470703e-01
2.927386164665222168e-01
-2.891687750816345215e-01
-3.782406151294708252e-01
-4.229563176631927490e-01
-5.110442638397216797e-01
-3.529491424560546875e-01
5.257784202694892883e-02
9.975611418485641479e-02
1.645367592573165894e-01
1.826284676790237427e-01
1.729401946067810059e-01
6.606634259223937988e-01
3.812452405691146851e-02
-4.572093486785888672e-02
1.901581436395645142e-01
-1.121999248862266541e-01
-4.542172253131866455e-01
-1.752000302076339722e-01
-1.615150719881057739e-01
-1.573893278837203979e-01
5.105732083320617676e-01
6.567123532295227051e-01
7.092560529708862305e-01
1.032341599464416504e+00
1.008710026741027832e+00
6.791969537734985352e-01
7.051048278808593750e-01
3.604047596454620361e-01
-3.181070834398269653e-02
-2.281093299388885498e-01
-3.893382251262664795e-01
-1.734060347080230713e-01
-5.994126796722412109e-01
-7.255961000919342041e-02
-1.174527034163475037e-01
5.355320870876312256e-02
1.421687006950378418e-02
1.393240243196487427e-01
3.635815680027008057e-01
-5.322427675127983093e-02
-1.223522275686264038e-01
1.445471346378326416e-01
-1.920447796583175659e-01
-3.060677051544189453e-01
2.730259299278259277e-01
6.445732899010181427e-03
1.823525428771972656e-01
1.394819468259811401e-01
5.700911879539489746e-01
5.786055326461791992e-02
3.224064707756042480e-01
1.596145331859588623e-01
1.180646941065788269e-01
2.723893336951732635e-02
2.272908240556716919e-01
5.387936159968376160e-02
2.270679324865341187e-01
4.341806173324584961e-01
-1.951452642679214478e-01
4.313963353633880615e-01
-3.367924988269805908e-01
-2.748392820358276367e-01
-3.744992315769195557e-01
2.056883424520492554e-01
1.954231113195419312e-01
-6.570703536272048950e-02
1.647353768348693848e-01
8.675879240036010742e-01
7.935041189193725586e-01
4.075192511081695557e-01
5.705865025520324707e-01
1.950584948062896729e-01
-7.195103168487548828e-01
-3.977989852428436279e-01
-2.688492536544799805e-01
-1.453201472759246826e-01
1.262831389904022217e-01
1.522695273160934448e-01
2.166310139000415802e-02
-1.216778457164764404e-01
3.577652275562286377e-01
4.171214401721954346e-01
6.564751863479614258e-01
-2.726986408233642578e-01
3.059771358966827393e-01
-5.868572592735290527e-01
4.857281446456909180e-01
-2.094040364027023315e-01
3.497313261032104492e-01
-3.544498383998870850e-01
4.578218609094619751e-02
-1.287355087697505951e-02
-2.581351399421691895e-01
-2.734519839286804199e-01
-3.207792043685913086e-01
-1.852715611457824707e-01
1.719142496585845947e-01
4.274185895919799805e-01
2.316598296165466309e-01
5.071339607238769531e-01
4.946720302104949951e-01
5.151508450508117676e-01
-2.078931927680969238e-01
-4.559563398361206055e-01
2.111023813486099243e-01
2.113435417413711548e-01
-3.961937427520751953e-01
2.266215682029724121e-01
1.414100378751754761e-01
3.837552666664123535e-01
7.837895303964614868e-02
-7.123487070202827454e-03
4.205185174942016602e-02
-1.202534586191177368e-01
-1.373043507337570190e-01
-4.978029131889343262e-01
8.992699533700942993e-02
-1.904875040054321289e-01
2.892049551010131836e-01
1.317719668149948120e-01
5.768743157386779785e-01
3.939712941646575928e-01
4.379556179046630859e-01
4.315179288387298584e-01
2.384986728429794312e-02
-4.290015697479248047e-01
-1.159669682383537292e-01
-6.700500845909118652e-01
-5.980005264282226562e-01
-8.184182047843933105e-01
-6.282695531845092773e-01
1.092975772917270660e-02
-3.882167041301727295e-01
7.463922500610351562e-01
4.768933355808258057e-02
7.833195328712463379e-01
4.482080638408660889e-01
1.145300149917602539e+00
8.714289069175720215e-01
8.344293832778930664e-01
3.451744914054870605e-01
1.653258949518203735e-01
7.341022789478302002e-02
7.291616499423980713e-02
1.622844338417053223e-01
-1.771698594093322754e-01
7.455961406230926514e-02
-1.488874405622482300e-01
3.755078315734863281e-01
-4.750967919826507568e-01
3.530835211277008057e-01
-8.965586870908737183e-02
1.008391827344894409e-01
-7.330808639526367188e-01
-1.175665035843849182e-01
-1.517548710107803345e-01
-4.536856710910797119e-01
1.712424904108047485e-01
3.056589365005493164e-01
-1.334420144557952881e-01
2.122077047824859619e-01
2.141701877117156982e-01
7.000645399093627930e-01
-1.673595309257507324e-01
-5.069307088851928711e-01
1.254887223243713379e+00
2.521686851978302002e-01
1.267342805862426758e+00
-9.494425356388092041e-02
3.728927969932556152e-01
-6.501201540231704712e-02
-1.504597514867782593e-01
5.645535588264465332e-01
-5.981178879737854004e-01
5.922188162803649902e-01
-5.953746438026428223e-01
4.770509302616119385e-01
-1.728237979114055634e-02
4.145753979682922363e-01
-1.100687608122825623e-01
4.449816942214965820e-01
2.352333441376686096e-02
-1.564348936080932617e-01
5.009689331054687500e-01
1.297260224819183350e-01
8.194922655820846558e-02
4.491466283798217773e-01
-4.756401777267456055e-01
-2.055030167102813721e-01
-5.612188577651977539e-01
-2.482400089502334595e-01
-2.969653904438018799e-01
-1.084093973040580750e-01
3.751038610935211182e-01
2.688809931278228760e-01
1.409214735031127930e+00
1.804144829511642456e-01
4.447600841522216797e-01
-4.192122220993041992e-01
-1.918896734714508057e-01
-3.482328057289123535e-01
-2.567551732063293457e-01
5.208023786544799805e-01
-3.398478925228118896e-01
-4.158072918653488159e-02
1.803734451532363892e-01
4.075172841548919678e-01
2.693814039230346680e-01
4.448950886726379395e-01
1.849107295274734497e-01
1.931210905313491821e-01
-2.636790573596954346e-01
-5.005412101745605469e-01
-1.580632477998733521e-01
2.689881324768066406e-01
1.859390437602996826e-01
5.142443776130676270e-01
1.434174925088882446e-01
-2.555339336395263672e-01
1.589344441890716553e-01
2.268877029418945312e-01
5.106607079505920410e-01
6.319398432970046997e-02
6.799090653657913208e-02
4.387123510241508484e-02
4.335806369781494141e-01
-3.643203377723693848e-01
-1.848645806312561035e-01
2.354578226804733276e-01
-2.355676293373107910e-01
-1.795196533203125000e-01
1.324136257171630859e-01
-1.057712361216545105e-03
-4.290321096777915955e-02
2.287859171628952026e-01
-2.525369450449943542e-02
3.053712844848632812e-01
8.020569682121276855e-01
1.212341487407684326e-01
3.459523618221282959e-01
5.943680554628372192e-02
2.422661483287811279e-01
-1.294403970241546631e-01
1.089018285274505615e-01
1.153484806418418884e-01
-2.490568310022354126e-01
-4.139381349086761475e-01
4.513406008481979370e-02
-2.966193258762359619e-01
-2.561420667916536331e-03
-2.318850606679916382e-01
3.836771100759506226e-02
-1.250438570976257324e+00
9.458323717117309570e-01
1.039696574211120605e+00
6.246085762977600098e-01
1.415407896041870117e+00
