-9.742283821105957031e-01
-2.624452412128448486e-01
-2.697543203830718994e-01
1.885830014944076538e-01
-5.421800613403320312e-01
-3.707296252250671387e-01
-5.252676010131835938e-01
-1.113383054733276367e+00
-4.623849317431449890e-02
-9.433150291442871094e-02
2.539771795272827148e-01
4.537602663040161133e-01
2.778168022632598877e-01
3.005803525447845459e-01
6.066588312387466431e-02
-1.092736721038818359e-01
4.467168748378753662e-01
4.555914103984832764e-01
-9.268435835838317871e-02
-1.121810302138328552e-01
5.919985175132751465e-01
5.998182892799377441e-01
1.688146889209747314e-01
5.233903527259826660e-01
-2.242859005928039551e-01
6.352884769439697266e-01
-6.622855067253112793e-01
-3.161037862300872803e-01
-1.900565922260284424e-01
-3.096320033073425293e-01
2.773244380950927734e-01
1.692758500576019287e-01
-2.066435962915420532e-01
5.549487471580505371e-01
7.904835045337677002e-02
7.522571831941604614e-02
-3.102364540100097656e-01
-3.248773515224456787e-01
2.643587067723274231e-02
1.489399969577789307e-01
1.661503314971923828e-01
-3.038501366972923279e-02
-2.438244819641113281e-01
2.661281228065490723e-01
3.880639374256134033e-01
-1.294247955083847046e-01
6.822693347930908203e-02
2.199965901672840118e-02
-5.613915994763374329e-02
3.080332279205322266e-01
1.556913495063781738e+00
6.965936422348022461e-01
2.278638631105422974e-01
-4.848051667213439941e-01
-5.673263072967529297e-01
-2.478703670203685760e-02
-4.589159488677978516e-01
3.140675425529479980e-01
1.441885709762573242e+00
3.273465335369110107e-01
2.343643456697463989e-01
-1.938968300819396973e-01
-2.399343550205230713e-01
5.997881293296813965e-02
-3.497229516506195068e-01
5.763036012649536133e-01
-2.293089181184768677e-01
1.284551918506622314e-01
-6.124199032783508301e-01
2.719111740589141846e-01
-1.910385638475418091e-01
-1.780407875776290894e-01
-5.547017455101013184e-01
-3.871223330497741699e-01
3.388955891132354736e-01
4.580075740814208984e-01
5.309311151504516602e-01
3.865283131599426270e-01
6.070092916488647461e-01
-3.908225893974304199e-02
-8.710560202598571777e-01
-6.084099411964416504e-01
-1.597024798393249512e-01
2.190574705600738525e-01
1.604333072900772095e-01
1.701764762401580811e-01
-5.839361250400543213e-02
7.786077260971069336e-01
5.004367828369140625e-01
2.124453037977218628e-01
3.424805700778961182e-01
2.693188786506652832e-01
4.539361596107482910e-01
4.266530871391296387e-01
6.805469393730163574e-01
5.774207040667533875e-02
-3.509042561054229736e-01
-4.348948299884796143e-01
-5.845595151185989380e-02
-9.036534428596496582e-01
-2.734862267971038818e-01
5.761281400918960571e-02
6.818718910217285156e-01
-6.314621567726135254e-01
-4.681938588619232178e-01
-3.030317127704620361e-01
1.020578593015670776e-01
2.387305200099945068e-01
-2.059625834226608276e-01
1.912793815135955811e-01
8.404519408941268921e-03
7.708616554737091064e-02
-1.094615180045366287e-02
3.726994693279266357e-01
-7.965152710676193237e-02
2.031026333570480347e-01
-7.726166844367980957e-01
-4.995118677616119385e-01
-1.255842447280883789e-01
-1.557522267103195190e-01
8.918074965476989746e-01
2.253387272357940674e-01
2.877155840396881104e-01
-4.587513804435729980e-01
-1.556575149297714233e-01
5.875332355499267578e-01
2.403944134712219238e-01
-3.364230040460824966e-03
1.730637401342391968e-01
-5.272741243243217468e-02
-3.673125803470611572e-02
3.332304358482360840e-01
-2.591274976730346680e-01
4.504353106021881104e-01
3.838669508695602417e-02
-4.849209189414978027e-01
1.094607636332511902e-03
3.814814239740371704e-02
2.835210859775543213e-01
5.849215760827064514e-02
8.978649377822875977e-01
2.307663206011056900e-03
7.733729481697082520e-02
1.178786456584930420e-01
-3.162188231945037842e-01
-3.621215224266052246e-01
-4.117569625377655029e-01
-8.278843164443969727e-01
-5.788811445236206055e-01
-1.483353972434997559e-01
-2.677406072616577148e-01
3.844580352306365967e-01
1.683564633131027222e-01
7.510704398155212402e-01
-1.198444664478302002e-01
2.268293797969818115e-01
-1.626899242401123047e-01
6.274591088294982910e-01
7.717344164848327637e-02
6.214646697044372559e-01
4.247781634330749512e-01
7.077939808368682861e-02
-1.455022841691970825e-01
4.612757265567779541e-02
-1.039995789527893066e+00
-2.850625216960906982e-01
6.557785719633102417e-02
3.428425788879394531e-01
6.292353272438049316e-01
5.886000394821166992e-01
1.178879961371421814e-01
8.420646935701370239e-02
2.635195553302764893e-01
-5.808485150337219238e-01
-1.990522891283035278e-01
-1.025545835494995117e+00
-5.184566974639892578e-01
-5.649854540824890137e-01
1.482715308666229248e-01
9.017822146415710449e-02
6.600349545478820801e-01
-7.653525471687316895e-01
4.481919109821319580e-01
-4.343965351581573486e-01
-1.794047057628631592e-01
7.609771192073822021e-02
-3.659617602825164795e-01
4.495754539966583252e-01
4.149685204029083252e-01
1.901380121707916260e-01
2.967881560325622559e-01
-4.837592542171478271e-01
1.317383944988250732e-01
7.714193463325500488e-01
3.960973918437957764e-01
9.351620078086853027e-02
1.371127814054489136e-01
-3.872784376144409180e-01
-4.738129079341888428e-01
-4.534098207950592041e-01
8.162177801132202148e-01
-2.737951576709747314e-01
-6.204248219728469849e-02
-4.621164873242378235e-02
-1.159226894378662109e+00
8.050211668014526367e-01
1.274464607238769531e+00
1.012319564819335938e+00
1.194674134254455566e+00
-6.020907163619995117e-01
-1.682957075536251068e-02
-3.008635938167572021e-01
-1.440864354372024536e-01
-5.362227559089660645e-01
-1.273369044065475464e-01
1.342260390520095825e-01
8.604029417037963867e-01
2.765339612960815430e-01
-1.527741551399230957e-01
-4.365050196647644043e-01
-2.351909726858139038e-01
-4.815649986267089844e-01
3.081847447901964188e-03
-1.422989070415496826e-01
-6.767475605010986328e-01
-2.016629874706268311e-01
-3.148391544818878174e-01
-5.397028326988220215e-01
4.720081090927124023e-01
2.767127454280853271e-01
1.493813097476959229e-01
2.459144592285156250e-01
2.332503795623779297e-01
4.942104816436767578e-01
2.134898155927658081e-01
1.798978745937347412e-01
8.872126340866088867e-01
6.050822138786315918e-01
-7.833283394575119019e-02
5.616524219512939453e-01
-4.491988420486450195e-01
-1.087210699915885925e-01
3.117632567882537842e-01
9.131421893835067749e-02
-5.272704362869262695e-01
-1.009840592741966248e-01
-5.393614768981933594e-01
7.540284097194671631e-02
-1.332256197929382324e-01
3.075929880142211914e-01
4.478863477706909180e-01
2.736140973865985870e-02
1.693096905946731567e-01
-5.897317826747894287e-02
4.041583240032196045e-01
6.461535096168518066e-01
2.823232412338256836e-01
5.636912584304809570e-01
-2.343196421861648560e-01
-4.739292860031127930e-01
-4.555455595254898071e-02
5.415416136384010315e-02
-5.025621652603149414e-01
1.955961883068084717e-01
3.201431632041931152e-01
3.228215277194976807e-01
3.661468997597694397e-02
4.874820113182067871e-01
2.410165518522262573e-01
3.054287433624267578e-01
1.955711543560028076e-01
5.484977364540100098e-01
-4.339402318000793457e-01
2.714273035526275635e-01
-2.600013017654418945e-01
-3.091085553169250488e-01
-6.534037739038467407e-02
-2.031747549772262573e-01
-3.629148751497268677e-02
1.901748478412628174e-01
-4.975209832191467285e-01
-1.955606602132320404e-02
-5.492520332336425781e-01
-4.408204182982444763e-02
-2.886850237846374512e-01
4.923969879746437073e-02
-4.150668978691101074e-01
2.501398921012878418e-01
1.801882982254028320e-01
2.745423913002014160e-01
3.300384581089019775e-01
1.171685531735420227e-01
8.248445391654968262e-01
1.644381761550903320e+00
2.306999862194061279e-01
1.883250921964645386e-01
9.136846661567687988e-02
1.425831615924835205e-01
-2.605692148208618164e-01
-3.480287641286849976e-02
-1.566104739904403687e-01
1.242588609457015991e-01
-4.263910949230194092e-01
-1.916443705558776855e-01
1.619496643543243408e-01
-5.415146350860595703e-01
1.140834242105484009e-01
1.111719533801078796e-01
1.528434604406356812e-01
2.823487818241119385e-01
8.689976483583450317e-02
-2.985914647579193115e-01
-1.643624603748321533e-01
-2.119841985404491425e-02
6.880909949541091919e-02
1.455523371696472168e-01
5.320361256599426270e-01
4.900595843791961670e-01
-3.252288699150085449e-02
7.746638059616088867e-01
6.189413741230964661e-02
3.193541616201400757e-02
-5.768373608589172363e-02
-1.814122051000595093e-01
-3.051347434520721436e-01
-7.850426435470581055e-02
2.517262995243072510e-01
4.360752403736114502e-01
5.766338109970092773e-01
9.671397209167480469e-01
6.260348483920097351e-03
2.806259989738464355e-01
-5.240054726600646973e-01
-4.337232410907745361e-01
-4.295679926872253418e-01
-3.693889677524566650e-01
2.999610304832458496e-01
-3.113333284854888916e-01
9.797908365726470947e-02
-5.239309668540954590e-01
4.298945069313049316e-01
4.318378269672393799e-01
1.076429262757301331e-01
5.026888847351074219e-01
1.372029930353164673e-01
-2.496634721755981445e-01
2.121117562055587769e-01
1.699000895023345947e-01
-1.837680339813232422e-01
1.055637933313846588e-02
-1.608133763074874878e-01
5.975736379623413086e-01
-4.724889621138572693e-02
2.110552191734313965e-01
2.600201666355133057e-01
9.771009534597396851e-02
-1.747820526361465454e-01
4.837869405746459961e-01
2.119468748569488525e-01
-4.408672153949737549e-01
-6.651052236557006836e-01
-1.630876958370208740e-01
-5.740472674369812012e-01
-4.252744019031524658e-01
-2.950345873832702637e-01
-2.267704010009765625e-01
-9.095969051122665405e-02
3.365289866924285889e-01
-2.229248285293579102e-01
2.264680266380310059e-01
2.148378491401672363e-01
7.644552588462829590e-01
6.362925767898559570e-01
3.211118280887603760e-01
5.373599529266357422e-01
-1.300674080848693848e-01
-3.737116754055023193e-01
-3.246017992496490479e-01
2.278583347797393799e-01
-4.160639047622680664e-01
-5.982307791709899902e-01
-1.748858690261840820e-01
1.624534279108047485e-02
2.067385613918304443e-01
-7.961181923747062683e-03
-2.363861799240112305e-01
1.888447254896163940e-01
3.387862145900726318e-01
1.868188232183456421e-01
2.627119123935699463e-01
-1.794747561216354370e-01
-9.798348695039749146e-02
-4.601708054542541504e-01
2.769288420677185059e-01
-5.582593679428100586e-01
2.293944656848907471e-01
-4.258463382720947266e-01
-1.184273213148117065e-01
-4.367685616016387939e-01
3.268646597862243652e-01
2.244305424392223358e-02
9.268198162317276001e-02
-1.983145028352737427e-01
2.802225649356842041e-01
2.740631252527236938e-02
5.667642503976821899e-02
1.551748961210250854e-01
1.170100927352905273e+00
9.356036782264709473e-01
2.702697813510894775e-01
3.003264665603637695e-01
-1.628116667270660400e-01
5.479776263236999512e-01
7.259437441825866699e-01
5.424678921699523926e-01
4.467274248600006104e-01
-1.264589577913284302e-01
-1.425616592168807983e-01
8.375563472509384155e-02
2.522886097431182861e-01
-1.337836086750030518e-01
3.228040337562561035e-01
8.238673955202102661e-02
2.784141898155212402e-01
-2.252281904220581055e-01
-2.610207200050354004e-01
-1.033606648445129395e+00
3.887034654617309570e-01
-5.665810108184814453e-01
-2.529939711093902588e-01
6.151967868208885193e-02
5.811294317245483398e-01
-2.975832521915435791e-01
7.532385587692260742e-01
-3.632307350635528564e-01
7.531098090112209320e-03
-2.873802781105041504e-01
2.023982256650924683e-02
1.249761804938316345e-01
-2.512382566928863525e-01
-3.742393851280212402e-01
-2.909453809261322021e-01
8.507695049047470093e-02
2.397558540105819702e-01
9.209082126617431641e-01
4.993189126253128052e-02
6.313790678977966309e-01
4.551669359207153320e-01
1.824091821908950806e-01
1.751436591148376465e-01
3.162110745906829834e-01
1.620459258556365967e-01
-3.835684806108474731e-02
-1.603631824254989624e-01
-1.405272185802459717e-01
-1.202754527330398560e-01
4.281405508518218994e-01
1.044193282723426819e-01
3.182991966605186462e-02
-6.807248592376708984e-01
2.616851329803466797e-01
-1.428422331809997559e-01
-1.096984930336475372e-02
-7.032436877489089966e-02
-6.395868211984634399e-02
1.613653078675270081e-02
-1.083428487181663513e-01
-2.874555066227912903e-02
-1.412485688924789429e-01
6.386901438236236572e-02
-1.427222695201635361e-02
-5.173541307449340820e-01
1.356630206108093262e+00
3.759253025054931641e-01
-2.505141496658325195e-02
4.650118947029113770e-01
-1.825128942728042603e-01
2.885558903217315674e-01
2.466114610433578491e-01
-3.985526859760284424e-01
-4.631100893020629883e-01
-5.193077772855758667e-02
1.264109909534454346e-01
4.236395061016082764e-01
2.124511599540710449e-01
4.548847079277038574e-01
-4.161603152751922607e-01
-1.548275500535964966e-01
7.079496514052152634e-03
5.673436522483825684e-01
-8.127969503402709961e-02
-2.424751073122024536e-01
7.916688919067382812e-02
-1.303090602159500122e-01
8.802080154418945312e-02
1.387699097394943237e-01
8.562401682138442993e-02
5.689663887023925781e-01
-6.401983499526977539e-01
-1.856831312179565430e-01
-2.824862003326416016e-01
1.848582774400711060e-01
6.284795403480529785e-01
-2.793713212013244629e-01
5.616131797432899475e-02
1.038892745971679688e+00
1.333881258964538574e+00
7.355296611785888672e-01
-2.414384335279464722e-01
-2.561406493186950684e-01
-4.117355048656463623e-01
-9.482525289058685303e-03
-8.785916119813919067e-02
