8.365190029144287109e-01
-3.922589421272277832e-01
-1.453782171010971069e-01
-1.169227585196495056e-01
-9.828370064496994019e-03
-1.333433240652084351e-01
4.728415012359619141e-01
5.523318052291870117e-01
-5.380303133279085159e-03
-3.114096522331237793e-01
-6.997889280319213867e-02
-1.583041995763778687e-02
-2.114601582288742065e-01
4.148910194635391235e-02
-3.023412227630615234e-01
-4.540752768516540527e-01
-3.951519131660461426e-01
-2.569498419761657715e-01
-3.365208506584167480e-01
-6.858055591583251953e-01
1.600062698125839233e-01
-3.467479646205902100e-01
4.357491731643676758e-01
-2.108425945043563843e-01
6.388939023017883301e-01
-1.547657251358032227e-01
1.049591183662414551e+00
3.414130806922912598e-01
4.394882917404174805e-01
4.571514725685119629e-01
-1.643520593643188477e-01
-2.930514216423034668e-01
-2.848857343196868896e-01
-1.911069750785827637e-01
-3.791601955890655518e-01
1.633296906948089600e-01
-1.230810403823852539e+00
-1.879728585481643677e-02
-5.176223516464233398e-01
-4.294515550136566162e-01
-2.744582295417785645e-01
2.473807781934738159e-01
3.983139991760253906e-01
4.650359451770782471e-01
3.794715404510498047e-01
8.329769372940063477e-01
-1.793550699949264526e-01
-1.252213567495346069e-01
-5.013491511344909668e-01
-4.532334804534912109e-01
-2.771230936050415039e-01
3.726557642221450806e-02
5.905921757221221924e-02
5.167694091796875000e-01
-1.067029833793640137e+00
-7.864798903465270996e-01
-5.035755038261413574e-01
-4.714491069316864014e-01
-1.743266731500625610e-01
-8.840818889439105988e-03
3.839737176895141602e-01
2.718338966369628906e-01
4.818698763847351074e-01
4.009854495525360107e-01
1.459463983774185181e-01
4.768728613853454590e-01
4.817850291728973389e-01
-1.265904009342193604e-01
-3.520752489566802979e-02
-9.443935751914978027e-02
1.589287370443344116e-01
-2.371298074722290039e-01
5.132845789194107056e-02
2.313069403171539307e-01
-3.010262176394462585e-02
-2.775828242301940918e-01
-2.702236734330654144e-02
-4.252940714359283447e-01
-3.156563639640808105e-01
3.267247378826141357e-01
-7.797132134437561035e-01
2.862665057182312012e-01
-6.318318247795104980e-01
-3.940772414207458496e-01
9.865880012512207031e-01
-5.760852098464965820e-01
-3.912594020366668701e-01
-4.123194217681884766e-01
-1.589080840349197388e-01
-2.620562724769115448e-02
-3.334980905055999756e-01
-1.696703433990478516e-01
3.963152468204498291e-01
1.910893246531486511e-02
-9.464266709983348846e-03
-1.611326485872268677e-01
-3.286845684051513672e-01
3.733909223228693008e-03
1.226353347301483154e-01
2.223010808229446411e-01
1.107426047325134277e+00
-8.278990387916564941e-01
1.519448161125183105e-01
-1.486341059207916260e-01
-3.884564042091369629e-01
-1.196757033467292786e-01
1.818812489509582520e-01
7.719818353652954102e-01
-3.647506535053253174e-01
4.954371452331542969e-01
-3.027388155460357666e-01
4.352196753025054932e-01
6.060348153114318848e-01
-5.457579493522644043e-01
4.909060895442962646e-01
2.916688919067382812e-01
6.418775916099548340e-01
-5.103209018707275391e-01
1.638815738260746002e-02
1.447431147098541260e-01
-2.558043301105499268e-01
2.753547392785549164e-02
-3.782359361648559570e-01
3.220323920249938965e-01
-3.904768824577331543e-01
-1.848580986261367798e-01
-6.972134709358215332e-01
3.069309294223785400e-01
-8.651768565177917480e-01
-2.022489458322525024e-01
-6.215721964836120605e-01
-5.354620814323425293e-01
9.379423409700393677e-02
-3.905563056468963623e-01
1.491386145353317261e-01
1.786618977785110474e-01
-1.996281445026397705e-01
4.454223513603210449e-01
2.365301735699176788e-02
1.204189583659172058e-01
4.348561167716979980e-02
2.198332399129867554e-01
3.717620372772216797e-01
5.367293953895568848e-01
8.128446936607360840e-01
-2.089797258377075195e-01
4.329380095005035400e-01
1.953822001814842224e-02
-1.487183570861816406e-01
-3.748440742492675781e-01
-3.636547625064849854e-01
-4.722952842712402344e-01
-3.852024376392364502e-01
-1.020564556121826172e+00
-1.091507077217102051e-01
-1.731368899345397949e-01
1.946031004190444946e-01
1.746816039085388184e-01
7.954849600791931152e-01
4.221679270267486572e-02
6.167213916778564453e-01
-6.391586661338806152e-01
-1.007208466529846191e+00
1.213460192084312439e-01
-3.015425503253936768e-01
5.680362507700920105e-02
-4.040848314762115479e-01
-7.154944539070129395e-01
7.969398051500320435e-02
1.403724402189254761e-01
3.061848878860473633e-01
1.437612473964691162e-01
5.387680232524871826e-02
5.225233435630798340e-01
1.516017913818359375e-01
4.439570903778076172e-01
2.503614127635955811e-01
1.001970171928405762e-01
-3.180226683616638184e-01
-3.285302221775054932e-01
-9.740966558456420898e-02
-5.102028250694274902e-01
1.501216441392898560e-01
-2.979293167591094971e-01
-6.712465733289718628e-02
-5.031148791313171387e-01
5.470866560935974121e-01
-3.944681584835052490e-01
2.477495521306991577e-01
7.997219264507293701e-02
5.136089920997619629e-01
-5.717922002077102661e-02
-2.016914635896682739e-02
-1.812880784273147583e-01
-5.219709500670433044e-02
-2.441462315618991852e-02
5.327124148607254028e-02
-3.225921690464019775e-01
-4.929932206869125366e-02
2.426293641328811646e-01
-1.332731693983078003e-01
1.125103831291198730e-01
-1.926649808883666992e-01
-1.256676316261291504e-01
9.817547351121902466e-02
5.720394849777221680e-02
3.431473672389984131e-01
2.122453898191452026e-01
-1.911697834730148315e-01
-1.979036033153533936e-01
-5.339677929878234863e-01
-3.104440569877624512e-01
-1.287306785583496094e+00
-1.705985069274902344e-01
2.278916537761688232e-01
1.617673188447952271e-01
-1.222381219267845154e-01
-1.435933709144592285e-01
-4.259139597415924072e-01
-3.988373279571533203e-01
9.640168398618698120e-02
-4.551492333412170410e-01
-2.390668690204620361e-01
4.452715218067169189e-01
7.651244997978210449e-01
8.464514017105102539e-01
8.329699635505676270e-01
6.180495023727416992e-01
-1.737592220306396484e-01
5.852633118629455566e-01
-4.644445776939392090e-01
2.791190445423126221e-01
-1.343235671520233154e-01
-8.357970118522644043e-01
-1.234000563621520996e+00
-1.428794503211975098e+00
-3.916128277778625488e-01
-1.537792086601257324e-01
1.838753223419189453e-01
5.673994421958923340e-01
6.061006784439086914e-01
1.117785088717937469e-02
-1.604420095682144165e-01
-1.191259324550628662e-01
1.542115956544876099e-02
1.396747380495071411e-01
-1.134614050388336182e-01
-1.526038050651550293e-01
-4.071621298789978027e-01
2.028734982013702393e-01
-1.232698321342468262e+00
4.910536110401153564e-02
-5.084894895553588867e-01
-6.762628555297851562e-01
-7.980763912200927734e-01
-6.122128367424011230e-01
-4.223902821540832520e-01
-2.785743474960327148e-01
-4.776731729507446289e-01
-4.595031589269638062e-02
1.020135357975959778e-01
5.924544930458068848e-01
5.105196237564086914e-01
-4.059088975191116333e-02
5.592249631881713867e-01
6.200666427612304688e-01
9.186352491378784180e-01
7.973740696907043457e-01
5.216576457023620605e-01
-8.033540844917297363e-02
3.708418607711791992e-01
-8.779172897338867188e-01
-8.430373668670654297e-02
-3.004711866378784180e-01
-2.289366871118545532e-01
-1.615152209997177124e-01
-2.633761763572692871e-01
-1.823803633451461792e-01
5.715858936309814453e-02
-3.032505214214324951e-01
1.600749939680099487e-01
-7.830407023429870605e-01
-7.918767929077148438e-01
-4.028314948081970215e-01
-4.151769280433654785e-01
1.034405305981636047e-01
3.082728087902069092e-01
-6.814981997013092041e-02
-6.590738147497177124e-02
-1.862565726041793823e-01
6.119804456830024719e-03
2.680239379405975342e-01
-2.937669456005096436e-01
-2.612848877906799316e-01
-7.905130833387374878e-02
1.330714672803878784e-02
6.096177175641059875e-02
1.877952069044113159e-01
3.659766018390655518e-01
4.328252673149108887e-01
8.333371281623840332e-01
2.548894882202148438e-01
4.792831540107727051e-01
-6.456326246261596680e-01
3.394240140914916992e-02
-1.511245071887969971e-01
-4.680443108081817627e-01
-1.041486859321594238e+00
2.036683261394500732e-01
-8.952286243438720703e-01
1.870897114276885986e-01
-1.217891722917556763e-01
4.722159821540117264e-03
-3.118973374366760254e-01
2.327785491943359375e-01
-5.744276568293571472e-04
-1.439684778451919556e-01
-2.178533226251602173e-01
-3.933245539665222168e-01
-8.417494893074035645e-01
-7.806423306465148926e-01
3.383056819438934326e-01
-6.915587186813354492e-01
8.333172649145126343e-02
-8.005274832248687744e-02
4.039806500077247620e-02
-1.334491278976202011e-02
9.310345165431499481e-03
4.501062929630279541e-01
5.808117985725402832e-01
5.339569449424743652e-01
4.888558015227317810e-02
2.157148420810699463e-01
5.027971416711807251e-02
2.088354527950286865e-01
2.765893936157226562e-01
-2.556996643543243408e-01
-4.163253605365753174e-01
-3.915981352329254150e-01
-4.222594797611236572e-01
-1.996414959430694580e-01
-3.301710188388824463e-01
-3.346023857593536377e-01
2.131336480379104614e-01
3.025695681571960449e-01
-8.460551500320434570e-02
2.192758768796920776e-01
1.324034333229064941e-01
3.289791345596313477e-01
1.681889891624450684e-01
-3.990412950515747070e-01
-4.333314597606658936e-01
2.379479408264160156e-01
-6.333837509155273438e-01
-1.421576142311096191e+00
-1.552394390106201172e+00
5.305507779121398926e-01
-6.451243758201599121e-01
2.052272111177444458e-01
1.696673184633255005e-01
-2.788704447448253632e-02
2.635701298713684082e-01
4.427475929260253906e-01
3.686769008636474609e-01
1.279793381690979004e-01
5.067977309226989746e-02
2.109472304582595825e-01
-4.893133342266082764e-01
-1.195535734295845032e-01
-8.974491059780120850e-02
6.623066961765289307e-02
-7.397023588418960571e-02
-1.053339689970016479e-01
-1.498091779649257660e-02
1.849724538624286652e-02
-1.039120852947235107e-01
7.757353037595748901e-02
-8.997704833745956421e-02
-4.046958386898040771e-01
-5.106081962585449219e-01
4.384451806545257568e-01
7.072013616561889648e-02
6.503984928131103516e-01
5.415349602699279785e-01
8.486093878746032715e-01
5.988680720329284668e-01
3.544560074806213379e-01
-2.272393926978111267e-02
1.203967723995447159e-02
-5.521624088287353516e-01
2.453637868165969849e-01
-8.841128945350646973e-01
2.815513685345649719e-02
-1.330543398857116699e+00
6.096208095550537109e-01
-6.811869740486145020e-01
-2.343876957893371582e-01
1.170826852321624756e-01
2.692453563213348389e-01
-4.146283864974975586e-01
-7.549343258142471313e-02
-4.496565833687782288e-02
-4.337434172630310059e-01
-1.949689090251922607e-01
-1.557764112949371338e-01
-1.044469140470027924e-02
-3.737611770629882812e-01
-1.533338576555252075e-01
2.054280042648315430e-01
5.944452881813049316e-01
1.560405939817428589e-01
2.781127952039241791e-02
7.748035341501235962e-02
-4.110140800476074219e-01
-1.074905693531036377e-01
1.229010149836540222e-01
8.560620248317718506e-02
1.937957108020782471e-01
-3.900096714496612549e-01
-4.553709924221038818e-01
-3.220432996749877930e-01
1.134825590997934341e-02
2.296997010707855225e-01
3.864216208457946777e-01
5.262792706489562988e-01
6.112403422594070435e-02
-3.610213696956634521e-01
-5.326306223869323730e-01
-7.313758134841918945e-01
3.695243597030639648e-01
4.194667935371398926e-02
3.242134451866149902e-01
-5.309488773345947266e-01
-2.222813963890075684e-01
3.713456690311431885e-01
-3.042808175086975098e-01
2.837303578853607178e-01
-3.398689031600952148e-01
-3.340011835098266602e-01
-2.965004146099090576e-01
-2.843897324055433273e-03
4.599554464221000671e-02
7.422726601362228394e-02
-5.146278068423271179e-02
-2.825241982936859131e-01
3.593305647373199463e-01
8.390156179666519165e-02
-1.853134483098983765e-02
-9.660426527261734009e-02
-1.415191590785980225e-01
-2.774133114144206047e-03
1.378890573978424072e-01
7.881379872560501099e-02
2.028028219938278198e-01
4.737984240055084229e-01
-7.909888029098510742e-01
-2.121228724718093872e-01
-3.831682503223419189e-01
-1.885993964970111847e-02
2.983404695987701416e-01
1.226215362548828125e-01
-1.011293604969978333e-01
1.165647245943546295e-02
-5.042668581008911133e-01
-3.167551755905151367e-01
3.107923269271850586e-01
5.470138788223266602e-01
-9.098441898822784424e-02
-2.199933081865310669e-01
-1.941084414720535278e-01
-5.836097598075866699e-01
-3.299615085124969482e-01
-3.493891358375549316e-01
-7.903436198830604553e-03
8.507937192916870117e-01
-2.226672023534774780e-01
7.095620632171630859e-01
-4.592132568359375000e-01
1.059587240219116211e+00
-7.408604025840759277e-03
2.808037959039211273e-02
-3.604404628276824951e-05
-7.500526905059814453e-01
-4.355829358100891113e-01
-5.180296301841735840e-01
1.920663416385650635e-01
-6.810078620910644531e-01
-3.358811140060424805e-01
-2.110446840524673462e-01
3.731704130768775940e-02
7.127931118011474609e-01
5.884479880332946777e-01
-7.944699525833129883e-01
2.453681379556655884e-01
-4.854372739791870117e-01
4.930546879768371582e-01
-1.910575330257415771e-01
-2.183317542076110840e-01
-3.230067789554595947e-01
-5.490046739578247070e-01
5.946102365851402283e-02
5.656228065490722656e-01
-9.079301357269287109e-02
2.823979258537292480e-01
4.213275015354156494e-01
-6.644652783870697021e-02
1.568329781293869019e-01
7.107503414154052734e-01
-1.096766814589500427e-01
-3.470711410045623779e-01
-5.375069975852966309e-01
-1.263415962457656860e-01
-1.454271227121353149e-01
