1.069197535514831543e+00
-1.583310663700103760e-01
1.493146270513534546e-01
1.067127883434295654e-01
1.908939927816390991e-01
-3.143570423126220703e-01
-2.638316750526428223e-01
-2.621093988418579102e-01
-1.221070289611816406e-01
-5.820886418223381042e-02
1.372451148927211761e-02
-5.301702022552490234e-01
-4.668159484863281250e-01
-5.048476457595825195e-01
-6.720687150955200195e-01
-6.463618874549865723e-01
-3.678206801414489746e-01
-9.745610505342483521e-02
3.542979061603546143e-02
4.480759799480438232e-01
2.717683613300323486e-01
6.263332907110452652e-03
3.414620086550712585e-02
-2.621763944625854492e-01
-2.048120051622390747e-01
-7.890956401824951172e-01
3.816331923007965088e-01
2.325020432472229004e-01
1.214048266410827637e-01
2.883948981761932373e-01
6.661497056484222412e-02
-3.008820489048957825e-02
2.532576620578765869e-01
-8.571292757987976074e-01
3.188460767269134521e-01
-5.979412794113159180e-01
-7.016447186470031738e-02
1.627829968929290771e-01
1.740820407867431641e-01
2.305969297885894775e-01
-4.099026322364807129e-01
-7.065866589546203613e-01
1.756690442562103271e-02
-2.889644205570220947e-01
-2.729451954364776611e-01
2.733739018440246582e-01
-1.160109415650367737e-01
-9.974444657564163208e-02
-5.579375028610229492e-01
-1.899267196655273438e+00
-5.587971806526184082e-01
1.017241552472114563e-01
3.629513978958129883e-01
7.971044778823852539e-01
3.750731050968170166e-01
4.637015759944915771e-01
9.877562522888183594e-02
-6.946542263031005859e-01
-4.151233136653900146e-01
-4.099435806274414062e-01
-8.004651218652725220e-02
2.407546490430831909e-01
3.596961796283721924e-01
9.540539234876632690e-03
1.336987912654876709e-01
-4.854047894477844238e-01
-5.890009924769401550e-02
-4.628668427467346191e-01
2.358731925487518311e-01
-6.820672750473022461e-02
-8.167631924152374268e-02
-9.660825878381729126e-02
2.262714952230453491e-01
2.011544071137905121e-02
-2.101731300354003906e-01
7.748754322528839111e-02
-8.134893178939819336e-01
1.971147954463958740e-01
2.330683022737503052e-01
-6.232971549034118652e-01
-4.991443455219268799e-01
3.553631901741027832e-01
1.958917975425720215e-01
-4.755213856697082520e-01
-1.855261176824569702e-01
-9.160592406988143921e-02
-1.217274069786071777e-01
-3.617163598537445068e-01
1.259814351797103882e-01
-1.404279321432113647e-01
-2.678427100181579590e-01
-4.316726326942443848e-01
-3.857029974460601807e-01
7.271665334701538086e-02
-2.825622260570526123e-01
-3.977758064866065979e-02
-7.637395709753036499e-02
-1.286782324314117432e-01
2.126266062259674072e-01
6.857759952545166016e-01
-4.803991317749023438e-02
-5.904345512390136719e-01
-1.903328299522399902e-02
-1.075954809784889221e-01
1.575908437371253967e-02
6.998273134231567383e-01
8.539351820945739746e-02
3.537992388010025024e-02
-9.172914624214172363e-01
-1.115082025527954102e+00
-8.848916292190551758e-01
2.971656024456024170e-01
6.414923071861267090e-01
8.697729706764221191e-01
5.922145247459411621e-01
4.817303717136383057e-01
6.224807500839233398e-01
1.295674741268157959e-01
3.556944429874420166e-02
6.934474110603332520e-01
-4.627255350351333618e-02
-7.337242364883422852e-01
-5.750968456268310547e-01
-4.939385950565338135e-01
-1.092070698738098145e+00
-8.548808693885803223e-01
1.348518766462802887e-02
1.229407638311386108e-02
-2.280591987073421478e-02
-1.934223026037216187e-01
-4.142682850360870361e-01
-6.186422109603881836e-01
1.221246048808097839e-01
-4.766673222184181213e-02
-2.048527598381042480e-01
-7.183707356452941895e-01
-3.101253211498260498e-01
-5.916815400123596191e-01
-2.340913563966751099e-01
4.023279845714569092e-01
-4.088132083415985107e-01
1.246214881539344788e-01
8.316319584846496582e-01
2.045692205429077148e-01
3.370825946331024170e-01
4.560242593288421631e-01
7.941797375679016113e-01
1.896645575761795044e-01
6.393813341856002808e-02
-3.129490613937377930e-01
-1.756870150566101074e-01
6.007000431418418884e-02
1.462659835815429688e-01
-3.060128688812255859e-01
-8.041065931320190430e-02
-8.025311678647994995e-02
-2.798537313938140869e-01
-4.985396564006805420e-01
-6.081523299217224121e-01
-4.245694279670715332e-01
-1.943977177143096924e-01
-2.487939000129699707e-01
-9.251577854156494141e-01
2.159008532762527466e-01
6.649547070264816284e-02
5.382408387959003448e-03
6.122375726699829102e-01
7.570498585700988770e-01
3.207221031188964844e-01
6.395584940910339355e-01
-6.539971381425857544e-02
2.518955171108245850e-01
2.729671448469161987e-02
4.672005474567413330e-01
-1.257147431373596191e+00
-5.410680770874023438e-01
1.882803440093994141e-01
-1.353540644049644470e-02
-8.239161372184753418e-01
-1.332644343376159668e+00
-1.207759261131286621e+00
-3.646296262741088867e-01
-3.035535216331481934e-01
3.637994825839996338e-01
1.420481353998184204e-01
5.004143118858337402e-01
6.504900455474853516e-01
1.066122800111770630e-01
3.783703446388244629e-01
3.095545470714569092e-01
2.398260831832885742e-01
-4.678717553615570068e-01
3.994881212711334229e-01
-3.503052890300750732e-01
-1.239929199218750000e-01
-2.297536730766296387e-01
-3.122288584709167480e-01
-3.663974702358245850e-01
-1.773982308804988861e-02
-1.267910152673721313e-01
2.227849066257476807e-01
-8.114209026098251343e-02
4.628456011414527893e-02
-6.810072660446166992e-01
-2.972263395786285400e-01
3.230797126889228821e-02
3.924120962619781494e-01
-5.928216036409139633e-03
1.240253746509552002e-01
-3.179873228073120117e-01
-5.850757360458374023e-01
-6.855987310409545898e-01
-7.093068361282348633e-01
7.422349601984024048e-02
5.515239834785461426e-01
6.258788704872131348e-01
3.450588881969451904e-01
3.607221543788909912e-01
-6.597208231687545776e-02
-1.846032291650772095e-01
-4.631578922271728516e-01
4.058598577976226807e-01
-1.390376389026641846e-01
5.454624816775321960e-02
-1.036602705717086792e-01
-1.357330530881881714e-01
-1.143131852149963379e+00
2.974012196063995361e-01
-7.656033039093017578e-01
-3.673029243946075439e-01
1.781523227691650391e-02
-5.520485639572143555e-01
1.741313487291336060e-01
-1.717541962862014771e-01
-1.725398302078247070e-01
3.382697105407714844e-01
7.406652569770812988e-01
6.740468740463256836e-01
6.785724312067031860e-02
-5.449088290333747864e-02
-9.162890911102294922e-01
-8.457400798797607422e-01
-3.228839635848999023e-01
-6.510046124458312988e-01
1.376855820417404175e-01
2.030831389129161835e-02
-2.905862405896186829e-02
-4.252887964248657227e-01
-7.153454422950744629e-02
-4.578805565834045410e-01
-6.696543097496032715e-01
1.697172820568084717e-01
-9.094605594873428345e-02
-1.715222597122192383e-01
-4.737220332026481628e-02
-4.440939798951148987e-02
-9.535665065050125122e-02
2.334263026714324951e-01
5.669956803321838379e-01
-5.325338244438171387e-02
-2.685128450393676758e-01
-1.466552913188934326e-01
-7.111872434616088867e-01
-2.730915844440460205e-01
-4.058420956134796143e-01
-1.060861945152282715e-01
3.097105771303176880e-02
-1.555606722831726074e-01
1.834282092750072479e-02
1.228696946054697037e-02
9.402021765708923340e-01
-1.244680136442184448e-01
4.165135324001312256e-01
-7.923503220081329346e-02
8.556447923183441162e-03
-7.272763848304748535e-01
-8.347920179367065430e-01
-1.754826784133911133e+00
-2.520541250705718994e-01
1.217695400118827820e-01
-3.171929121017456055e-01
-5.620890259742736816e-01
-1.155362874269485474e-01
5.093238782137632370e-03
1.256979703903198242e-01
6.029829978942871094e-01
3.776365518569946289e-01
3.078154325485229492e-01
3.129256516695022583e-02
1.553597301244735718e-01
-6.730650365352630615e-02
-2.990774214267730713e-01
5.273485556244850159e-02
-3.395270407199859619e-01
-3.116660416126251221e-01
8.543040603399276733e-03
-1.678287684917449951e-01
-2.424928396940231323e-01
1.333135962486267090e-01
1.864487677812576294e-01
-1.379538029432296753e-01
2.312444746494293213e-01
-3.762673139572143555e-01
-3.968364596366882324e-01
-2.763779163360595703e-01
7.017534971237182617e-02
-3.620450198650360107e-01
-1.201418861746788025e-01
7.140065729618072510e-02
-5.208081603050231934e-01
-5.224745869636535645e-01
2.016661912202835083e-01
1.733328551054000854e-01
2.104955017566680908e-01
-2.461656183004379272e-01
-4.357068240642547607e-01
-4.264207184314727783e-01
-1.583065390586853027e-01
-2.556211352348327637e-01
-5.354818701744079590e-01
-2.335505485534667969e-01
3.486753106117248535e-01
-1.564083695411682129e-01
4.624964296817779541e-01
-5.005015730857849121e-01
4.026377201080322266e-01
-3.082875609397888184e-01
-4.006778895854949951e-01
-3.070846199989318848e-01
-1.828677952289581299e-01
-5.290392041206359863e-01
-2.977176010608673096e-01
4.325609505176544189e-01
5.558097362518310547e-01
4.102947115898132324e-01
1.091712117195129395e-01
-1.683625131845474243e-01
-2.318990081548690796e-01
2.923075258731842041e-01
3.488710820674896240e-01
-6.708019971847534180e-02
9.803861379623413086e-02
4.322879314422607422e-01
-8.413130044937133789e-02
-3.021607100963592529e-01
-1.656796634197235107e-01
-5.211649537086486816e-01
-7.499592304229736328e-01
-6.167066097259521484e-01
-1.621005058288574219e+00
1.090295463800430298e-01
3.334627449512481689e-01
3.942278921604156494e-01
6.181272212415933609e-03
-1.757843345403671265e-01
3.194275200366973877e-01
6.961498856544494629e-01
4.453760385513305664e-02
-6.046227365732192993e-02
-4.340529739856719971e-01
-1.272023797035217285e+00
-7.899154424667358398e-01
-3.015053868293762207e-01
2.581943273544311523e-01
3.251687884330749512e-01
-2.956359982490539551e-01
2.693285048007965088e-01
-3.197851181030273438e-01
1.022693961858749390e-01
-3.197135627269744873e-01
-3.664497435092926025e-01
1.456988155841827393e-01
2.303573042154312134e-01
5.069809556007385254e-01
2.897663414478302002e-01
-1.931737065315246582e-01
4.982829093933105469e-02
-1.811785399913787842e-01
-2.152427434921264648e-01
-1.549045592546463013e-01
3.241789937019348145e-01
7.177037596702575684e-01
9.620534777641296387e-01
5.583079457283020020e-01
3.481761217117309570e-01
-1.333557665348052979e-01
-7.315277457237243652e-01
-6.353233456611633301e-01
-4.538979828357696533e-01
-1.624502241611480713e-01
5.003919005393981934e-01
1.796237081289291382e-01
-2.105139195919036865e-01
-3.531194627285003662e-01
-1.788330227136611938e-01
-4.546085596084594727e-01
-3.046299815177917480e-01
-5.048395693302154541e-02
-1.649628728628158569e-01
-3.308883011341094971e-01
-2.247046977281570435e-01
-3.463346511125564575e-02
-8.910556882619857788e-02
-1.357534646987915039e+00
-3.434314429759979248e-01
-5.855588316917419434e-01
-3.405695036053657532e-02
3.431326448917388916e-01
6.622634362429380417e-03
9.151045680046081543e-01
5.315433144569396973e-01
-1.744969636201858521e-01
-2.787977457046508789e-01
-3.328805267810821533e-01
-3.394419699907302856e-02
-3.913731873035430908e-01
2.578018903732299805e-01
-6.168052554130554199e-02
-1.239729225635528564e-01
4.246171563863754272e-02
1.108659952878952026e-01
-1.796809732913970947e-01
1.452632844448089600e-01
-4.621264338493347168e-01
8.011133223772048950e-02
-5.617510676383972168e-01
2.054977267980575562e-01
-2.317544668912887573e-01
3.861677274107933044e-02
-1.569514907896518707e-02
-2.478337287902832031e-01
-4.580671899020671844e-03
6.402962803840637207e-01
7.315710783004760742e-01
4.622206389904022217e-01
1.360941380262374878e-01
-1.094132065773010254e-01
-8.117013573646545410e-01
-3.270011395215988159e-02
-9.584627747535705566e-01
3.476065099239349365e-01
2.048495262861251831e-01
2.897281050682067871e-01
8.352972567081451416e-02
-4.859574735164642334e-01
-5.900150537490844727e-01
-7.450987100601196289e-01
-3.279822170734405518e-01
1.676988042891025543e-02
-1.236353516578674316e-01
-3.920586705207824707e-01
8.063502609729766846e-02
-3.070611134171485901e-02
-3.559265732765197754e-01
-4.303452074527740479e-01
-2.024962455034255981e-01
2.215796336531639099e-02
2.112265676259994507e-01
5.862530469894409180e-01
5.024825334548950195e-01
1.507035940885543823e-01
5.538922175765037537e-02
-5.128604769706726074e-01
-4.256832972168922424e-02
-2.712820470333099365e-02
-3.382376134395599365e-01
-1.938432157039642334e-01
3.503310978412628174e-01
3.006133735179901123e-01
-3.686401546001434326e-01
-7.060286402702331543e-01
-4.957171380519866943e-01
-2.899408042430877686e-01
3.893404304981231689e-01
1.596005111932754517e-01
-4.349864423274993896e-01
-8.630694150924682617e-01
-3.989207744598388672e-01
2.730375528335571289e-01
3.984219729900360107e-01
2.272308468818664551e-01
2.700601220130920410e-01
8.333032727241516113e-01
7.310417890548706055e-01
5.024385452270507812e-01
-1.289341971278190613e-02
1.581980735063552856e-01
-2.125073783099651337e-02
4.396500438451766968e-02
-1.987316161394119263e-01
1.734839230775833130e-01
1.408812701702117920e-01
-6.181818246841430664e-01
-3.653480708599090576e-01
-3.967925012111663818e-01
-2.613144814968109131e-01
-6.926335096359252930e-01
-7.074375748634338379e-01
-8.656682372093200684e-01
-7.143018245697021484e-01
-5.061282515525817871e-01
2.589171528816223145e-01
-5.896586179733276367e-02
6.943712830543518066e-01
6.138626113533973694e-02
-4.813174605369567871e-01
3.394301980733871460e-02
2.604587376117706299e-01
5.284469127655029297e-01
1.598690301179885864e-01
4.338783919811248779e-01
7.031513750553131104e-02
3.882903754711151123e-01
