1.601941734552383423e-01
1.480603516101837158e-01
2.361253947019577026e-01
1.976740360260009766e-01
3.908620178699493408e-01
9.123285859823226929e-02
4.593326151371002197e-02
-3.628111183643341064e-01
-9.101907610893249512e-01
1.705777943134307861e-01
-2.175815105438232422e-01
2.852345705032348633e-01
-2.768129706382751465e-01
1.205021589994430542e-01
-8.548638224601745605e-02
1.629340648651123047e-01
-4.962154328823089600e-01
-1.690630316734313965e-01
3.230642676353454590e-01
-1.199064180254936218e-01
-2.823588550090789795e-01
4.593352675437927246e-01
4.974108338356018066e-01
2.526929974555969238e-01
-3.765014559030532837e-02
-5.702622532844543457e-01
4.832288995385169983e-02
-1.145231604576110840e+00
-5.640237927436828613e-01
-5.032045245170593262e-01
-7.356832027435302734e-01
-1.096921190619468689e-01
-1.028780341148376465e+00
-6.845937371253967285e-01
-1.323428899049758911e-01
1.003034353256225586e+00
8.660644292831420898e-01
7.242287397384643555e-01
3.610473275184631348e-01
8.257234692573547363e-01
4.842786788940429688e-01
7.004567980766296387e-01
3.085782527923583984e-01
-1.247741341590881348e+00
-6.773015260696411133e-01
-6.140583753585815430e-01
-4.554323554039001465e-01
-2.019505053758621216e-01
-6.548132896423339844e-01
-3.071651160717010498e-01
-1.418605566024780273e+00
4.297784864902496338e-01
1.328653246164321899e-01
9.810910820960998535e-01
4.262873232364654541e-01
1.590467691421508789e-01
-3.600308299064636230e-01
2.111758105456829071e-03
-8.130732178688049316e-01
4.171809554100036621e-01
3.252510353922843933e-02
6.262084245681762695e-01
-5.452934652566909790e-02
5.459211468696594238e-01
7.345782518386840820e-01
5.995870828628540039e-01
1.163538992404937744e-01
4.004022851586341858e-02
4.055203124880790710e-02
-6.029977798461914062e-01
-1.974911838769912720e-01
-2.692541778087615967e-01
-2.327868342399597168e-01
-7.690022587776184082e-01
-1.940208077430725098e-01
-2.297287136316299438e-01
-3.156318664550781250e-01
-6.875820755958557129e-01
-4.729291200637817383e-01
-2.416729927062988281e-01
2.909810543060302734e-01
2.628742754459381104e-01
9.224573522806167603e-02
5.487940311431884766e-01
1.634717583656311035e-01
5.172297358512878418e-01
-2.722639143466949463e-01
-3.344936668872833252e-01
7.385449856519699097e-02
-8.724781125783920288e-02
-3.358319401741027832e-01
-5.273363590240478516e-01
-3.231568336486816406e-01
-1.171836853027343750e+00
1.308830082416534424e-01
-4.249307215213775635e-01
3.778234124183654785e-01
2.245633117854595184e-02
3.271572291851043701e-01
3.227735161781311035e-01
2.017240505665540695e-03
2.331804335117340088e-01
5.096290111541748047e-01
6.781842559576034546e-02
2.423990070819854736e-01
-8.616381883621215820e-02
-1.049095466732978821e-01
-1.700541749596595764e-02
2.572653442621231079e-02
-2.076214551925659180e-01
3.334799706935882568e-01
-1.443651318550109863e-02
-1.405221223831176758e-01
-2.223307192325592041e-01
4.131691753864288330e-01
-1.222987100481987000e-01
2.036678940057754517e-01
-5.274515748023986816e-01
6.758457422256469727e-02
-1.000965237617492676e+00
-9.175825715065002441e-01
1.079068258404731750e-01
5.387582778930664062e-01
5.127194523811340332e-01
-2.948859035968780518e-01
-3.418980240821838379e-01
3.731974661350250244e-01
3.951963186264038086e-01
6.833205372095108032e-02
-1.365048885345458984e-01
-8.338129520416259766e-01
-1.879065185785293579e-01
-4.640087187290191650e-01
-1.648980528116226196e-01
-1.226137354969978333e-01
4.732654988765716553e-02
-1.073563933372497559e+00
-5.696713924407958984e-01
-5.704302340745925903e-02
-4.275920987129211426e-01
-1.238519605249166489e-02
6.470705270767211914e-01
2.960276603698730469e-01
7.967399954795837402e-01
9.793606996536254883e-01
8.786153793334960938e-01
4.705586731433868408e-01
4.047237336635589600e-01
-4.042173326015472412e-01
-3.544923365116119385e-01
-4.105633795261383057e-01
-4.324352741241455078e-01
-3.564485907554626465e-01
-1.869204193353652954e-01
-3.387412130832672119e-01
-9.808474034070968628e-02
-5.502586364746093750e-01
-6.678292751312255859e-01
2.234381586313247681e-01
-5.110191106796264648e-01
6.053082942962646484e-01
4.120292067527770996e-01
2.939390540122985840e-01
-3.860702514648437500e-01
-1.461029946804046631e-01
-9.365090727806091309e-01
-9.541859626770019531e-01
-2.772160470485687256e-01
1.309590786695480347e-01
5.969762206077575684e-01
8.351792693138122559e-01
-2.828186154365539551e-01
2.947913706302642822e-01
4.434703588485717773e-01
8.246766924858093262e-01
3.442642092704772949e-01
-1.182169653475284576e-02
-5.717141628265380859e-01
-1.717960238456726074e-01
-1.797192543745040894e-01
1.509493738412857056e-01
1.044101953506469727e+00
-3.253746032714843750e-01
9.191172122955322266e-01
-1.683145999908447266e+00
-5.653910636901855469e-01
-6.541573405265808105e-01
-9.009271860122680664e-01
3.839765787124633789e-01
2.288515865802764893e-01
3.379846513271331787e-01
6.188802123069763184e-01
-7.964001297950744629e-01
-5.918588638305664062e-01
1.337268501520156860e-01
-1.127427071332931519e-01
5.674338340759277344e-01
3.342953622341156006e-01
5.487924218177795410e-01
-9.523665308952331543e-01
-9.390720129013061523e-01
9.589923918247222900e-02
-2.624986171722412109e-01
7.955131679773330688e-02
1.821343004703521729e-01
-9.809311479330062866e-02
-7.139059305191040039e-01
-4.182822704315185547e-01
6.725847721099853516e-01
2.716923654079437256e-01
1.448672115802764893e-01
-2.465389072895050049e-01
3.226115927100181580e-02
-1.056158170104026794e-01
-2.399904280900955200e-01
-5.338524580001831055e-01
-2.517124712467193604e-01
5.240508913993835449e-01
1.425438821315765381e-01
-2.463835775852203369e-01
8.711326867341995239e-02
-1.233802363276481628e-01
-6.758180260658264160e-02
1.043021753430366516e-01
2.651647031307220459e-01
-3.170429170131683350e-01
3.582355976104736328e-01
-2.268735133111476898e-02
-9.460269659757614136e-02
1.640077382326126099e-01
2.819883227348327637e-01
1.924053579568862915e-01
-6.625735014677047729e-02
-1.859925389289855957e-01
5.309112071990966797e-01
-1.491662383079528809e+00
-6.581538319587707520e-01
1.017728745937347412e-01
7.716386020183563232e-02
-1.844564080238342285e-01
-7.417077571153640747e-02
1.023429259657859802e-01
-8.760583400726318359e-01
-1.821197718381881714e-01
-5.155537724494934082e-01
-2.058545500040054321e-01
-4.505531489849090576e-01
-2.811061143875122070e-01
1.481665647588670254e-03
-5.057252645492553711e-01
4.189321100711822510e-01
-5.988660454750061035e-02
-2.571818418800830841e-02
-1.729723811149597168e-01
-7.191442847251892090e-01
-3.601724505424499512e-01
2.233901023864746094e-01
-8.164903521537780762e-02
5.040721297264099121e-01
4.890450835227966309e-01
9.846437722444534302e-02
1.977489590644836426e-01
-6.921233236789703369e-02
-2.956698536872863770e-01
-7.445146888494491577e-02
7.165629863739013672e-01
3.562445286661386490e-03
-3.285006582736968994e-01
-4.472415149211883545e-01
-1.703318655490875244e-01
-3.399020731449127197e-01
2.730541825294494629e-01
-9.779824018478393555e-01
-7.624880075454711914e-01
-1.616962403059005737e-01
3.313371911644935608e-03
4.512035250663757324e-01
1.339143961668014526e-01
3.110750019550323486e-01
3.281284272670745850e-01
3.637833893299102783e-01
3.759284317493438721e-01
1.768311113119125366e-01
-2.648738026618957520e-01
2.507942914962768555e-01
6.263509392738342285e-02
-3.216927647590637207e-01
-3.126671910285949707e-01
-4.008338749408721924e-01
-7.140105962753295898e-01
-4.826392531394958496e-01
-2.605940103530883789e-01
-1.479347646236419678e-01
-1.806795001029968262e-01
7.955729365348815918e-01
-1.077616363763809204e-01
-1.582710891962051392e-01
5.394488573074340820e-03
-2.312862128019332886e-02
1.922297477722167969e-02
7.848296314477920532e-03
-1.132629990577697754e+00
-7.999413460493087769e-02
-6.655840277671813965e-01
-3.434367477893829346e-01
-6.229275092482566833e-02
2.790730819106101990e-02
1.901191323995590210e-01
3.310206532478332520e-01
-2.304799295961856842e-02
4.997081160545349121e-01
3.387940526008605957e-01
3.821711838245391846e-01
3.858630657196044922e-01
1.127214729785919189e-01
5.193650722503662109e-01
-2.289538644254207611e-02
6.646348536014556885e-02
-6.075592041015625000e-01
-2.922192513942718506e-01
-1.477468758821487427e-02
-5.149458050727844238e-01
-6.090203523635864258e-01
-4.677966535091400146e-01
5.167361721396446228e-02
-8.026728034019470215e-01
-1.566467285156250000e-01
-4.692092239856719971e-01
1.792867332696914673e-01
1.954964846372604370e-01
9.499042481184005737e-02
-4.877434074878692627e-01
-1.566194742918014526e-01
-1.659854054450988770e-01
-2.693206630647182465e-02
-3.192650973796844482e-01
-2.240956723690032959e-01
4.699581265449523926e-01
7.506952881813049316e-01
7.714774012565612793e-01
1.304662972688674927e-01
6.299853920936584473e-01
-1.114015430212020874e-01
-5.708724856376647949e-01
-1.272310316562652588e-01
-3.652859628200531006e-01
-5.737966895103454590e-01
6.080281734466552734e-02
-6.474965810775756836e-02
2.042251974344253540e-01
2.240799069404602051e-01
-6.848084926605224609e-02
3.883402645587921143e-01
-4.024605154991149902e-01
-6.807910650968551636e-02
4.066996574401855469e-01
-1.948374062776565552e-01
2.544170916080474854e-01
3.781392276287078857e-01
6.452341675758361816e-01
-7.253209948539733887e-01
-3.389782905578613281e-01
-2.767301797866821289e-01
-3.271109238266944885e-02
2.884423173964023590e-02
3.650646209716796875e-01
-4.859429299831390381e-01
3.925194740295410156e-01
-6.082428693771362305e-01
-3.661529719829559326e-01
-8.145295977592468262e-01
-1.328366398811340332e-01
2.479174733161926270e-01
3.400686383247375488e-01
1.625240445137023926e-01
2.086845934391021729e-01
2.652384527027606964e-02
1.097252666950225830e-01
4.555794000625610352e-01
3.235306739807128906e-01
-7.426645755767822266e-01
-2.722684442996978760e-01
1.019317731261253357e-01
5.753568410873413086e-01
6.965252757072448730e-01
3.827036917209625244e-01
-2.823490500450134277e-01
1.415445469319820404e-02
-2.178191095590591431e-01
-3.527191653847694397e-02
-1.349363625049591064e-01
-2.308053672313690186e-01
-6.974943876266479492e-01
-2.607780694961547852e-01
-3.727266937494277954e-02
-3.595599830150604248e-01
2.732465565204620361e-01
2.855681348592042923e-03
-1.499795019626617432e-01
-1.416638046503067017e-01
-2.076816000044345856e-02
-2.762025408446788788e-02
-5.645598769187927246e-01
-1.635396927595138550e-01
-2.612251639366149902e-01
-6.795610487461090088e-02
-2.678540050983428955e-01
1.165762078016996384e-02
1.672765240073204041e-02
1.007066845893859863e+00
-3.141005337238311768e-01
1.187015771865844727e+00
-2.502148628234863281e+00
-6.842463612556457520e-01
-1.571639031171798706e-01
6.333171725273132324e-01
-1.689289510250091553e-01
-4.864219948649406433e-02
-1.020874455571174622e-01
-2.806680202484130859e-01
-5.538737177848815918e-01
-3.882029950618743896e-01
-6.477347761392593384e-02
9.870531409978866577e-02
-6.991079449653625488e-01
4.415088295936584473e-01
9.701193869113922119e-02
-3.095261752605438232e-03
7.679170966148376465e-01
-1.495388150215148926e-02
8.516848683357238770e-01
-6.268420219421386719e-01
-2.170758843421936035e-01
-4.537445902824401855e-01
-6.735914200544357300e-02
-8.672162145376205444e-02
1.424521058797836304e-01
-3.233819901943206787e-01
-4.594617486000061035e-01
1.473719477653503418e-01
-6.064248085021972656e-02
1.314410418272018433e-01
-1.404343545436859131e-01
3.630681708455085754e-02
4.966244399547576904e-01
-1.349301636219024658e-01
-4.501010179519653320e-01
-6.775909662246704102e-01
-2.562746405601501465e-01
-7.391253113746643066e-01
-2.639122009277343750e-01
3.975699841976165771e-01
1.466713100671768188e-01
6.017262339591979980e-01
1.086818695068359375e+00
6.122194528579711914e-01
2.051671035587787628e-02
-3.514807820320129395e-01
2.841791808605194092e-01
-2.995142340660095215e-01
-3.018833398818969727e-01
-1.602875292301177979e-01
-1.070621833205223083e-01
-1.003221049904823303e-01
3.450511768460273743e-02
1.878389418125152588e-01
1.023026928305625916e-01
7.648815214633941650e-02
4.665575176477432251e-02
-5.775504112243652344e-01
2.159622013568878174e-01
-2.189819812774658203e+00
-2.102666139602661133e+00
-1.987475529313087463e-02
-3.838922977447509766e-01
-1.881397217512130737e-01
1.149294972419738770e-01
-3.694038987159729004e-01
6.140214949846267700e-02
4.277820289134979248e-01
2.835836112499237061e-01
-5.055211856961250305e-02
-1.963599771261215210e-02
2.103211432695388794e-01
1.093114256858825684e+00
8.100113272666931152e-01
1.398900747299194336e-01
-1.843433380126953125e-01
-8.506336808204650879e-01
-4.122684299945831299e-01
4.745508134365081787e-01
-3.383897542953491211e-01
-1.304269582033157349e-01
-4.819363653659820557e-01
-6.835798621177673340e-01
-1.103763803839683533e-01
1.151375889778137207e+00
-2.134290933609008789e-01
-1.735619008541107178e-01
-4.060187637805938721e-01
3.796615302562713623e-01
-7.680854797363281250e-01
1.705423146486282349e-01
-8.302686363458633423e-02
1.727798022329807281e-02
-8.872070312500000000e-01
-5.150159597396850586e-01
7.424422502517700195e-01
-6.304443627595901489e-02
1.297661066055297852e-01
4.405128210783004761e-02
-6.147403120994567871e-01
7.123131155967712402e-01
