-5.929811000823974609e-01
2.153955399990081787e-02
1.365086250007152557e-02
-1.674925684928894043e-01
1.755717098712921143e-01
6.012781858444213867e-01
6.259654462337493896e-02
-4.535428285598754883e-01
-7.844906300306320190e-02
1.569374352693557739e-01
-5.546632409095764160e-01
3.577390015125274658e-01
-2.520540952682495117e-01
-3.837713599205017090e-01
-3.589279353618621826e-01
1.402422040700912476e-02
-2.821515202522277832e-01
-6.771115064620971680e-01
1.321038007736206055e-01
-1.396279036998748779e-01
1.749924421310424805e-01
1.706096529960632324e-01
1.470028460025787354e-01
1.253274530172348022e-01
4.557443559169769287e-01
4.004089236259460449e-01
2.332644760608673096e-01
4.706369340419769287e-01
-2.506514191627502441e-01
-3.499926626682281494e-01
-4.678743481636047363e-01
3.919548168778419495e-02
-9.191776514053344727e-01
1.859503090381622314e-01
-1.024287581443786621e+00
3.548464775085449219e-01
-2.872852087020874023e-01
-2.039287388324737549e-01
-1.991918534040451050e-01
4.021584987640380859e-01
6.724334359169006348e-01
4.788067936897277832e-01
5.769628286361694336e-02
6.648617386817932129e-01
-1.349551528692245483e-01
-2.850437164306640625e-01
-9.757755398750305176e-01
-6.123881340026855469e-01
-1.541157513856887817e-01
-7.482687383890151978e-02
1.094690635800361633e-01
3.824512362480163574e-01
-1.252695322036743164e+00
-6.277704238891601562e-01
-6.353852897882461548e-02
-1.680172234773635864e-01
-3.069905340671539307e-01
3.068269230425357819e-02
2.553362548351287842e-01
1.966428309679031372e-01
5.623420476913452148e-01
3.251527249813079834e-01
-1.650012582540512085e-01
5.971429347991943359e-01
3.546746671199798584e-01
-8.290957659482955933e-02
-2.651929259300231934e-01
-3.703891858458518982e-02
1.552252471446990967e-02
1.220603808760643005e-01
-3.726003766059875488e-01
5.352707505226135254e-01
-8.249280601739883423e-02
-5.884771347045898438e-01
1.972956508398056030e-01
-5.910148024559020996e-01
-2.992005050182342529e-01
1.602647453546524048e-02
-3.604044616222381592e-01
7.259649038314819336e-02
-2.656908035278320312e-01
-4.701628386974334717e-01
9.182215332984924316e-01
2.021027728915214539e-02
-6.368703842163085938e-01
-5.209624022245407104e-02
-1.733054816722869873e-01
1.027058511972427368e-01
-3.412565886974334717e-01
-1.963093131780624390e-01
2.481894344091415405e-01
-6.233338639140129089e-02
2.004580646753311157e-01
-3.138672411441802979e-01
-1.079721227288246155e-01
-3.029982745647430420e-01
1.023557409644126892e-01
5.288042500615119934e-02
7.722652554512023926e-01
-4.347943365573883057e-01
-4.089319109916687012e-01
1.233506351709365845e-01
-4.059074521064758301e-01
-3.993915617465972900e-01
2.431003004312515259e-01
5.044214725494384766e-01
-2.039971798658370972e-01
5.073897242546081543e-01
-1.196684613823890686e-01
-6.665710359811782837e-03
5.695479512214660645e-01
-5.276883244514465332e-01
4.089688882231712341e-03
4.300504922866821289e-01
5.106053948402404785e-01
-2.678678929805755615e-01
-1.298111379146575928e-01
1.419156789779663086e-01
-5.831824988126754761e-02
-8.995393291115760803e-04
-5.290029048919677734e-01
2.640848755836486816e-01
-1.545068807899951935e-04
-1.496734842658042908e-02
-1.204892396926879883e+00
3.076466023921966553e-01
-9.164271354675292969e-01
-2.807276546955108643e-01
-3.088472485542297363e-01
-3.778911530971527100e-01
-6.340628862380981445e-02
-2.634006142616271973e-01
-1.298891566693782806e-02
3.474822938442230225e-01
-5.219286084175109863e-01
4.523051381111145020e-01
-1.015340071171522141e-02
-2.330686897039413452e-01
2.268902510404586792e-01
1.379600316286087036e-01
2.385342121124267578e-01
4.778665006160736084e-01
4.819455444812774658e-01
1.124946400523185730e-01
1.123813390731811523e-01
3.047210574150085449e-01
-1.841833144426345825e-01
-2.712754905223846436e-01
-5.311589837074279785e-01
-1.730554997920989990e-01
-5.095052719116210938e-01
-2.531374096870422363e-01
-3.322107791900634766e-01
2.176953107118606567e-01
-5.675230920314788818e-02
2.014323621988296509e-01
4.401676654815673828e-01
3.145646452903747559e-01
2.298567593097686768e-01
-3.626689910888671875e-01
-8.935408592224121094e-01
3.339711204171180725e-02
-1.329699605703353882e-01
1.334995329380035400e-01
-6.196383237838745117e-01
-9.525737166404724121e-01
-4.311447590589523315e-02
9.328370541334152222e-02
4.068533480167388916e-01
3.190681710839271545e-02
2.553846836090087891e-01
3.906859457492828369e-01
1.346618086099624634e-01
3.275074660778045654e-01
3.692891299724578857e-01
8.402644097805023193e-02
-2.506462633609771729e-01
-4.409127533435821533e-01
3.873120620846748352e-02
-5.408357381820678711e-01
1.849368363618850708e-01
-5.192238837480545044e-02
-2.039118111133575439e-01
-5.442175269126892090e-01
4.009144008159637451e-01
8.531396277248859406e-03
-9.169428050518035889e-02
3.295161575078964233e-02
5.055935382843017578e-01
-2.608194202184677124e-02
9.042195230722427368e-02
-5.951787903904914856e-02
-2.584135904908180237e-02
-2.157702296972274780e-02
-5.362940020859241486e-03
-2.957049906253814697e-01
-3.717087805271148682e-01
3.153004646301269531e-01
-1.605988889932632446e-01
-1.208908036351203918e-01
-1.056052278727293015e-02
-4.557823836803436279e-01
2.550849616527557373e-01
3.107194229960441589e-02
4.410629868507385254e-01
2.011795490980148315e-01
-2.252535820007324219e-01
-5.634950101375579834e-02
-3.618260025978088379e-01
-3.672248423099517822e-01
-4.082790017127990723e-01
-5.600094199180603027e-01
6.020397543907165527e-01
8.843044191598892212e-02
-3.663753867149353027e-01
-1.936559677124023438e-01
-4.110778570175170898e-01
-4.838576316833496094e-01
2.783979773521423340e-01
-1.465682983398437500e-01
3.639785200357437134e-02
3.807859718799591064e-01
5.301973223686218262e-01
7.054260969161987305e-01
4.724583923816680908e-01
5.230554938316345215e-01
-1.282900124788284302e-01
1.210405211895704269e-02
-2.117606997489929199e-01
4.858572781085968018e-02
-1.535249948501586914e-01
-3.746519684791564941e-01
-6.010653376579284668e-01
-1.126196861267089844e+00
-8.901684731245040894e-02
-1.671399772167205811e-01
-9.403321146965026855e-02
3.758527338504791260e-01
5.823908448219299316e-01
1.892198622226715088e-01
-5.675742030143737793e-01
4.606184959411621094e-01
-1.869134008884429932e-01
3.814097940921783447e-01
-2.546274065971374512e-01
1.929014455527067184e-03
-5.282652378082275391e-01
-2.412289530038833618e-01
-8.874893188476562500e-01
-1.605283319950103760e-01
-5.214219912886619568e-03
-6.780254840850830078e-01
-9.856873750686645508e-01
-4.210084676742553711e-01
-1.119427755475044250e-01
-2.305349111557006836e-01
-5.022293925285339355e-01
1.646225601434707642e-01
3.726095426827669144e-03
6.687525510787963867e-01
3.642165362834930420e-01
6.675139069557189941e-02
-1.436350867152214050e-03
8.936689496040344238e-01
4.162341654300689697e-01
5.526789426803588867e-01
1.066210195422172546e-01
-4.572200030088424683e-02
5.936395749449729919e-02
-1.109246969223022461e+00
-8.098182827234268188e-02
3.253155574202537537e-02
-4.122224748134613037e-01
4.624491557478904724e-02
-9.359432011842727661e-02
-3.029818534851074219e-01
6.734924018383026123e-02
-4.305981099605560303e-01
1.998854279518127441e-01
-4.032924473285675049e-01
-5.362043380737304688e-01
-1.182851567864418030e-01
-5.422878265380859375e-01
2.460229247808456421e-01
4.861667752265930176e-02
1.910842210054397583e-01
-3.664327859878540039e-01
6.361448764801025391e-02
-8.747487515211105347e-02
1.558556109666824341e-01
-2.287812680006027222e-01
-4.283924028277397156e-02
-1.707462668418884277e-01
1.385514885187149048e-01
-9.978279471397399902e-02
4.598001241683959961e-01
-1.221871469169855118e-02
3.991613686084747314e-01
6.062003374099731445e-01
2.295654267072677612e-01
2.700498402118682861e-01
-7.897531390190124512e-01
-2.959040924906730652e-02
-4.678516462445259094e-02
-4.240673184394836426e-01
-1.330378770828247070e+00
2.194239050149917603e-01
-9.011124968528747559e-01
4.003733694553375244e-01
-2.128562182188034058e-01
2.713016271591186523e-01
-5.514093041419982910e-01
3.240280747413635254e-01
7.133599370718002319e-03
-2.102353572845458984e-01
1.873107440769672394e-02
-3.292292356491088867e-01
-3.731967806816101074e-01
-9.382625818252563477e-01
2.405334413051605225e-01
-2.674473822116851807e-01
-2.056930810213088989e-01
2.858826518058776855e-01
-4.364881664514541626e-02
2.891848385334014893e-01
-4.320432841777801514e-01
5.804334878921508789e-01
6.300043463706970215e-01
3.357484042644500732e-01
1.150299087166786194e-01
-1.896737813949584961e-01
1.236877739429473877e-01
-6.547742336988449097e-02
2.922491729259490967e-01
-2.019657492637634277e-01
-3.491553664207458496e-01
-3.953467905521392822e-01
-4.528397694230079651e-02
-1.316091567277908325e-01
-3.201984763145446777e-01
-6.604892015457153320e-01
5.898288637399673462e-02
3.607694804668426514e-01
-3.249279782176017761e-02
2.287367582321166992e-01
-3.935368359088897705e-02
2.424044013023376465e-01
3.189982175827026367e-01
-3.102453052997589111e-01
-4.324645400047302246e-01
2.569037973880767822e-01
-2.975576817989349365e-01
-1.035506606101989746e+00
-8.812560439109802246e-01
3.277430534362792969e-01
-7.316452264785766602e-02
-2.585555016994476318e-01
5.604721307754516602e-01
-6.331031024456024170e-02
3.867907226085662842e-01
2.549662888050079346e-01
3.459005653858184814e-01
-1.943638361990451813e-02
1.682446599006652832e-01
7.938453555107116699e-02
-2.419807761907577515e-01
-3.149057030677795410e-01
3.001523017883300781e-01
-6.316772848367691040e-02
-2.698329687118530273e-01
-1.038245856761932373e-01
-2.102764509618282318e-02
-1.154955029487609863e-01
-4.675712287425994873e-01
7.580195367336273193e-02
-9.530567377805709839e-02
-1.063922941684722900e-01
-7.787480354309082031e-01
6.450989246368408203e-01
6.756515800952911377e-02
4.416533708572387695e-01
2.781149446964263916e-01
8.184135556221008301e-01
5.634141564369201660e-01
3.330144286155700684e-01
1.286688446998596191e-01
-1.233942657709121704e-01
-5.591745972633361816e-01
-9.074190631508827209e-03
-3.736246228218078613e-01
-1.213037148118019104e-01
-1.038781881332397461e+00
2.972463071346282959e-01
-6.449711322784423828e-02
-7.490893006324768066e-01
3.270837664604187012e-01
2.819052338600158691e-01
-3.835240304470062256e-01
-3.738052546977996826e-01
9.645599871873855591e-02
-5.963428616523742676e-01
-4.565027728676795959e-02
-3.190286457538604736e-01
1.671452373266220093e-01
-3.278845250606536865e-01
2.859632112085819244e-02
1.716192364692687988e-01
6.259475946426391602e-01
4.087700545787811279e-01
5.952934548258781433e-02
3.790728980675339699e-03
-2.911804616451263428e-01
-1.870987117290496826e-01
3.268997967243194580e-01
-1.191336847841739655e-02
4.789473116397857666e-02
-2.529558837413787842e-01
-4.822911024093627930e-01
-6.098707318305969238e-01
2.355412542819976807e-01
-3.958372399210929871e-02
5.643223524093627930e-01
3.558012247085571289e-01
2.644706070423126221e-01
-3.011348843574523926e-01
-3.764952123165130615e-01
-6.965873241424560547e-01
9.075593948364257812e-02
3.705902099609375000e-01
-2.216963171958923340e-01
-5.502610802650451660e-01
-2.161568999290466309e-01
4.933791458606719971e-01
1.056265309453010559e-01
1.547671407461166382e-01
-3.207939267158508301e-01
-1.615263074636459351e-01
-5.452619194984436035e-01
-1.445780321955680847e-02
9.198044985532760620e-02
-1.273837499320507050e-02
1.128032654523849487e-01
-4.687432944774627686e-01
3.214444816112518311e-01
4.134030044078826904e-01
-1.805962771177291870e-01
2.147570811212062836e-02
-3.134549558162689209e-01
1.625235527753829956e-01
1.541611701250076294e-01
1.292815953493118286e-01
2.279071658849716187e-01
3.229816257953643799e-01
-6.481651067733764648e-01
-1.901773363351821899e-01
-3.546051979064941406e-01
-1.109303459525108337e-01
3.612801432609558105e-01
2.636263966560363770e-01
-2.725512683391571045e-01
-2.847296372056007385e-02
-5.035936832427978516e-01
-6.423535943031311035e-01
3.317568898200988770e-01
3.706315457820892334e-01
-1.317729055881500244e-01
-1.985429078340530396e-01
1.427471451461315155e-02
-1.938528567552566528e-01
-4.432479850947856903e-03
-2.831696867942810059e-01
-7.456107437610626221e-02
6.850044727325439453e-01
2.508833706378936768e-01
3.847117722034454346e-01
-2.642540074884891510e-02
3.477100431919097900e-01
4.780688881874084473e-01
-4.439023137092590332e-01
-1.780754327774047852e-01
-6.718507409095764160e-01
-8.202350139617919922e-01
-7.447872757911682129e-01
8.398734033107757568e-03
-8.353906869888305664e-01
-1.852332651615142822e-01
-2.704673111438751221e-01
5.352848023176193237e-02
5.861433148384094238e-01
3.970749080181121826e-01
-2.816167473793029785e-01
-2.296634465456008911e-01
1.460725907236337662e-02
3.976024314761161804e-02
2.381563484668731689e-01
-2.611944675445556641e-01
-2.050235122442245483e-01
-3.962952494621276855e-01
-6.052951887249946594e-02
4.520252943038940430e-01
1.133199706673622131e-01
1.873004063963890076e-02
7.733093500137329102e-01
2.909391522407531738e-01
-5.911124497652053833e-02
5.916908383369445801e-01
1.716821193695068359e-01
-1.415571123361587524e-01
-1.546576738357543945e+00
-7.544542849063873291e-02
-3.297136425971984863e-01
-1.579066365957260132e-01
-6.453263014554977417e-02
