-1.998534917831420898e+00
-1.544484853744506836e+00
-5.492477416992187500e-01
-7.221086025238037109e-01
-3.477671146392822266e-01
-1.158037781715393066e-02
-2.666166424751281738e-01
-1.747565716505050659e-01
-5.570545792579650879e-02
2.431240677833557129e-01
2.667167596518993378e-02
5.881907343864440918e-01
-5.267508625984191895e-01
-4.433399438858032227e-02
-4.003706276416778564e-01
-1.078885719180107117e-01
-4.402511715888977051e-01
1.003321632742881775e-01
3.928555846214294434e-01
1.005891561508178711e+00
-1.857333779335021973e-01
3.287484049797058105e-01
3.132319450378417969e-01
-6.454572677612304688e-01
3.175833076238632202e-02
-5.593337118625640869e-02
1.416149288415908813e-01
-1.540980190038681030e-01
2.858961820602416992e-01
9.060230851173400879e-02
-4.591662287712097168e-01
2.711909413337707520e-01
-1.118316292762756348e+00
5.389771461486816406e-01
3.918062448501586914e-01
-2.774044275283813477e-01
1.283205151557922363e-01
-2.609231472015380859e-01
-5.196624398231506348e-01
-3.380157947540283203e-01
-3.761027753353118896e-01
6.433596462011337280e-02
-4.432933628559112549e-01
5.597055554389953613e-01
-1.117097958922386169e-02
1.849347054958343506e-01
-9.619264602661132812e-01
6.704680919647216797e-01
-3.066828846931457520e-01
-5.565501451492309570e-01
1.187828183174133301e-01
-2.639527916908264160e-01
-7.633943110704421997e-03
-3.674830198287963867e-01
2.662974894046783447e-01
2.524322271347045898e-02
-7.640362977981567383e-01
4.211003705859184265e-02
-4.974848777055740356e-02
1.271819233894348145e+00
2.988221347332000732e-01
1.113789916038513184e+00
3.473522961139678955e-01
7.623684406280517578e-01
-3.552585542201995850e-01
1.089655086398124695e-01
-4.691885411739349365e-01
-3.510571718215942383e-01
1.630120277404785156e-01
-2.838966846466064453e-01
1.578245908021926880e-01
1.186207979917526245e-01
-4.722496569156646729e-01
-9.165719747543334961e-01
-1.300185561180114746e+00
-5.821580886840820312e-01
1.050157845020294189e-01
2.524347305297851562e-01
1.363079845905303955e-01
-4.357321560382843018e-01
4.802888333797454834e-01
-7.363307476043701172e-01
6.490152478218078613e-01
2.253229543566703796e-02
2.059576213359832764e-01
-2.540079355239868164e-01
6.068892478942871094e-01
-1.391417831182479858e-01
-6.436043232679367065e-02
-2.637172341346740723e-01
-2.227519154548645020e-01
-7.413635253906250000e-01
2.390171736478805542e-01
-4.085102975368499756e-01
-7.339890301227569580e-02
1.832006126642227173e-01
3.960359990596771240e-01
2.844243347644805908e-01
2.751242518424987793e-01
4.116722941398620605e-01
1.455785930156707764e-01
-8.126884698867797852e-02
6.496933698654174805e-01
-4.810645282268524170e-01
1.417326368391513824e-02
-2.989935576915740967e-01
-5.530437827110290527e-01
-2.304419688880443573e-02
3.433035612106323242e-01
-3.316281139850616455e-01
2.698632776737213135e-01
-2.663357853889465332e-01
-2.969358488917350769e-02
5.624026060104370117e-01
9.077208042144775391e-01
5.717015266418457031e-01
4.067043066024780273e-01
-1.008158475160598755e-01
-3.369232118129730225e-01
-1.985239982604980469e-01
-6.289584636688232422e-01
-4.818280339241027832e-01
2.027877867221832275e-01
3.314004838466644287e-01
-4.422068297863006592e-01
-2.442771345376968384e-01
-1.785349994897842407e-01
-9.316979050636291504e-01
1.385940790176391602e+00
4.075558781623840332e-01
-1.931181252002716064e-01
-2.554302811622619629e-01
-8.959903120994567871e-01
-1.152004748582839966e-01
9.825292043387889862e-03
4.838501662015914917e-02
-2.742358148097991943e-01
-3.335482478141784668e-01
2.318079322576522827e-01
5.786464214324951172e-01
2.055246978998184204e-01
9.678975343704223633e-01
4.147994816303253174e-01
5.331786274909973145e-01
-2.105595916509628296e-01
-5.801190622150897980e-03
-3.754557669162750244e-01
-4.209587275981903076e-01
-8.033736348152160645e-01
-3.200508654117584229e-02
-2.387169152498245239e-01
-2.094110846519470215e-01
-1.179165840148925781e-01
3.578600585460662842e-01
-4.730044305324554443e-01
3.705210685729980469e-01
-3.076117336750030518e-01
-9.587437845766544342e-03
2.811789214611053467e-01
3.673245012760162354e-02
2.672580480575561523e-01
2.015812397003173828e-01
3.473734855651855469e-01
3.569950461387634277e-01
2.194901555776596069e-01
2.143183648586273193e-01
2.012786865234375000e-01
-1.570486068725585938e+00
3.025048673152923584e-01
-6.440810561180114746e-01
-7.142600417137145996e-02
-3.188651800155639648e-01
3.397276997566223145e-01
3.177249729633331299e-01
2.252107858657836914e-01
-1.133676841855049133e-01
5.775830745697021484e-01
-5.169104337692260742e-01
4.931993409991264343e-02
-2.009620703756809235e-02
-6.557822227478027344e-01
1.013149991631507874e-01
5.754733681678771973e-01
5.931172966957092285e-01
-3.303847014904022217e-01
3.525384664535522461e-01
-2.240769863128662109e-01
4.189633727073669434e-01
5.648592859506607056e-02
1.370169281959533691e+00
7.167202979326248169e-02
-5.962598323822021484e-01
-1.103245019912719727e+00
-6.740476489067077637e-01
-4.348409771919250488e-01
-1.312711555510759354e-02
7.111464738845825195e-01
6.855887770652770996e-01
-1.483871508389711380e-02
-2.972716093063354492e-01
-6.772176176309585571e-02
-3.852455019950866699e-01
-5.096800923347473145e-01
-1.107791960239410400e-01
-1.141082525253295898e+00
4.270480275154113770e-01
-1.652738079428672791e-02
-1.032976582646369934e-01
4.093063473701477051e-01
-1.976282745599746704e-01
2.720416486263275146e-01
-2.926940284669399261e-02
7.578649371862411499e-02
6.434701085090637207e-01
6.125808954238891602e-01
3.545586466789245605e-01
4.682184159755706787e-01
-2.529546618461608887e-01
1.513583119958639145e-02
-5.849938988685607910e-01
-5.941801667213439941e-01
-4.679843485355377197e-01
-4.671005010604858398e-01
4.267936050891876221e-01
-1.902831047773361206e-01
4.385882616043090820e-01
3.684529364109039307e-01
-3.389577940106391907e-02
-1.334772352129220963e-02
-2.549695074558258057e-01
3.090946674346923828e-01
-6.280214190483093262e-01
-1.895022243261337280e-01
-1.490048289299011230e+00
1.044605448842048645e-01
-7.865313291549682617e-01
2.723252475261688232e-01
8.639822602272033691e-01
3.859569728374481201e-01
4.329312145709991455e-01
-6.849575042724609375e-02
1.418644636869430542e-01
-5.075865387916564941e-01
1.447899490594863892e-01
2.382510900497436523e-01
1.207012236118316650e-01
-2.085571587085723877e-01
-4.450136721134185791e-01
2.329393178224563599e-01
-4.345647990703582764e-01
-1.036839112639427185e-01
-5.698256492614746094e-01
-3.499279320240020752e-01
2.587647736072540283e-01
-4.764885902404785156e-01
-1.202196627855300903e-01
-1.075449883937835693e-01
-6.393579244613647461e-01
-7.076626271009445190e-02
-3.496287763118743896e-01
-5.877335071563720703e-01
2.635569870471954346e-01
2.467630803585052490e-01
1.108310744166374207e-01
-8.638007938861846924e-02
-3.347057104110717773e-01
-1.174777448177337646e-01
-7.384768873453140259e-02
-1.712119728326797485e-01
-2.778036594390869141e-01
-3.370577991008758545e-01
9.431307911872863770e-01
1.425722539424896240e-01
8.520892858505249023e-01
1.179364845156669617e-01
2.157029658555984497e-01
-1.000390425324440002e-01
4.209771454334259033e-01
6.211386248469352722e-02
5.933684855699539185e-02
-1.336328834295272827e-01
-7.005503177642822266e-01
-2.577862739562988281e-01
-2.254736572504043579e-01
2.764255553483963013e-02
7.016036510467529297e-01
-6.283230185508728027e-01
9.383014440536499023e-01
-4.607901573181152344e-01
-4.626208841800689697e-01
-2.399964094161987305e+00
-5.427336692810058594e-01
-6.414006352424621582e-01
1.417806744575500488e-01
8.989482522010803223e-01
1.639499068260192871e-01
3.170976936817169189e-01
2.195819765329360962e-01
9.750262498855590820e-01
3.837722241878509521e-01
-1.725147962570190430e-01
-1.611187607049942017e-01
-1.686292052268981934e+00
4.804195165634155273e-01
-7.094190120697021484e-01
1.175708174705505371e+00
7.594472169876098633e-01
2.272916287183761597e-01
5.157878994941711426e-01
-9.686837345361709595e-02
-5.406957268714904785e-01
-5.446156486868858337e-02
-5.457573533058166504e-01
6.557086855173110962e-02
-6.029415726661682129e-01
-2.804816365242004395e-01
-4.222711622714996338e-01
-5.347952842712402344e-01
-5.058689713478088379e-01
9.630374610424041748e-03
3.889283835887908936e-01
-5.366171598434448242e-01
-2.208491563796997070e-01
-1.290565967559814453e+00
7.682374715805053711e-01
-1.386660784482955933e-01
1.184309601783752441e+00
4.591515064239501953e-01
2.011431753635406494e-02
-4.582642316818237305e-01
-2.492107301950454712e-01
-3.970085680484771729e-01
5.618068575859069824e-01
7.427678257226943970e-02
9.951771236956119537e-03
7.803481072187423706e-02
-1.297665536403656006e-01
-5.326517224311828613e-01
-4.770123064517974854e-01
-4.968300461769104004e-01
-3.012936413288116455e-01
-5.654776096343994141e-01
3.180517554283142090e-01
-4.297389090061187744e-01
6.939525008201599121e-01
6.450273841619491577e-02
1.724720597267150879e-01
8.521109223365783691e-01
7.495746612548828125e-01
6.067531108856201172e-01
-2.203138023614883423e-01
2.173274010419845581e-01
-1.362601876258850098e+00
-9.732616692781448364e-02
-1.404324889183044434e+00
2.142305225133895874e-01
-1.190745085477828979e-01
-1.052010245621204376e-02
-7.504078000783920288e-02
3.636575937271118164e-01
4.446446895599365234e-01
4.156037271022796631e-01
5.159472823143005371e-01
-2.329201251268386841e-01
-2.293450981378555298e-01
2.589019574224948883e-02
8.953408896923065186e-02
-2.727291174232959747e-02
5.145145058631896973e-01
-9.028875231742858887e-01
-1.265607625246047974e-01
-5.350593328475952148e-01
-2.040151059627532959e-01
-1.006456315517425537e-01
-2.372275479137897491e-02
7.517659664154052734e-01
-5.069015622138977051e-01
6.541450023651123047e-01
-3.707623854279518127e-02
4.201459586620330811e-01
-4.857988357543945312e-01
-7.321421056985855103e-02
2.106340229511260986e-01
4.653329551219940186e-01
1.847041547298431396e-01
9.160707592964172363e-01
9.227273985743522644e-03
1.935587972402572632e-01
-4.968267083168029785e-01
2.696035504341125488e-01
-2.011024951934814453e-01
7.417392134666442871e-01
4.862187430262565613e-02
3.445447683334350586e-01
-1.210609316825866699e+00
3.525891602039337158e-01
-1.102804422378540039e+00
3.542081117630004883e-01
-3.995013236999511719e-01
-1.448812633752822876e-01
-4.435572922229766846e-01
-1.492020189762115479e-01
5.567817762494087219e-02
-2.428860366344451904e-01
5.198645591735839844e-01
3.931846022605895996e-01
4.400321841239929199e-01
3.234435021877288818e-01
8.889883756637573242e-03
-1.404603719711303711e+00
-1.826955914497375488e+00
-8.385249972343444824e-02
-4.276309609413146973e-01
6.012457013130187988e-01
-5.364498123526573181e-02
9.287601709365844727e-01
3.734520971775054932e-01
1.501388549804687500e-01
-1.165662050247192383e+00
1.447393000125885010e-01
-7.201207876205444336e-01
-3.162271380424499512e-01
3.249295055866241455e-01
4.423171281814575195e-01
-2.923378907144069672e-02
4.136624634265899658e-01
2.896853089332580566e-01
3.296948969364166260e-01
1.446182280778884888e-01
-5.636802315711975098e-01
-1.920190006494522095e-01
-4.728508591651916504e-01
-3.905741274356842041e-01
-3.958255648612976074e-01
2.805757224559783936e-01
-2.042530775070190430e-01
2.963300645351409912e-01
-7.814695686101913452e-02
-2.538918331265449524e-02
-6.448807120323181152e-01
-4.898815751075744629e-01
-3.542989194393157959e-01
3.214270621538162231e-02
-5.268893763422966003e-02
5.423822402954101562e-01
-2.318466454744338989e-01
1.349945664405822754e-01
-4.709803760051727295e-01
1.376435011625289917e-01
8.335974812507629395e-02
3.531706929206848145e-01
3.254883885383605957e-01
-1.378825306892395020e-01
4.065524786710739136e-02
5.019429922103881836e-01
1.469595283269882202e-01
-6.111301481723785400e-03
-1.268448531627655029e-01
-5.742330476641654968e-02
-1.274938732385635376e-01
-3.018634319305419922e-01
-2.997736930847167969e-01
-2.932728528976440430e-01
-6.194118857383728027e-01
3.691125810146331787e-01
1.066008433699607849e-01
2.023543566465377808e-01
5.675452202558517456e-02
-4.781589210033416748e-01
-6.099275127053260803e-02
4.507877398282289505e-03
5.668666958808898926e-01
3.986795246601104736e-01
8.252424001693725586e-02
-1.102399230003356934e-01
-9.628918170928955078e-01
-2.610644102096557617e-01
7.493973243981599808e-03
3.924334347248077393e-01
2.295733690261840820e-01
-4.808763265609741211e-01
1.032443404197692871e+00
-4.369636997580528259e-03
5.062708854675292969e-01
-2.560398280620574951e-01
-1.443743109703063965e-01
-8.863183259963989258e-01
-2.036381959915161133e-01
-4.430046081542968750e-01
-1.339634954929351807e-01
-3.951372802257537842e-01
-5.281155109405517578e-01
-2.131927311420440674e-01
2.666630148887634277e-01
5.192215442657470703e-01
1.698741465806961060e-01
-1.748200058937072754e-01
-3.775365352630615234e-01
-3.116170689463615417e-02
1.888994425535202026e-01
7.141526937484741211e-01
4.648214280605316162e-01
4.822068512439727783e-01
-5.245766043663024902e-01
-1.746865510940551758e-01
2.815048992633819580e-01
5.286463722586631775e-02
9.303918480873107910e-01
-1.894537061452865601e-01
9.420665353536605835e-02
4.590155184268951416e-02
6.608522683382034302e-02
5.639505386352539062e-01
