-1.420174360275268555e+00
-1.531778424978256226e-01
-4.314473271369934082e-01
-3.350257575511932373e-01
-5.943101048469543457e-01
-2.263659983873367310e-01
-3.804765641689300537e-01
-3.850725889205932617e-01
-5.346055030822753906e-01
-1.005951762199401855e+00
-5.164437294006347656e-01
-2.677938714623451233e-02
5.459614843130111694e-02
5.144333839416503906e-01
3.778171241283416748e-01
8.041741847991943359e-01
7.591368556022644043e-01
8.684628009796142578e-01
1.864394068717956543e+00
5.545199289917945862e-02
5.459105968475341797e-01
3.877027928829193115e-01
-4.481868445873260498e-01
-2.167062461376190186e-01
-3.919053375720977783e-01
-4.972684010863304138e-02
-1.498332917690277100e-01
-6.238127350807189941e-01
-4.219664931297302246e-01
-3.076984286308288574e-01
-1.396239735186100006e-02
3.311427533626556396e-01
-2.267655730247497559e-02
1.007776856422424316e+00
-8.328295946121215820e-01
6.172100901603698730e-01
-2.932325303554534912e-01
1.143296211957931519e-01
1.079967021942138672e-01
3.749346137046813965e-01
-5.765040516853332520e-01
-4.113319218158721924e-01
-3.239064514636993408e-01
-1.536435633897781372e-01
-1.561082527041435242e-02
7.412266731262207031e-01
2.423614859580993652e-01
7.033917307853698730e-01
-1.790070980787277222e-01
-1.024098768830299377e-01
7.559745907783508301e-01
-3.337975442409515381e-01
-7.224603742361068726e-02
1.090376257896423340e+00
-7.369122505187988281e-01
2.421221137046813965e-01
4.180738925933837891e-01
7.481667399406433105e-01
3.580854535102844238e-01
3.398623466491699219e-01
5.411809682846069336e-01
-4.443799555301666260e-01
-2.362709790468215942e-01
2.455797195434570312e-01
-1.044324874877929688e+00
-2.686309218406677246e-01
-1.048908352851867676e+00
-9.884141683578491211e-01
-3.094311654567718506e-01
-4.493500106036663055e-03
-5.340980291366577148e-01
-7.169361412525177002e-02
-1.588110476732254028e-01
2.362259197980165482e-03
2.996397912502288818e-01
1.656570136547088623e-01
5.963533520698547363e-01
3.283752501010894775e-01
5.725424885749816895e-01
7.313362956047058105e-01
3.168763220310211182e-01
6.576714515686035156e-01
-4.293401241302490234e-01
-1.332079023122787476e-01
-9.101260900497436523e-01
1.267091631889343262e-01
4.868553280830383301e-01
1.798722147941589355e-01
5.246969461441040039e-01
2.901442348957061768e-01
7.244368195533752441e-01
6.401464939117431641e-01
3.486759364604949951e-01
-2.998573780059814453e-01
-2.210495322942733765e-01
-4.154608249664306641e-01
6.140311434864997864e-02
-6.508135199546813965e-01
-2.640402019023895264e-01
-7.143809199333190918e-01
1.373169898986816406e+00
1.039206981658935547e+00
2.932839840650558472e-02
-1.718058139085769653e-01
-5.371118783950805664e-01
-2.131261229515075684e-01
-3.484397530555725098e-01
2.782593108713626862e-02
-2.077497094869613647e-01
-2.912753727287054062e-03
-6.008119583129882812e-01
-5.889475941658020020e-01
-2.384065687656402588e-01
-7.414178848266601562e-01
2.200969755649566650e-01
-1.289257854223251343e-01
2.264131605625152588e-02
2.332748174667358398e-01
5.047204494476318359e-01
3.022086322307586670e-01
7.494913935661315918e-01
5.254592895507812500e-01
4.012585580348968506e-01
-2.811049520969390869e-01
2.610715925693511963e-01
3.928103148937225342e-01
-4.008484482765197754e-01
4.724417626857757568e-01
-5.057248845696449280e-02
9.757931530475616455e-02
3.811983466148376465e-01
3.276489973068237305e-01
1.421256642788648605e-02
4.629931449890136719e-01
-4.578490257263183594e-01
2.035169601440429688e-01
-3.672339320182800293e-01
-1.062284409999847412e-01
-1.471960637718439102e-02
-7.086510062217712402e-01
-3.891330957412719727e-01
-2.272382527589797974e-01
-4.659726843237876892e-02
8.216427266597747803e-02
-3.745703697204589844e-01
7.258190214633941650e-02
3.790653869509696960e-02
-4.173704087734222412e-01
3.248589858412742615e-02
3.391321599483489990e-01
4.863521456718444824e-01
5.655464529991149902e-01
3.941136002540588379e-01
5.757299661636352539e-01
-7.632126659154891968e-02
4.492212235927581787e-01
9.048145264387130737e-02
1.459819674491882324e-01
1.253756731748580933e-01
-5.093801021575927734e-01
-4.269492626190185547e-01
2.233269214630126953e-01
-6.736156344413757324e-01
-2.592575848102569580e-01
-7.844467461109161377e-02
-6.658744215965270996e-01
-1.578662395477294922e-01
-7.404345870018005371e-01
2.951607406139373779e-01
-4.917198419570922852e-01
-3.444520235061645508e-01
-6.284882128238677979e-02
6.220152378082275391e-01
-9.315314143896102905e-02
2.700594067573547363e-01
1.919653713703155518e-01
5.016701221466064453e-01
6.887018680572509766e-01
6.142566800117492676e-01
6.563296914100646973e-01
1.463577508926391602e+00
-5.533509850502014160e-01
1.139246374368667603e-01
-5.070982575416564941e-01
-2.732092142105102539e-01
-3.595740348100662231e-02
-1.018560528755187988e+00
-2.230251021683216095e-02
-8.110997080802917480e-01
-3.502017855644226074e-01
-5.941662788391113281e-01
-2.843137681484222412e-01
4.055269435048103333e-02
6.335407495498657227e-01
4.645378291606903076e-01
3.707288801670074463e-01
2.149554044008255005e-01
2.812305092811584473e-01
-5.552775859832763672e-01
-2.684476971626281738e-02
-2.955143749713897705e-01
-1.554775834083557129e-01
1.001981496810913086e+00
1.302869170904159546e-01
6.258820295333862305e-01
1.018364191055297852e+00
-2.381163537502288818e-01
-7.959372550249099731e-02
-1.983284205198287964e-01
-3.042210042476654053e-01
3.431898057460784912e-01
-4.534010589122772217e-01
7.453896999359130859e-01
-3.226682841777801514e-01
-2.348351106047630310e-02
1.722442172467708588e-02
-2.247801423072814941e-01
5.759201645851135254e-01
-1.352517843246459961e+00
-6.090023517608642578e-01
-5.768615752458572388e-02
-4.469430744647979736e-01
7.070124745368957520e-01
5.057888627052307129e-01
9.700481891632080078e-01
6.965953111648559570e-01
1.154439926147460938e+00
3.295240104198455811e-01
5.742586851119995117e-01
-7.837406992912292480e-01
-5.782217979431152344e-01
-8.604897260665893555e-01
-9.327437877655029297e-01
-7.143430411815643311e-02
-1.179105758666992188e+00
2.319965213537216187e-01
2.535239458084106445e-01
-1.764573007822036743e-01
9.584792256355285645e-01
1.427343487739562988e-01
-3.484650701284408569e-02
5.369835495948791504e-01
-2.294238954782485962e-01
1.874190270900726318e-01
4.191152155399322510e-01
5.491210222244262695e-01
6.496194601058959961e-01
1.055178046226501465e+00
4.258285462856292725e-01
8.916974663734436035e-01
6.537430286407470703e-01
-1.872339397668838501e-01
1.780285239219665527e-01
-2.578361630439758301e-01
4.323533773422241211e-01
-4.965805411338806152e-01
4.685171842575073242e-01
-3.411788344383239746e-01
-7.317500114440917969e-01
-4.927913844585418701e-01
-9.605517387390136719e-01
-3.008509278297424316e-01
8.620006591081619263e-02
1.726474314928054810e-01
1.308932900428771973e-01
2.757349014282226562e-01
2.310034334659576416e-01
6.627170443534851074e-01
-2.866676449775695801e-01
-2.293640673160552979e-01
3.308562934398651123e-01
-4.838257133960723877e-01
-8.089750409126281738e-01
-1.360691338777542114e-01
-4.256876707077026367e-01
8.514611981809139252e-03
8.115126490592956543e-01
5.051712989807128906e-01
6.496776342391967773e-01
1.141412615776062012e+00
1.171682119369506836e+00
7.170818448066711426e-01
6.970518827438354492e-01
4.047723114490509033e-01
-4.241348505020141602e-01
-3.444561660289764404e-01
-5.775266885757446289e-01
-2.313095480203628540e-01
-9.455925822257995605e-01
-4.162458237260580063e-03
-1.757799237966537476e-01
1.666695773601531982e-01
1.545374691486358643e-01
1.544487476348876953e-01
1.937964111566543579e-01
-1.479495614767074585e-01
-9.564192593097686768e-02
2.986382879316806793e-02
-4.978225231170654297e-01
-1.485882103443145752e-01
2.329607605934143066e-01
-3.759101778268814087e-02
2.868989408016204834e-01
-2.899690344929695129e-02
5.379239916801452637e-01
-1.619740724563598633e-01
5.166335105895996094e-01
-1.223856061697006226e-01
1.128900051116943359e-01
-1.952776014804840088e-01
2.268773615360260010e-01
-1.517028808593750000e-01
5.998264551162719727e-01
5.471449494361877441e-01
-2.026434093713760376e-01
4.326212704181671143e-01
-3.570174574851989746e-01
-4.310578107833862305e-01
-3.414433896541595459e-01
8.527024388313293457e-01
-4.750404059886932373e-01
-2.122732065618038177e-02
6.536570191383361816e-01
6.851750016212463379e-01
1.076256632804870605e+00
1.690708845853805542e-01
1.196694612503051758e+00
-6.342985630035400391e-01
-9.339011311531066895e-01
-8.863592147827148438e-01
-4.519464969635009766e-01
1.064105406403541565e-01
-1.237397864460945129e-01
2.440974712371826172e-01
-2.903820574283599854e-01
1.333470195531845093e-01
4.861415028572082520e-01
6.919279694557189941e-01
4.367760717868804932e-01
-3.882564902305603027e-01
1.567062586545944214e-01
-7.918816804885864258e-01
9.664295315742492676e-01
-3.629535138607025146e-01
3.755142986774444580e-01
-6.273724436759948730e-01
1.321088522672653198e-01
-9.717605262994766235e-02
-2.881133258342742920e-01
-5.248131155967712402e-01
-2.672682702541351318e-01
-1.070123314857482910e-01
1.217067241668701172e-01
7.765988111495971680e-01
1.849789023399353027e-01
6.894002556800842285e-01
4.860614538192749023e-01
4.488724470138549805e-01
-6.521848440170288086e-01
-6.836320757865905762e-01
2.624758481979370117e-01
2.175185456871986389e-02
-7.313019037246704102e-01
2.349652200937271118e-01
3.809113800525665283e-01
3.965053260326385498e-01
1.255719661712646484e-01
-6.462694704532623291e-02
-2.707548141479492188e-01
5.870505049824714661e-02
-5.228261351585388184e-01
-5.067496299743652344e-01
2.087900489568710327e-01
-4.288251698017120361e-02
2.969922125339508057e-01
2.383575886487960815e-01
6.944184303283691406e-01
5.637899041175842285e-01
7.300145030021667480e-01
3.401298820972442627e-01
-1.041695401072502136e-01
-6.983907222747802734e-01
-2.962199747562408447e-01
-9.273021221160888672e-01
-9.064731001853942871e-01
-1.162266373634338379e+00
-7.629379034042358398e-01
-1.827497184276580811e-01
-3.772211074829101562e-01
4.451090097427368164e-01
1.346913129091262817e-01
7.151576876640319824e-01
6.416510343551635742e-01
1.811614274978637695e+00
4.845284223556518555e-01
9.533454775810241699e-01
-4.936832934617996216e-02
1.973252594470977783e-01
-7.991473376750946045e-02
4.062992036342620850e-01
-2.569429278373718262e-01
-6.985668838024139404e-02
-7.747121900320053101e-02
1.776045560836791992e-02
1.309874802827835083e-01
-6.340483427047729492e-01
6.613489389419555664e-01
-1.653770506381988525e-01
-6.087492033839225769e-02
-5.703643560409545898e-01
4.547369107604026794e-02
1.360030472278594971e-01
-4.631329476833343506e-01
5.299708843231201172e-01
-1.158449351787567139e-01
-4.210213571786880493e-02
2.842200100421905518e-01
3.984459042549133301e-01
8.713569641113281250e-01
-3.878435790538787842e-01
-4.337757229804992676e-01
1.454201221466064453e+00
-4.061327502131462097e-02
1.115852117538452148e+00
-4.307176768779754639e-01
4.310387372970581055e-01
-4.904633760452270508e-01
-1.813206374645233154e-01
-1.396550089120864868e-01
-4.539493620395660400e-01
5.967009067535400391e-01
-7.026759386062622070e-01
5.209296345710754395e-01
-4.394455254077911377e-02
-1.335522346198558807e-02
5.159780755639076233e-02
2.881496846675872803e-01
-1.000339537858963013e-02
-3.503208458423614502e-01
6.986828446388244629e-01
9.363220632076263428e-02
6.458541005849838257e-02
4.187379181385040283e-01
-3.910617232322692871e-01
-5.238507390022277832e-01
-3.538637459278106689e-01
-1.493197530508041382e-01
-1.706473529338836670e-01
2.293827943503856659e-02
5.397437810897827148e-01
7.355192899703979492e-01
1.405551433563232422e+00
3.299308195710182190e-02
2.823072671890258789e-01
-9.447857737541198730e-01
-4.102863073348999023e-01
-5.293474197387695312e-01
-4.425421655178070068e-01
7.487609982490539551e-01
-6.383401751518249512e-01
6.516729295253753662e-02
1.689351499080657959e-01
6.163528561592102051e-01
1.858953833580017090e-01
7.315639257431030273e-01
-7.657314091920852661e-02
3.255309760570526123e-01
-4.862265586853027344e-01
-6.246461272239685059e-01
1.615261286497116089e-01
8.800426870584487915e-02
4.355445802211761475e-01
4.323693811893463135e-01
-3.543241620063781738e-01
-3.183162510395050049e-01
4.325873255729675293e-01
3.039186000823974609e-01
8.670207858085632324e-01
-2.668690383434295654e-01
-5.370082333683967590e-02
1.329316049814224243e-01
2.644722163677215576e-01
-6.585638523101806641e-01
-4.891566038131713867e-01
5.128280520439147949e-01
-6.783125996589660645e-01
-2.245986908674240112e-01
1.428081244230270386e-01
-3.886961936950683594e-01
1.449058670550584793e-02
-1.128879040479660034e-01
1.595425419509410858e-02
3.494181632995605469e-01
9.238677024841308594e-01
-1.836095303297042847e-01
1.392211914062500000e-01
2.915519177913665771e-01
-3.500558377709239721e-04
1.131942719221115112e-01
9.185645729303359985e-02
3.917972743511199951e-02
-2.975873351097106934e-01
-2.613812983036041260e-01
-1.932655572891235352e-01
6.343749910593032837e-02
-2.562989294528961182e-01
-7.629105448722839355e-02
-3.406111896038055420e-01
-9.662096500396728516e-01
1.008237123489379883e+00
5.041424036026000977e-01
2.206423044204711914e+00
2.001795530319213867e+00
