-2.822122275829315186e-01
-2.732810676097869873e-01
8.635403215885162354e-02
-3.188871443271636963e-01
-1.437166571617126465e+00
-1.923824548721313477e+00
-4.337775409221649170e-01
1.651050001382827759e-01
1.823547780513763428e-01
5.260225534439086914e-01
-5.250524282455444336e-01
8.307159543037414551e-01
-3.812651634216308594e-01
-1.452670395374298096e-01
2.309029847383499146e-01
-3.037533462047576904e-01
-8.896873891353607178e-02
4.336147308349609375e-01
-3.650835752487182617e-01
-4.875568300485610962e-02
5.173318982124328613e-01
3.248540461063385010e-01
6.443868279457092285e-01
2.157621979713439941e-01
-3.751424551010131836e-01
8.528143167495727539e-01
2.708878554403781891e-02
-1.003310680389404297e+00
2.734553217887878418e-01
-3.501995801925659180e-01
-4.165168404579162598e-01
4.686282277107238770e-01
-5.940262079238891602e-01
7.525241971015930176e-01
-3.841508030891418457e-01
-2.239475101232528687e-01
-3.231464326381683350e-01
1.202567443251609802e-01
-6.017935872077941895e-01
-1.393881082534790039e+00
-2.321819067001342773e-01
6.037042140960693359e-01
3.392760157585144043e-01
1.334740281105041504e+00
3.739812970161437988e-01
4.983983337879180908e-01
4.253693521022796631e-01
2.904189750552177429e-02
-1.564091444015502930e-01
4.223273694515228271e-01
-8.664672374725341797e-01
-6.092483997344970703e-01
2.000386416912078857e-01
-2.844952642917633057e-01
-5.316310375928878784e-02
-3.316183984279632568e-01
-1.051830887794494629e+00
-1.649829931557178497e-02
5.171194672584533691e-01
1.755750030279159546e-01
2.419539988040924072e-01
5.699290037155151367e-01
-7.603012919425964355e-01
6.661071777343750000e-01
9.020406007766723633e-01
3.926995694637298584e-01
-4.602931737899780273e-01
-1.059147343039512634e-01
4.880945757031440735e-02
-4.825235307216644287e-01
4.633433222770690918e-01
9.297817349433898926e-01
1.084700345993041992e+00
-3.812958300113677979e-01
2.278235927224159241e-02
-6.471523642539978027e-01
-6.374514847993850708e-02
5.117956995964050293e-01
-4.745573103427886963e-01
-6.002405881881713867e-01
-7.543158531188964844e-01
-1.259134054183959961e+00
5.440878868103027344e-01
5.696273446083068848e-01
-1.925008296966552734e-01
-1.858566403388977051e-01
-1.061562895774841309e+00
2.350255250930786133e-01
6.657186895608901978e-02
1.428075581789016724e-01
1.941245645284652710e-01
2.564460039138793945e-01
8.286462426185607910e-01
1.807018220424652100e-01
3.433135747909545898e-01
5.879289507865905762e-01
2.067529261112213135e-01
-2.632218897342681885e-01
-6.518821418285369873e-02
5.246181972324848175e-04
-9.532123804092407227e-01
-1.867992430925369263e-01
-2.174435853958129883e-01
-3.089609146118164062e-01
3.967082500457763672e-02
3.212053775787353516e-01
2.023446708917617798e-01
-6.127410531044006348e-01
-1.481726765632629395e-01
1.283486783504486084e-01
2.491202205419540405e-01
2.053890377283096313e-01
3.823757469654083252e-01
3.334729671478271484e-01
2.164901196956634521e-01
3.611940518021583557e-02
1.668234318494796753e-01
6.709893941879272461e-01
2.177916467189788818e-01
-4.808740913867950439e-01
-6.468196213245391846e-02
-1.067951917648315430e-01
-4.680297374725341797e-01
-9.809513092041015625e-01
2.805641591548919678e-01
4.342683851718902588e-01
-1.358685255050659180e+00
-4.028997421264648438e-01
-5.902832373976707458e-02
-1.305677294731140137e-01
4.712806046009063721e-01
1.613420248031616211e-01
5.161525607109069824e-01
2.162816226482391357e-01
-2.237869501113891602e-01
6.261608004570007324e-01
1.560384929180145264e-01
-4.452834129333496094e-01
4.495441913604736328e-02
-3.769599795341491699e-01
-2.790889441967010498e-01
4.977611005306243896e-01
6.376559138298034668e-01
-1.831169798970222473e-02
-1.523032188415527344e-01
1.324617415666580200e-01
-6.540107131004333496e-01
1.563984304666519165e-01
4.036878645420074463e-01
8.505688607692718506e-02
2.995110154151916504e-01
3.275678157806396484e-01
-7.833538055419921875e-01
4.508792757987976074e-01
-7.612136602401733398e-01
-2.840313315391540527e-01
4.008206427097320557e-01
4.598919153213500977e-01
-2.898545563220977783e-01
-7.933956980705261230e-01
-1.070254564285278320e+00
2.631303966045379639e-01
1.067450642585754395e+00
-7.923402637243270874e-02
1.802811324596405029e-01
8.678845763206481934e-01
-1.028236672282218933e-01
-2.387202829122543335e-01
-2.166745960712432861e-01
1.489824503660202026e-01
8.959500491619110107e-02
4.334217309951782227e-01
3.270311653614044189e-01
1.037535667419433594e+00
5.706822872161865234e-01
-4.113244116306304932e-01
-4.380118101835250854e-02
-1.605076670646667480e+00
-7.581172883510589600e-02
7.803581953048706055e-01
-3.995880484580993652e-01
-3.613314591348171234e-03
1.778204441070556641e-01
-2.488235086202621460e-01
-3.664951920509338379e-01
1.620437055826187134e-01
3.959534168243408203e-01
8.191069960594177246e-02
1.254543662071228027e-01
9.316477179527282715e-01
1.607596874237060547e-01
-1.508603453636169434e+00
3.987514674663543701e-01
-1.306760013103485107e-01
-2.843135595321655273e-01
-2.247363477945327759e-01
1.022380143404006958e-01
6.773858070373535156e-01
-1.368773877620697021e-01
-1.559070795774459839e-01
6.625169515609741211e-01
-3.739444315433502197e-01
-1.940676867961883545e-01
1.843018382787704468e-01
3.290006816387176514e-01
2.016183435916900635e-01
7.175992727279663086e-01
-5.171272158622741699e-01
-2.872181236743927002e-01
-3.583965301513671875e-01
-1.627625972032546997e-01
7.015765458345413208e-02
-6.673614680767059326e-02
-1.667929142713546753e-01
-3.328905701637268066e-01
-1.053197622299194336e+00
-1.626161038875579834e-01
6.860736012458801270e-01
5.072028040885925293e-01
-2.604691982269287109e-01
3.107658773660659790e-02
-4.525065794587135315e-02
3.449991941452026367e-01
-1.469624340534210205e-01
-2.243799120187759399e-01
1.023320913314819336e+00
-2.027429342269897461e-01
1.177204400300979614e-01
8.043392896652221680e-01
-3.096321821212768555e-01
9.313558340072631836e-01
-2.124906890094280243e-02
-2.704862970858812332e-03
-3.569696545600891113e-01
-2.119518816471099854e-02
-1.002355143427848816e-01
6.467072665691375732e-02
-3.251792863011360168e-02
-2.782528698444366455e-01
-3.271776437759399414e-01
-5.537939667701721191e-01
4.014302194118499756e-01
-1.676022708415985107e-01
-2.239399254322052002e-01
5.498365759849548340e-01
-8.598937094211578369e-02
-7.153080701828002930e-01
-1.768268644809722900e-01
-5.786976814270019531e-01
-1.000822558999061584e-01
2.106351107358932495e-01
-3.950888216495513916e-01
1.892647147178649902e-02
-3.197265788912773132e-02
4.074782431125640869e-01
2.962835729122161865e-01
-6.252653151750564575e-02
4.280111491680145264e-01
1.771373450756072998e-01
3.554835915565490723e-01
-3.230760395526885986e-01
1.952779144048690796e-01
-3.239723742008209229e-01
-1.191478297114372253e-01
-7.641687989234924316e-01
-2.351944595575332642e-01
2.189543992280960083e-01
-8.015725016593933105e-01
7.538252323865890503e-02
2.572494745254516602e-01
-1.718768030405044556e-01
-3.150570988655090332e-01
3.506976738572120667e-02
1.012818932533264160e+00
1.461936905980110168e-02
-2.152277827262878418e-01
-8.058087825775146484e-01
6.776407957077026367e-01
7.298830747604370117e-01
1.597266793251037598e-01
7.078889012336730957e-02
4.683298468589782715e-01
-3.276327550411224365e-01
2.211180478334426880e-01
8.764371871948242188e-01
5.377410054206848145e-01
-3.088548779487609863e-01
3.745516836643218994e-01
-3.759717345237731934e-01
-1.475037261843681335e-02
-4.491072595119476318e-01
-9.930000901222229004e-01
1.473266184329986572e-01
9.921610355377197266e-01
-4.667438864707946777e-01
-4.461845010519027710e-02
-8.844949603080749512e-01
-2.179872840642929077e-01
7.049434781074523926e-01
1.294244197197258472e-03
5.431031584739685059e-01
-5.450863018631935120e-02
-1.170630931854248047e+00
-1.633839756250381470e-01
1.534691005945205688e-01
-1.001155897974967957e-01
4.787953943014144897e-02
-2.773397266864776611e-01
-2.791108936071395874e-02
-3.217014968395233154e-01
4.859284460544586182e-01
4.788501858711242676e-01
2.703959345817565918e-01
2.537449300289154053e-01
7.730852961540222168e-01
-2.127038538455963135e-01
-5.053133368492126465e-01
-5.071037411689758301e-01
-3.526304364204406738e-01
3.620392382144927979e-01
-4.299785494804382324e-01
-9.765608608722686768e-02
8.454649150371551514e-02
6.894283890724182129e-01
1.322315037250518799e-01
-7.776700854301452637e-01
1.482419610023498535e+00
9.416520595550537109e-02
-3.251905739307403564e-01
3.105514347553253174e-01
-1.058199882507324219e+00
2.134865671396255493e-01
8.000022172927856445e-01
1.932758390903472900e-01
-9.436465799808502197e-03
-9.866259247064590454e-02
-5.075399875640869141e-01
1.043439283967018127e-01
-1.948408186435699463e-01
-6.081975102424621582e-01
-1.215946227312088013e-01
-1.270038634538650513e-01
1.464517265558242798e-01
-5.363216996192932129e-01
-5.848492030054330826e-03
-5.864962190389633179e-02
-1.659996360540390015e-01
-7.039346545934677124e-02
5.821183919906616211e-01
7.413061261177062988e-01
-2.506635189056396484e-01
-2.959613204002380371e-01
-2.902761399745941162e-01
5.879247188568115234e-01
1.514064550399780273e+00
9.365538507699966431e-02
-3.618099689483642578e-01
-2.462723106145858765e-01
-3.574502468109130859e-01
1.764747500419616699e-02
2.458638101816177368e-01
3.885366320610046387e-01
2.077643871307373047e-01
2.006080746650695801e-01
-1.011296510696411133e-01
-3.248548507690429688e-02
-4.521232843399047852e-02
-1.684428304433822632e-01
2.869865000247955322e-01
-3.775320053100585938e-01
-7.123360037803649902e-01
-2.417335659265518188e-01
4.327756166458129883e-02
-4.980863630771636963e-02
3.089015781879425049e-01
9.692661166191101074e-01
-2.518687546253204346e-01
2.501358091831207275e-01
6.525530219078063965e-01
5.482184886932373047e-01
-1.288980245590209961e+00
6.094624400138854980e-01
2.011859267950057983e-01
-1.367195248603820801e+00
-1.171626210212707520e+00
-2.053002566099166870e-01
-7.690410614013671875e-01
5.469629764556884766e-01
8.963870406150817871e-01
7.827665209770202637e-01
1.274174332618713379e+00
-3.320188224315643311e-01
5.748639106750488281e-01
4.278432130813598633e-01
-4.004676938056945801e-01
1.277634650468826294e-01
-4.849701821804046631e-01
1.261117607355117798e-01
-3.466672301292419434e-01
1.013292670249938965e-01
-2.085129357874393463e-02
-1.026532351970672607e-01
-3.905219435691833496e-01
-1.466111466288566589e-02
1.431042104959487915e-01
1.063607782125473022e-01
-1.290046453475952148e+00
4.270046576857566833e-02
4.579097628593444824e-01
-9.695094078779220581e-02
7.719976454973220825e-02
-4.318288266658782959e-01
9.755680710077285767e-02
9.180583357810974121e-01
-3.539006710052490234e-01
-2.755555510520935059e-01
-2.194682061672210693e-01
-9.940391778945922852e-02
3.284567594528198242e-01
4.441543221473693848e-01
-1.805149912834167480e+00
-1.572189480066299438e-01
6.900841593742370605e-01
2.988570034503936768e-01
-2.258987277746200562e-01
-9.282790869474411011e-02
-5.192093849182128906e-01
4.913287758827209473e-01
4.387533664703369141e-02
-5.165758728981018066e-01
1.512193381786346436e-01
3.381378948688507080e-01
-5.266412720084190369e-02
1.797603964805603027e-01
-5.104050412774085999e-02
1.107930839061737061e-01
-9.287890046834945679e-02
-7.599873542785644531e-01
1.204330563545227051e+00
7.464101314544677734e-01
-8.045604825019836426e-01
3.028263449668884277e-01
4.802332445979118347e-02
-2.381689995527267456e-01
3.995245993137359619e-01
-5.551403760910034180e-01
-3.062843531370162964e-02
-1.889786124229431152e-01
-3.556641936302185059e-01
6.230919361114501953e-01
4.445493817329406738e-01
7.433290481567382812e-01
3.757558465003967285e-01
5.026351213455200195e-01
-4.481069445610046387e-01
-1.452004909515380859e+00
3.606177866458892822e-01
-2.407154083251953125e+00
1.057126641273498535e+00
1.873446069657802582e-02
-4.760118126869201660e-01
-1.336274743080139160e-01
-2.174193263053894043e-01
3.872637152671813965e-01
6.104424595832824707e-01
1.239506483078002930e+00
4.318314790725708008e-01
-4.216250479221343994e-01
2.612043730914592743e-02
-6.699062585830688477e-01
-5.996530055999755859e-01
-6.692013740539550781e-01
1.070440053939819336e+00
6.108406186103820801e-01
-2.813963592052459717e-01
-6.568197011947631836e-01
-1.268915891647338867e+00
2.211496531963348389e-01
6.122361421585083008e-01
3.286853730678558350e-01
-2.461836859583854675e-02
-3.074141740798950195e-01
-4.327397346496582031e-01
8.977280929684638977e-03
7.032494544982910156e-01
2.891379296779632568e-01
-3.536386787891387939e-01
7.312694191932678223e-01
7.010943889617919922e-01
2.616735398769378662e-01
-4.058691859245300293e-01
-2.131965607404708862e-01
-1.454349458217620850e-01
-1.389952898025512695e+00
5.872119069099426270e-01
2.809388637542724609e-01
-1.879200637340545654e-01
-3.012310862541198730e-01
-3.319138661026954651e-02
4.383895397186279297e-01
1.527727693319320679e-01
2.454206347465515137e-01
3.282502591609954834e-01
-2.931989431381225586e-01
-3.137466907501220703e-01
-2.161713838577270508e-01
3.350773155689239502e-01
-3.059311211109161377e-01
3.577001765370368958e-02
-7.622576784342527390e-03
-2.324601262807846069e-01
5.387794971466064453e-01
9.293579310178756714e-02
