8.068339824676513672e-01
2.065717428922653198e-01
5.936887860298156738e-01
3.811262845993041992e-01
-9.342761337757110596e-02
-3.399988114833831787e-01
-2.363408729434013367e-02
2.419737726449966431e-02
-1.245282739400863647e-01
-6.201224923133850098e-01
9.198294281959533691e-01
2.304482758045196533e-01
5.177867412567138672e-01
5.654670000076293945e-01
1.212224289774894714e-01
-1.721508204936981201e-01
3.974512517452239990e-01
-3.620640337467193604e-01
2.750894427299499512e-01
-5.111712217330932617e-01
-9.633158445358276367e-01
-1.768859624862670898e-01
9.151522070169448853e-02
2.536945343017578125e-01
6.143527105450630188e-03
-1.197103336453437805e-01
2.795308642089366913e-02
-2.872733585536479950e-02
4.715043306350708008e-01
4.845733046531677246e-01
4.246015250682830811e-01
3.129501938819885254e-01
3.482748270034790039e-01
-3.380689620971679688e-01
4.515181779861450195e-01
-4.920272529125213623e-01
-4.025094211101531982e-01
-4.213960096240043640e-02
4.918872714042663574e-01
-6.496670246124267578e-01
5.737792253494262695e-01
-2.882389724254608154e-01
1.046759009361267090e+00
-2.649391889572143555e-01
-1.351359635591506958e-01
-1.242273151874542236e-01
1.811379194259643555e-01
5.634480118751525879e-01
1.173878788948059082e+00
5.057251453399658203e-01
1.571400165557861328e-01
1.542405784130096436e-01
-3.608054518699645996e-01
-2.646548151969909668e-01
-8.102042675018310547e-01
9.290225803852081299e-02
-3.952821195125579834e-01
-5.225620269775390625e-01
-9.886791706085205078e-01
-8.505283296108245850e-02
-6.121499538421630859e-01
3.610148429870605469e-01
1.115734800696372986e-01
4.759052097797393799e-01
4.136481285095214844e-01
-1.004785671830177307e-01
2.961120605468750000e-01
1.980525404214859009e-01
4.537792503833770752e-01
3.449562788009643555e-01
8.272069096565246582e-01
-2.954054772853851318e-01
5.032529830932617188e-01
3.819710910320281982e-01
4.258854091167449951e-01
4.773444831371307373e-01
-8.390666246414184570e-01
-3.972443342208862305e-01
-6.350675225257873535e-01
-3.968508541584014893e-01
3.871397376060485840e-01
5.406318306922912598e-01
1.198946475982666016e+00
9.627408385276794434e-01
3.181512951850891113e-01
3.401056230068206787e-01
5.958693027496337891e-01
-2.217448800802230835e-01
-2.314293012022972107e-02
-2.182103842496871948e-01
5.040856823325157166e-02
1.468882546760141850e-03
-3.571245968341827393e-01
-9.371288865804672241e-02
-6.783058047294616699e-01
-1.703158318996429443e-01
7.754416018724441528e-02
-9.006835222244262695e-01
6.073258519172668457e-01
-3.602991700172424316e-01
1.798809766769409180e-01
-2.223558574914932251e-01
3.991778790950775146e-01
3.223934173583984375e-01
-4.866847693920135498e-01
7.322760224342346191e-01
9.458061307668685913e-02
3.562627434730529785e-01
-1.660061925649642944e-01
1.938349157571792603e-01
-2.781695723533630371e-01
1.084601655602455139e-01
-1.304252594709396362e-01
2.968134582042694092e-01
-1.963277012109756470e-01
-1.220044866204261780e-01
3.681654483079910278e-02
-4.747281968593597412e-01
7.786438465118408203e-01
5.309534072875976562e-01
5.312713980674743652e-01
-6.088442206382751465e-01
1.372488439083099365e-01
-1.310498360544443130e-02
2.167520374059677124e-01
-8.948151767253875732e-02
4.458000361919403076e-01
-7.788128852844238281e-01
-1.544302403926849365e-01
-6.577489972114562988e-01
-1.301667559891939163e-02
1.874689012765884399e-01
-3.407124876976013184e-01
2.823451757431030273e-01
5.847459435462951660e-01
1.306736320257186890e-01
9.755996465682983398e-01
4.860807955265045166e-01
3.688865900039672852e-01
-3.598082363605499268e-01
-2.839718759059906006e-01
-3.843440413475036621e-01
-2.952848970890045166e-01
-4.826588630676269531e-01
1.042717695236206055e-01
-4.783377051353454590e-01
2.741890549659729004e-01
9.356210827827453613e-01
3.891181051731109619e-01
1.180771470069885254e+00
4.544439017772674561e-01
1.304823905229568481e-01
-4.762498140335083008e-01
-7.385952472686767578e-01
-2.966910600662231445e-01
-1.034810423851013184e+00
-9.885956346988677979e-02
-7.374283075332641602e-01
2.536344826221466064e-01
-2.042321413755416870e-01
4.257268309593200684e-01
2.337813615798950195e+00
1.162068724632263184e+00
1.162236213684082031e+00
1.854225844144821167e-01
1.925135254859924316e-01
-2.868873476982116699e-01
-3.013723194599151611e-01
-1.254380792379379272e-01
-7.815652489662170410e-01
-2.790417671203613281e-01
-5.471120476722717285e-01
2.209630310535430908e-01
4.280092716217041016e-01
5.817862153053283691e-01
-2.500005066394805908e-01
4.488477706909179688e-01
2.652117013931274414e-01
-4.507791697978973389e-01
-3.117845356464385986e-01
-4.945721924304962158e-01
-1.458163261413574219e-01
-2.149928510189056396e-01
7.432069182395935059e-01
-3.918363153934478760e-02
-2.360331118106842041e-01
2.511028647422790527e-01
-4.808366000652313232e-01
-4.041358828544616699e-01
-4.484346881508827209e-02
2.507639229297637939e-01
1.011239364743232727e-01
7.201548218727111816e-01
5.279916897416114807e-02
5.889951586723327637e-01
-1.109561920166015625e-01
2.210938036441802979e-01
-2.234612032771110535e-02
-1.728616207838058472e-01
-7.010883092880249023e-02
3.076503574848175049e-01
8.435649871826171875e-01
1.441007256507873535e-01
4.057661294937133789e-01
-4.189421832561492920e-01
-5.981165170669555664e-01
-4.087585806846618652e-01
1.615625917911529541e-01
3.663271963596343994e-01
-3.180488348007202148e-01
3.234933912754058838e-01
-7.529349327087402344e-01
-1.618734449148178101e-01
-8.955075740814208984e-01
-3.330640494823455811e-01
5.752625688910484314e-02
-6.477679610252380371e-01
2.786191105842590332e-01
1.765211373567581177e-01
1.560792565345764160e+00
8.159178495407104492e-01
9.770424962043762207e-01
3.721954822540283203e-01
5.467070341110229492e-01
1.090581655502319336e+00
5.394035577774047852e-01
-8.911017328500747681e-03
5.861238837242126465e-01
-6.562240719795227051e-01
1.209013238549232483e-01
-2.608097791671752930e-01
-4.365058541297912598e-01
3.893500566482543945e-01
-4.177007377147674561e-01
7.589714527130126953e-01
2.323486655950546265e-01
2.263872176408767700e-01
2.543048858642578125e-01
-4.233092069625854492e-01
2.445908263325691223e-02
-1.032861590385437012e+00
-1.059871435165405273e+00
-9.757609963417053223e-01
-4.094746708869934082e-01
2.958415448665618896e-01
3.473074436187744141e-01
1.123201131820678711e+00
9.725031256675720215e-01
1.104517817497253418e+00
5.089533329010009766e-02
4.986276030540466309e-01
8.654828667640686035e-01
6.141587495803833008e-01
-1.766147166490554810e-01
2.322874069213867188e-01
5.665996298193931580e-02
3.997564315795898438e-01
2.372362762689590454e-01
-6.564064621925354004e-01
1.339909315109252930e+00
2.491743266582489014e-01
1.030994296073913574e+00
-2.957936525344848633e-01
6.801046133041381836e-01
-4.508237838745117188e-01
7.174562215805053711e-01
-5.285719633102416992e-01
1.386677771806716919e-01
2.197048366069793701e-01
-1.332274377346038818e-01
5.896145105361938477e-01
-7.769150733947753906e-01
-5.412347316741943359e-01
-4.660292863845825195e-01
2.778844833374023438e-01
2.153955250978469849e-01
3.116673529148101807e-01
-5.042370557785034180e-01
-8.329447507858276367e-01
-2.611796259880065918e-01
-7.797309756278991699e-01
-2.008629292249679565e-01
-2.618260979652404785e-01
-1.275421530008316040e-01
-2.916118800640106201e-01
3.413467705249786377e-01
2.007849141955375671e-02
3.600564897060394287e-01
4.766931831836700439e-01
1.053749471902847290e-01
6.930888295173645020e-01
6.096796393394470215e-01
9.037485718727111816e-01
1.131441220641136169e-01
2.771714925765991211e-01
9.491223841905593872e-02
1.441456079483032227e-01
-5.123021006584167480e-01
3.437621593475341797e-01
-1.222773790359497070e-01
4.492179751396179199e-01
1.332062333822250366e-01
6.928653120994567871e-01
1.523934602737426758e-01
2.078668028116226196e-01
2.869482338428497314e-02
1.616730690002441406e-01
3.663633167743682861e-01
3.730820715427398682e-01
-2.505270540714263916e-01
-2.280262112617492676e-01
1.051963344216346741e-01
-1.101554751396179199e+00
-9.921059608459472656e-01
-3.816197216510772705e-01
-2.174559682607650757e-01
4.079878926277160645e-01
5.034388303756713867e-01
7.520461082458496094e-01
-3.886702060699462891e-01
2.246594429016113281e-01
-2.363159507513046265e-01
-2.931549847126007080e-01
-3.986452519893646240e-01
4.695242270827293396e-02
3.916805982589721680e-01
-2.031743973493576050e-01
1.345070004463195801e+00
6.968067884445190430e-01
4.740881323814392090e-01
1.211447596549987793e+00
-5.119155049324035645e-01
1.595284193754196167e-01
-1.038242578506469727e+00
4.042467772960662842e-01
1.256669461727142334e-01
5.245305597782135010e-02
5.109010338783264160e-01
2.696330249309539795e-01
8.555079698562622070e-01
-3.027252554893493652e-01
-2.690587043762207031e-01
-3.373992741107940674e-01
-2.300155162811279297e-01
-2.192887067794799805e-01
2.404972314834594727e-01
5.806018114089965820e-01
-7.790122032165527344e-01
3.090979456901550293e-01
-6.403926759958267212e-02
-1.377050280570983887e-01
-3.885990977287292480e-01
8.495683968067169189e-02
-3.172062635421752930e-01
8.915873616933822632e-02
1.836517751216888428e-01
4.346055984497070312e-01
-1.122670769691467285e-01
-3.828925788402557373e-01
3.918976187705993652e-01
2.482844889163970947e-01
1.234756708145141602e-01
1.485698223114013672e-01
2.256925255060195923e-01
-3.436909317970275879e-01
9.901738166809082031e-02
8.557147532701492310e-02
-4.092382192611694336e-01
6.663668155670166016e-02
-2.680060863494873047e-01
6.620671153068542480e-01
-1.669728904962539673e-01
2.038229107856750488e-01
-1.102244257926940918e-01
-1.956436485052108765e-01
3.909473121166229248e-02
-3.276843130588531494e-01
3.338281065225601196e-02
-2.079296559095382690e-01
-3.893638551235198975e-01
-4.860045015811920166e-01
-2.244582474231719971e-01
1.810874193906784058e-01
1.038735136389732361e-01
-6.971262395381927490e-03
4.411926865577697754e-01
1.606462597846984863e-01
1.747158318758010864e-01
-3.551107347011566162e-01
1.740930974483489990e-01
-3.212388604879379272e-02
4.491379261016845703e-01
-3.948961794376373291e-01
-1.279869973659515381e-01
2.342743575572967529e-01
-4.302145540714263916e-01
-3.738668262958526611e-01
4.553500190377235413e-02
2.230248898267745972e-01
-3.913263082504272461e-01
1.073441743850708008e+00
6.588266491889953613e-01
5.901276469230651855e-01
4.298911690711975098e-01
8.105953037738800049e-02
4.258174598217010498e-01
-9.309994429349899292e-02
1.827645301818847656e-01
1.952847242355346680e-01
4.376749396324157715e-01
-7.203391194343566895e-02
-9.856079705059528351e-03
3.755316138267517090e-01
-4.336528182029724121e-01
1.597248315811157227e-01
2.903072535991668701e-01
6.686209235340356827e-05
7.408740371465682983e-02
-1.161701530218124390e-01
1.768358796834945679e-01
2.864457666873931885e-01
2.291450351476669312e-01
-5.908359885215759277e-01
-2.463155388832092285e-01
7.361842691898345947e-02
-4.811653196811676025e-01
3.006966710090637207e-01
-5.963931679725646973e-01
1.873206198215484619e-01
2.455420643091201782e-01
4.935732781887054443e-01
3.559134006500244141e-01
8.905870914459228516e-01
-8.715680837631225586e-01
8.333700299263000488e-01
3.472213149070739746e-01
3.746971189975738525e-01
2.537182569503784180e-01
-3.479022160172462463e-02
5.941984057426452637e-01
2.541268467903137207e-01
-3.919218480587005615e-01
-1.801105439662933350e-01
-2.053880691528320312e-01
-3.644865155220031738e-01
3.245289623737335205e-01
-5.236279964447021484e-01
8.088434487581253052e-02
1.159313470125198364e-01
-6.044415235519409180e-01
2.272406965494155884e-01
1.071246191859245300e-01
-2.506608366966247559e-01
-2.341833896934986115e-02
5.590769648551940918e-01
3.937920182943344116e-02
1.037857010960578918e-01
6.562604010105133057e-02
-4.446181654930114746e-02
1.288579702377319336e-01
1.015548706054687500e-01
1.869906783103942871e-01
-4.300026297569274902e-01
-1.138683408498764038e-01
-1.903867125511169434e-01
1.645231246948242188e-02
5.838627368211746216e-02
-3.667846322059631348e-02
6.698771119117736816e-01
-4.741171002388000488e-01
7.092710733413696289e-01
-3.139344751834869385e-01
-2.539341221563518047e-05
3.654216825962066650e-01
8.943189978599548340e-01
6.503319144248962402e-01
2.127963900566101074e-01
-5.260381102561950684e-02
-6.600388288497924805e-01
2.179557830095291138e-01
-2.005234956741333008e-01
-1.127042397856712341e-01
-4.328407347202301025e-01
-5.935138463973999023e-01
-5.085221529006958008e-01
5.761380195617675781e-01
-3.759120106697082520e-01
-4.073297604918479919e-02
3.471853137016296387e-01
-1.409760490059852600e-02
5.344369411468505859e-01
5.820772647857666016e-01
2.585534453392028809e-01
5.872946381568908691e-01
4.134311974048614502e-01
1.038004279136657715e+00
-2.247739285230636597e-01
1.732933521270751953e-01
-4.769895598292350769e-02
-2.327280640602111816e-01
-2.185790091753005981e-01
-3.270973265171051025e-01
-7.939488291740417480e-01
4.057456180453300476e-02
-8.508203625679016113e-01
-5.739892125129699707e-01
-1.446148008108139038e-01
2.375799417495727539e-01
6.324940919876098633e-01
-8.271263241767883301e-01
8.493993431329727173e-02
-4.889768734574317932e-02
-1.370333582162857056e-01
