3.397985920310020447e-02
-1.033953055739402771e-01
-5.971694588661193848e-01
-2.881078422069549561e-01
7.293493151664733887e-01
6.418304145336151123e-02
1.068733260035514832e-01
-2.095780074596405029e-01
5.910089984536170959e-02
4.708132892847061157e-02
9.915483593940734863e-01
4.817241132259368896e-01
6.876850724220275879e-01
4.582850635051727295e-01
3.187714517116546631e-01
8.422599732875823975e-02
1.653164476156234741e-01
-1.516851782798767090e-01
-1.198372006416320801e+00
-6.558775901794433594e-02
-5.405494198203086853e-02
1.447528600692749023e-01
6.440526843070983887e-01
5.031352639198303223e-01
7.768095135688781738e-01
2.303513437509536743e-01
-1.390266930684447289e-03
-5.146462321281433105e-01
-9.323480129241943359e-01
1.345043815672397614e-02
-1.851843893527984619e-01
-4.659839272499084473e-01
9.763533473014831543e-01
-9.085033535957336426e-01
6.349018812179565430e-01
-2.242461293935775757e-01
2.540376484394073486e-01
-4.443139433860778809e-01
-7.911946773529052734e-01
-7.327867299318313599e-02
1.240659475326538086e+00
6.198602914810180664e-01
6.382396817207336426e-02
9.472984671592712402e-01
-4.874703586101531982e-01
5.536689162254333496e-01
1.505403313785791397e-02
-2.476129829883575439e-01
9.801327586174011230e-01
-4.062025547027587891e-01
-2.443298995494842529e-01
-2.413237690925598145e-01
-2.194578200578689575e-02
8.081812411546707153e-02
-1.252693891525268555e+00
-7.255235314369201660e-01
6.058568358421325684e-01
7.646538019180297852e-01
5.916430950164794922e-01
2.764272689819335938e-01
-4.183011054992675781e-01
-1.144867300987243652e+00
-1.056508049368858337e-01
-2.901042401790618896e-01
1.730512022972106934e+00
4.348021000623703003e-02
7.420370578765869141e-01
-4.360564351081848145e-01
-6.391227990388870239e-02
5.361380055546760559e-02
-2.613765597343444824e-01
-3.418954312801361084e-01
-1.914879232645034790e-01
3.340929150581359863e-01
2.949720323085784912e-01
1.087759971618652344e+00
-6.532764434814453125e-02
3.728156443685293198e-03
4.124405086040496826e-01
-7.121346592903137207e-01
-9.781321883201599121e-01
-7.391510009765625000e-01
7.531777620315551758e-01
2.604588568210601807e-01
5.011661648750305176e-01
-4.078675433993339539e-02
1.022367358207702637e+00
-5.630657076835632324e-01
2.175494581460952759e-01
1.392689347267150879e-01
2.977125942707061768e-01
3.430225551128387451e-01
1.143003478646278381e-01
4.803740680217742920e-01
2.239148467779159546e-01
2.555313408374786377e-01
8.811102062463760376e-02
-4.481713175773620605e-01
-8.101262450218200684e-01
9.155764430761337280e-02
6.962676644325256348e-01
-1.754767298698425293e-01
-1.721130609512329102e-01
-1.190067976713180542e-01
-8.246751427650451660e-01
-2.052650600671768188e-01
2.161692678928375244e-01
2.017078697681427002e-01
-8.136983215808868408e-02
1.143993958830833435e-01
-1.509712934494018555e-01
-7.544417381286621094e-01
7.137515395879745483e-02
-4.551599547266960144e-02
-1.439142823219299316e-01
-4.788976311683654785e-01
-8.154991269111633301e-02
-5.009160637855529785e-01
-1.217961668968200684e+00
5.716021358966827393e-02
6.022680997848510742e-01
1.366525411605834961e+00
1.277036547660827637e+00
1.529648065567016602e+00
7.871982455253601074e-01
9.617428481578826904e-02
-3.088666796684265137e-01
4.685705006122589111e-01
-4.243381917476654053e-01
1.390003710985183716e-01
1.819506883621215820e-01
-5.792176127433776855e-01
2.452948391437530518e-01
-1.976395100355148315e-01
6.439085006713867188e-01
2.137200236320495605e-01
1.714647263288497925e-01
1.788487434387207031e-01
-4.594497680664062500e-01
6.448828577995300293e-01
-6.071443557739257812e-01
-1.048824310302734375e+00
1.752648055553436279e-01
-4.974485039710998535e-01
-5.596141815185546875e-01
-1.443549245595932007e-01
-3.958236426115036011e-02
-1.136440783739089966e-01
-3.288170322775840759e-02
1.412746459245681763e-01
-3.490248918533325195e-01
-1.598814278841018677e-01
5.885367989540100098e-01
8.022423833608627319e-02
-3.815392032265663147e-02
1.548707783222198486e-01
3.499818444252014160e-01
7.129380106925964355e-01
4.194943010807037354e-01
2.620818018913269043e-01
-1.053898632526397705e-01
7.113428711891174316e-01
-5.892714262008666992e-01
4.195359647274017334e-01
1.917611211538314819e-01
-1.101588979363441467e-01
-1.315998733043670654e-01
-3.640564158558845520e-02
-4.097003042697906494e-01
4.341062009334564209e-01
-2.700802385807037354e-01
3.234930709004402161e-02
-7.621039748191833496e-01
9.659608602523803711e-01
-4.381854534149169922e-01
-1.255042910575866699e+00
-8.458629846572875977e-01
5.238953232765197754e-01
8.647323846817016602e-01
-7.618275880813598633e-01
-2.691583931446075439e-01
2.229771137237548828e+00
5.342673659324645996e-01
-5.612186193466186523e-01
-2.851771414279937744e-01
-9.821000099182128906e-01
-4.065903723239898682e-01
-8.466058373451232910e-01
-3.883878588676452637e-01
4.667763113975524902e-01
1.746069312095642090e+00
-2.157751172780990601e-01
9.661757946014404297e-01
-1.042486876249313354e-01
-2.073038667440414429e-01
3.585269451141357422e-01
2.283727228641510010e-01
-4.206485450267791748e-01
-1.440904289484024048e-01
-1.137709021568298340e-01
4.954380989074707031e-01
-2.492701709270477295e-01
1.272553086280822754e+00
-3.484680056571960449e-01
5.659362673759460449e-01
-3.698585927486419678e-01
5.498250722885131836e-01
3.262812271714210510e-02
3.409897685050964355e-01
8.757296800613403320e-01
-1.720127910375595093e-01
-1.596943736076354980e-01
-6.316366195678710938e-01
-1.378222227096557617e+00
-6.250573992729187012e-01
-5.782033801078796387e-01
-3.160667121410369873e-01
5.658098459243774414e-01
1.366981416940689087e-01
7.629213929176330566e-01
-3.734863698482513428e-01
4.461449980735778809e-01
-9.513910859823226929e-02
-1.225047782063484192e-01
3.434791266918182373e-01
1.453649997711181641e+00
-1.365837574005126953e+00
6.747193336486816406e-01
-8.742783963680267334e-02
-4.054351449012756348e-01
4.423113465309143066e-01
-1.107974529266357422e+00
-3.201381862163543701e-01
8.582777976989746094e-01
-1.647407412528991699e-01
-1.259593516588211060e-01
1.101583801209926605e-02
4.381586238741874695e-02
2.618573009967803955e-01
4.284506738185882568e-01
1.205030679702758789e+00
7.940755486488342285e-01
4.972436428070068359e-01
-9.106535464525222778e-02
-2.365884184837341309e-02
-4.584110379219055176e-01
-1.434020698070526123e-01
1.539638191461563110e-01
-1.933811232447624207e-03
1.121969819068908691e+00
-6.269339323043823242e-01
-7.525430619716644287e-02
1.970604658126831055e-01
-3.174693882465362549e-01
-1.873474568128585815e-01
-3.873644769191741943e-01
1.933012455701828003e-01
-2.705411314964294434e-01
3.202311098575592041e-01
3.658543527126312256e-01
-1.848710775375366211e-01
6.506521701812744141e-01
9.079959988594055176e-02
1.486125439405441284e-01
2.560795545578002930e-01
5.418502539396286011e-02
1.671279311180114746e+00
8.437052369117736816e-01
-6.740420591086149216e-03
-9.431347250938415527e-01
1.501505076885223389e-01
-1.348261237144470215e+00
4.038828983902931213e-02
7.302659749984741211e-02
4.061906337738037109e-01
6.964048743247985840e-01
1.146958231925964355e+00
1.307876110076904297e-01
-1.892383396625518799e-01
3.307635784149169922e-01
5.916733145713806152e-01
-8.029909729957580566e-01
5.316852033138275146e-02
-5.196490287780761719e-01
-4.500041902065277100e-01
-1.235733866691589355e+00
-1.252972334623336792e-01
-1.018937900662422180e-01
2.469474971294403076e-01
3.730310499668121338e-01
5.306260585784912109e-01
-4.340696036815643311e-01
2.207098305225372314e-01
-2.672024071216583252e-01
-1.310928165912628174e-01
1.408096551895141602e-01
4.421235024929046631e-01
-1.127623245120048523e-01
-3.105399012565612793e-02
7.964749336242675781e-01
1.492435038089752197e-01
4.795396924018859863e-01
4.107944369316101074e-01
3.738541603088378906e-01
-3.456068634986877441e-01
6.144528388977050781e-01
-3.463557958602905273e-01
-6.450059264898300171e-02
6.625372767448425293e-01
5.996834039688110352e-01
-8.086739182472229004e-01
-2.407326847314834595e-01
-3.241387307643890381e-01
2.120888829231262207e-01
5.488833785057067871e-01
4.628081321716308594e-01
2.053173631429672241e-01
2.948160767555236816e-01
5.446332693099975586e-01
2.454951703548431396e-01
-9.970553517341613770e-01
5.978488922119140625e-01
-7.242451310157775879e-01
-7.113038003444671631e-02
-9.278016686439514160e-01
4.521774649620056152e-01
5.321279764175415039e-01
2.990458607673645020e-01
3.389200568199157715e-01
9.692920446395874023e-01
-3.269659727811813354e-02
-4.385108351707458496e-01
-5.092763304710388184e-01
-8.355560153722763062e-02
-3.628138601779937744e-01
6.338750720024108887e-01
3.556357622146606445e-01
1.295016855001449585e-01
-1.129942417144775391e+00
-2.218235135078430176e-01
-1.079369187355041504e+00
-7.517268061637878418e-01
3.775873482227325439e-01
2.525290250778198242e-01
-7.352098077535629272e-02
4.870198369026184082e-01
8.837989568710327148e-01
1.056645631790161133e+00
6.675225496292114258e-01
-2.718259692192077637e-01
3.677824735641479492e-01
-4.575387239456176758e-01
1.522302031517028809e-01
3.387081325054168701e-01
-4.140717387199401855e-01
-6.458294391632080078e-01
5.156384706497192383e-01
-1.786014586687088013e-01
3.405426144599914551e-01
3.941344022750854492e-01
6.920349001884460449e-01
-4.312727153301239014e-01
-9.946749806404113770e-01
-7.919276356697082520e-01
-2.089739739894866943e-01
-5.745025873184204102e-01
6.980088949203491211e-01
-3.657808899879455566e-01
1.147774457931518555e+00
6.055712699890136719e-01
-5.947933197021484375e-01
-3.558529317378997803e-01
-9.451574087142944336e-01
1.656315922737121582e-01
3.888192474842071533e-01
4.854518771171569824e-01
6.528949737548828125e-01
3.569297790527343750e-01
2.459060847759246826e-01
-7.244528532028198242e-01
-1.068188548088073730e+00
-8.762562870979309082e-01
-5.887821316719055176e-01
1.217945143580436707e-01
3.667671680450439453e-01
8.000083565711975098e-01
5.463000535964965820e-01
2.547258436679840088e-01
-5.102113485336303711e-01
-8.759354948997497559e-01
-5.143126249313354492e-01
-1.431060284376144409e-01
2.701500058174133301e-01
2.283749282360076904e-01
7.841608673334121704e-02
4.945149719715118408e-01
-4.566747546195983887e-01
-7.438562065362930298e-02
4.522752761840820312e-01
4.775159358978271484e-01
-4.982371814548969269e-03
5.770508646965026855e-01
3.701443076133728027e-01
1.030216574668884277e+00
4.220541715621948242e-01
-4.524872004985809326e-01
4.756067395210266113e-01
3.742479979991912842e-01
-1.140068173408508301e+00
-3.147864341735839844e-01
1.640982367098331451e-02
4.749903380870819092e-01
-3.796862065792083740e-01
-7.106260955333709717e-02
-1.017988473176956177e-01
-6.577161550521850586e-01
-3.987606242299079895e-02
2.901809513568878174e-01
-4.255815744400024414e-01
-4.849900305271148682e-02
6.267050504684448242e-01
-5.047621726989746094e-01
9.052833914756774902e-01
-7.643650285899639130e-03
4.764259159564971924e-01
-4.978790134191513062e-02
-5.560058727860450745e-02
5.395071506500244141e-01
-5.267801284790039062e-01
2.599400281906127930e-01
-5.894922614097595215e-01
-6.431468725204467773e-01
-1.847582757472991943e-01
-5.416700616478919983e-03
-2.154670804738998413e-01
3.940632045269012451e-01
7.933714985847473145e-01
5.011703073978424072e-02
4.953359663486480713e-01
-8.358753919601440430e-01
3.432054817676544189e-02
-3.961591422557830811e-01
-3.240427374839782715e-01
6.814169883728027344e-01
5.143955349922180176e-01
4.411164224147796631e-01
3.198685050010681152e-01
-4.323326945304870605e-01
2.678983211517333984e-01
2.227667123079299927e-01
-7.304049134254455566e-01
-1.540945917367935181e-01
3.125450611114501953e-01
4.093682765960693359e-01
7.015652656555175781e-01
6.847613304853439331e-02
5.576442927122116089e-02
-5.337771773338317871e-01
-5.108060240745544434e-01
-5.755666494369506836e-01
1.867166757583618164e-01
1.948580145835876465e-01
2.463712096214294434e-01
4.487520828843116760e-02
3.886932730674743652e-01
1.070137098431587219e-01
-4.919528365135192871e-01
-2.195788025856018066e-01
-2.035448551177978516e-01
5.807203650474548340e-01
2.400539964437484741e-01
6.471628546714782715e-01
-4.622908234596252441e-01
1.263856422156095505e-02
2.059806138277053833e-01
5.597472786903381348e-01
3.082735538482666016e-01
-6.170016527175903320e-01
-5.950188040733337402e-01
7.712843269109725952e-02
-1.160022765398025513e-01
-1.896786093711853027e-01
9.468747675418853760e-02
-1.201307699084281921e-01
8.716688752174377441e-01
-1.071039363741874695e-01
3.182789683341979980e-02
1.554756909608840942e-01
8.731883019208908081e-02
-4.607637226581573486e-02
-4.344533085823059082e-01
1.805931925773620605e-01
-1.536426413804292679e-02
2.903419137001037598e-01
-6.026463955640792847e-02
4.668116867542266846e-01
1.510076820850372314e-01
8.059134483337402344e-01
2.900783419609069824e-01
2.130536437034606934e-01
-8.554509282112121582e-01
-5.385416150093078613e-01
-9.299528002738952637e-01
2.819560170173645020e-01
1.068106293678283691e+00
2.250963151454925537e-01
-2.256745249032974243e-01
-4.520400464534759521e-01
5.069074034690856934e-01
-3.355815708637237549e-01
3.394673764705657959e-01
-1.406102180480957031e-01
-4.395667016506195068e-01
