-1.757438033819198608e-01
-3.980946913361549377e-02
-3.644060790538787842e-01
2.019271105527877808e-01
-9.655449539422988892e-02
-2.666331529617309570e-01
-1.064433902502059937e-01
-1.383364051580429077e-01
-3.124150261282920837e-02
-4.113083481788635254e-01
-4.729568660259246826e-01
8.238692879676818848e-01
-5.694551020860671997e-02
6.101865768432617188e-01
6.344447135925292969e-01
7.633965015411376953e-01
1.234321817755699158e-01
1.939787417650222778e-01
-4.197239279747009277e-01
-3.486888706684112549e-01
-6.715968251228332520e-03
-6.846650242805480957e-01
1.301668584346771240e-01
3.523882329463958740e-01
-1.248920336365699768e-01
2.014593780040740967e-01
-1.052224487066268921e-01
1.568702459335327148e-01
2.657193243503570557e-01
4.012404382228851318e-01
1.924423128366470337e-01
3.044357895851135254e-01
5.759731531143188477e-01
4.618240892887115479e-02
-1.458552181720733643e-01
5.395779013633728027e-01
-7.639010250568389893e-02
5.589733719825744629e-01
2.043423652648925781e-01
8.410186767578125000e-01
-2.944413125514984131e-01
1.740772128105163574e-01
1.298583894968032837e-01
1.308089941740036011e-01
7.993090897798538208e-02
2.338486462831497192e-01
1.140677779912948608e-01
-2.983711957931518555e-01
9.718988090753555298e-02
1.020617604255676270e+00
-5.863924622535705566e-01
-5.380642786622047424e-02
1.910089142620563507e-02
-5.105152130126953125e-01
-7.434008121490478516e-01
-5.033208131790161133e-01
3.630347549915313721e-02
-5.489280819892883301e-01
-4.759963750839233398e-01
-4.640271365642547607e-01
-4.408786892890930176e-01
-5.532009154558181763e-02
6.778549551963806152e-01
6.377550959587097168e-01
5.163551568984985352e-01
2.871051549911499023e+00
7.088191509246826172e-01
9.838145375251770020e-01
3.546060025691986084e-01
5.636555552482604980e-01
1.338528394699096680e-01
1.965469866991043091e-01
-1.052781194448471069e-01
2.509054839611053467e-01
1.202261522412300110e-01
-8.497474193572998047e-01
4.061535298824310303e-01
2.906012535095214844e-01
1.843477599322795868e-02
3.033462446182966232e-03
2.099804766476154327e-02
-6.080305203795433044e-02
1.966414041817188263e-02
8.535150438547134399e-02
1.061500981450080872e-01
-2.579905092716217041e-01
-2.184642106294631958e-01
-1.283859163522720337e-01
1.002683788537979126e-01
8.394800126552581787e-02
1.818564385175704956e-01
3.939903676509857178e-01
-3.716363012790679932e-01
-1.052079573273658752e-01
3.221332430839538574e-01
3.834245353937149048e-02
2.416248898953199387e-03
-3.400367498397827148e-01
-1.912936568260192871e-01
8.235439658164978027e-02
1.622654944658279419e-01
6.571214795112609863e-01
3.748866170644760132e-02
-1.597549021244049072e-01
1.732769161462783813e-01
-2.829443216323852539e-01
-1.414939612150192261e-01
1.002011299133300781e-01
2.097816318273544312e-01
-1.016609966754913330e-01
1.981956362724304199e-01
9.688358008861541748e-02
4.386293888092041016e-01
-3.075419068336486816e-01
1.199136674404144287e-01
5.350109338760375977e-01
5.672935843467712402e-01
3.324611485004425049e-02
-5.860998034477233887e-01
1.242651864886283875e-01
5.136837959289550781e-01
2.332177460193634033e-01
-3.707556724548339844e-01
3.987525105476379395e-01
1.059760972857475281e-01
-1.761070191860198975e-01
-2.656357884407043457e-01
5.023685283958911896e-03
-1.047098338603973389e-01
-2.514175176620483398e-01
3.571721911430358887e-02
-7.209878414869308472e-02
8.405315876007080078e-02
-1.402468532323837280e-01
4.195272624492645264e-01
1.338411420583724976e-01
1.490617915987968445e-02
7.851370573043823242e-01
5.090360641479492188e-01
4.338527321815490723e-01
2.361718863248825073e-01
-3.348182737827301025e-01
-7.463733851909637451e-02
-5.296110734343528748e-02
5.260856822133064270e-02
7.589464187622070312e-01
-4.546268582344055176e-01
-6.680842489004135132e-02
5.132077932357788086e-01
7.561383396387100220e-02
-3.064393997192382812e-01
-2.523661255836486816e-01
-2.824475467205047607e-01
4.803360253572463989e-02
2.284206449985504150e-01
1.585908383131027222e-01
3.008376359939575195e-01
1.014085650444030762e+00
-4.340665042400360107e-02
9.299864619970321655e-02
-3.258391618728637695e-01
-2.108848989009857178e-01
-2.318455576896667480e-01
-4.565948545932769775e-01
-1.701737791299819946e-01
-7.947000861167907715e-02
-3.989588916301727295e-01
-1.614092588424682617e-01
7.091529965400695801e-01
2.570799887180328369e-01
-1.900641322135925293e-01
2.092680335044860840e-02
-1.748033165931701660e-01
-1.460501998662948608e-01
-1.844747960567474365e-01
1.081039309501647949e+00
5.346758365631103516e-01
7.939154505729675293e-01
4.050521552562713623e-01
-3.980801627039909363e-02
2.051410377025604248e-01
-6.807846575975418091e-02
-2.260004281997680664e-01
-5.612970590591430664e-01
7.469068169593811035e-01
-3.396385312080383301e-01
-1.953009963035583496e-01
1.330861300230026245e-01
-8.380811661481857300e-02
5.095335245132446289e-01
-3.915492892265319824e-01
-1.091119408607482910e+00
-1.217640563845634460e-01
-1.010999009013175964e-01
1.700259298086166382e-01
2.740527987480163574e-01
3.307291269302368164e-01
3.864834606647491455e-01
3.259259089827537537e-02
4.140268564224243164e-01
3.171017467975616455e-01
5.561186745762825012e-02
4.769501686096191406e-01
-8.094486594200134277e-02
5.625412464141845703e-01
-5.922384858131408691e-01
-1.433099210262298584e-01
2.837252616882324219e-01
4.369665384292602539e-01
3.609729707241058350e-01
1.431277394294738770e-01
-4.665428400039672852e-01
-3.908402919769287109e-01
-6.396777033805847168e-01
-4.823813140392303467e-01
4.990122467279434204e-02
-2.039976418018341064e-02
2.150410264730453491e-01
2.368570677936077118e-02
5.048806071281433105e-01
-8.513233065605163574e-02
4.057028889656066895e-01
3.048776686191558838e-01
3.153979778289794922e-01
3.338881731033325195e-01
4.759819507598876953e-01
-6.744826436042785645e-01
1.161964312195777893e-01
-1.421433314681053162e-02
-1.878420822322368622e-02
2.191090732812881470e-01
2.176447957754135132e-01
7.666408419609069824e-01
7.432364225387573242e-01
1.900322586297988892e-01
8.794566988945007324e-01
3.820382654666900635e-01
-9.959638118743896484e-01
-3.241028785705566406e-01
-2.168224900960922241e-01
-7.183955311775207520e-01
7.165143638849258423e-02
-3.737726211547851562e-01
1.740673631429672241e-01
-5.532104372978210449e-01
3.174143433570861816e-01
4.093836545944213867e-01
5.283592939376831055e-01
1.938470155000686646e-01
2.815860807895660400e-01
1.762648671865463257e-01
3.426232039928436279e-01
8.237748146057128906e-01
1.810484230518341064e-01
6.640241146087646484e-01
1.022766605019569397e-01
3.117325305938720703e-01
3.933154940605163574e-01
-3.534314632415771484e-01
1.871346533298492432e-01
-4.120749235153198242e-02
4.208094477653503418e-01
3.120626509189605713e-01
-1.875223033130168915e-02
-7.490226030349731445e-01
-2.019210904836654663e-02
-3.298801183700561523e-01
4.525140672922134399e-02
3.296576738357543945e-01
6.605428457260131836e-01
4.312983751296997070e-01
8.368224501609802246e-01
3.223061859607696533e-01
7.607965469360351562e-01
1.774344295263290405e-01
1.150301218032836914e+00
-1.124068379402160645e+00
6.544103026390075684e-01
-1.098383188247680664e+00
-5.577070713043212891e-01
-6.179301738739013672e-01
-3.948698937892913818e-01
-4.021654129028320312e-01
1.916229911148548126e-02
-5.260123014450073242e-01
-3.883942663669586182e-01
2.427672743797302246e-01
1.972290724515914917e-01
5.418007075786590576e-02
6.670571565628051758e-01
2.926664054393768311e-01
1.070066213607788086e+00
2.258788049221038818e-01
1.074895501136779785e+00
2.156547270715236664e-02
5.126460194587707520e-01
4.217693209648132324e-01
1.345702856779098511e-01
-3.147903382778167725e-01
-2.548168897628784180e-01
-3.676647692918777466e-02
-1.225245147943496704e-01
1.430628448724746704e-01
2.040248215198516846e-01
1.378630548715591431e-01
1.634387522935867310e-01
3.722029924392700195e-01
-8.098854869604110718e-02
1.425540447235107422e-01
-4.401724636554718018e-01
-4.076668322086334229e-01
-1.562189012765884399e-01
-1.045210734009742737e-01
-2.806143462657928467e-01
3.712695837020874023e-01
-1.914630681276321411e-01
2.717179656028747559e-01
8.166239261627197266e-01
-4.948478564620018005e-02
6.445677280426025391e-01
-6.442919373512268066e-01
6.829605698585510254e-01
-9.538214653730392456e-02
4.865655004978179932e-01
-8.586712926626205444e-02
1.057323932647705078e+00
6.924830675125122070e-01
7.904148101806640625e-01
3.720246255397796631e-01
2.802226245403289795e-01
-4.586555808782577515e-02
-3.731218278408050537e-01
-6.898848414421081543e-01
-6.567446589469909668e-01
-5.296114087104797363e-01
-3.028326295316219330e-02
-2.946460545063018799e-01
-3.411555886268615723e-01
-5.098540782928466797e-01
-5.680915713310241699e-01
3.191781938076019287e-01
1.062151044607162476e-01
2.373623102903366089e-01
6.333566904067993164e-01
4.149483740329742432e-01
5.090485811233520508e-01
1.482527017593383789e+00
-1.146126091480255127e-01
8.233307003974914551e-01
5.292342305183410645e-01
9.474380612373352051e-01
6.124531626701354980e-01
-1.190675944089889526e-01
2.032821178436279297e-01
8.109144121408462524e-02
-1.480047941207885742e+00
-6.625544428825378418e-01
-4.243213832378387451e-01
-6.818570494651794434e-01
-2.471533864736557007e-01
-5.025618076324462891e-01
-6.726742535829544067e-02
-3.720276951789855957e-01
4.835972189903259277e-01
3.194822072982788086e-01
1.069410800933837891e+00
1.335337042808532715e+00
2.165331840515136719e-01
4.308291673660278320e-01
-7.817877084016799927e-02
-4.154832363128662109e-01
-3.858682811260223389e-01
-7.952970266342163086e-01
-3.437800705432891846e-01
-3.238590955734252930e-01
-2.059724181890487671e-01
-6.140037775039672852e-01
-1.924997270107269287e-01
3.483483195304870605e-02
-1.948542147874832153e-01
1.029034376144409180e+00
1.194640398025512695e+00
1.561307668685913086e+00
4.585787653923034668e-01
5.493994951248168945e-01
-4.637529253959655762e-01
-3.907218277454376221e-01
-2.198211252689361572e-01
-4.570561051368713379e-01
-5.546336174011230469e-01
-1.893717199563980103e-01
-3.328764736652374268e-01
-1.385104507207870483e-01
-7.378593087196350098e-03
-5.899446010589599609e-01
5.801012516021728516e-01
-2.681575417518615723e-01
3.421053886413574219e-01
3.969485461711883545e-01
2.218257337808609009e-01
-2.254528366029262543e-02
8.169612288475036621e-01
5.033880844712257385e-02
5.661875009536743164e-01
1.998184174299240112e-01
6.140355467796325684e-01
7.282974570989608765e-02
-9.173357486724853516e-02
-5.950638651847839355e-01
6.180848479270935059e-01
1.239633485674858093e-01
2.015253901481628418e-01
4.377975761890411377e-01
-4.019943624734878540e-02
-3.453113734722137451e-01
6.350849568843841553e-02
1.860379576683044434e-01
2.993913590908050537e-01
1.146949082612991333e-01
-2.384390383958816528e-01
5.564372539520263672e-01
5.100140571594238281e-01
-8.909295201301574707e-01
-1.852011084556579590e-01
-3.557403385639190674e-02
3.702072203159332275e-01
-2.715209424495697021e-01
8.295132517814636230e-01
-2.104605883359909058e-01
6.765617132186889648e-01
-3.735096752643585205e-01
-2.107458412647247314e-01
3.918707668781280518e-01
-1.665982604026794434e-01
1.223803684115409851e-01
4.976935982704162598e-01
-5.091439932584762573e-02
-9.291060268878936768e-02
3.548343777656555176e-01
-4.380874708294868469e-02
9.907081127166748047e-01
5.692834854125976562e-01
1.005304977297782898e-01
2.173798084259033203e+00
2.077266424894332886e-01
8.714044094085693359e-02
1.222745060920715332e+00
-1.150188803672790527e+00
-9.537964463233947754e-01
-4.294794797897338867e-01
6.315431743860244751e-02
-1.619856506586074829e-01
5.204159021377563477e-01
-3.875550255179405212e-02
4.017432332038879395e-01
-2.236905395984649658e-01
1.648125797510147095e-01
-4.061450250446796417e-03
-3.016608208417892456e-02
5.983138680458068848e-01
4.983552098274230957e-01
3.367566764354705811e-01
8.119072318077087402e-01
2.226193621754646301e-02
6.795828342437744141e-01
-2.498487532138824463e-01
6.531958580017089844e-01
-4.076129496097564697e-01
1.539805829524993896e-01
6.773316860198974609e-01
-1.645584702491760254e-01
5.304744839668273926e-01
2.501505613327026367e-01
-5.553380250930786133e-01
6.384360603988170624e-03
3.570851087570190430e-01
-8.823897689580917358e-02
-1.054203391075134277e+00
-5.104559659957885742e-01
-6.201658248901367188e-01
5.113856792449951172e-01
1.680590584874153137e-02
-3.056753873825073242e-01
1.810102909803390503e-01
5.842037200927734375e-01
-5.812673643231391907e-02
-8.668845146894454956e-02
-1.936987936496734619e-01
-1.853435933589935303e-01
-4.860330000519752502e-02
-1.931111216545104980e-01
5.711829066276550293e-01
2.772567272186279297e-01
1.081691741943359375e+00
3.722831904888153076e-01
7.681596875190734863e-01
1.780038118362426758e+00
2.300117909908294678e-01
-1.229098811745643616e-02
2.603602707386016846e-01
-4.427996873855590820e-01
7.480289340019226074e-01
1.600860655307769775e-01
-1.128994375467300415e-01
1.705626696348190308e-01
-3.771601617336273193e-01
3.351632971316576004e-03
-8.620021939277648926e-01
-3.459637761116027832e-01
1.142605543136596680e-01
-6.375770568847656250e-01
-2.698341906070709229e-01
-2.281769365072250366e-01
