-1.158963918685913086e+00
1.203890293836593628e-01
6.496710181236267090e-01
-4.957879483699798584e-01
1.055937930941581726e-01
6.513362526893615723e-01
-4.957057833671569824e-01
5.174022912979125977e-02
1.143654882907867432e-01
-2.504492104053497314e-01
-2.641930580139160156e-01
3.746060431003570557e-01
5.157340168952941895e-01
2.993078529834747314e-01
-4.888000339269638062e-02
-2.779959440231323242e-01
1.560963392257690430e-01
2.757177650928497314e-01
-2.517184913158416748e-01
-3.285456001758575439e-01
-1.063373908400535583e-01
1.777370572090148926e-01
2.431308776140213013e-01
1.711797565221786499e-01
-1.433755755424499512e-01
1.665291786193847656e-01
2.918360531330108643e-01
-1.296407878398895264e-01
5.701590180397033691e-01
9.433212131261825562e-02
-1.389914751052856445e-01
9.192380309104919434e-01
1.323534548282623291e-01
5.613889694213867188e-01
-9.726925194263458252e-02
-2.856951057910919189e-01
-1.638998836278915405e-01
-5.902495980262756348e-02
4.282111525535583496e-01
5.469014644622802734e-01
-3.778230547904968262e-01
-1.578730195760726929e-01
-4.602965712547302246e-01
-8.052063584327697754e-01
-1.898985803127288818e-01
-2.006158232688903809e-01
-2.716870605945587158e-01
3.431290984153747559e-01
2.464123815298080444e-02
9.887661933898925781e-01
4.672108888626098633e-01
7.177237868309020996e-01
-2.449156641960144043e-01
5.214176774024963379e-01
-3.701204359531402588e-01
1.489546988159418106e-02
2.613225877285003662e-01
7.790039181709289551e-01
-1.196646094322204590e-01
-4.366976618766784668e-01
2.019854635000228882e-01
2.001326084136962891e-01
-2.650282084941864014e-01
-2.854575514793395996e-01
-6.923920512199401855e-01
-8.482459187507629395e-01
-3.588663041591644287e-01
5.747814178466796875e-01
-7.391960918903350830e-02
-1.288706362247467041e-01
5.049334093928337097e-02
-2.281791567802429199e-01
2.764847278594970703e-01
-8.152379840612411499e-02
2.551764249801635742e-01
-3.436126112937927246e-01
-1.218604203313589096e-02
2.427549123764038086e+00
6.232402920722961426e-01
-5.875885486602783203e-01
-1.883269548416137695e-01
3.083350658416748047e-01
5.469461902976036072e-02
-2.604961693286895752e-01
-7.064965367317199707e-02
4.984865486621856689e-01
1.350893527269363403e-01
5.390558838844299316e-01
-4.410546123981475830e-01
3.179836869239807129e-01
2.271687537431716919e-01
3.031838238239288330e-01
1.293808221817016602e-01
-3.646573424339294434e-01
4.069394245743751526e-02
6.625187397003173828e-02
-1.416495293378829956e-01
-5.552047491073608398e-01
1.238667145371437073e-01
2.299902290105819702e-01
5.189318209886550903e-02
1.759175956249237061e-01
-3.855941295623779297e-01
-9.640063643455505371e-01
1.267013907432556152e+00
-4.310029745101928711e-01
8.624870330095291138e-02
1.092967242002487183e-01
-1.381377428770065308e-01
-2.373596280813217163e-01
-1.719070523977279663e-01
-4.922875165939331055e-01
2.730919420719146729e-01
-5.657541751861572266e-01
-3.430573344230651855e-01
8.683683276176452637e-01
3.618509769439697266e-01
-3.540893793106079102e-01
6.537368893623352051e-01
6.744243502616882324e-01
-4.068512916564941406e-01
-3.877753615379333496e-01
5.793088078498840332e-01
-2.124635875225067139e-01
1.587209850549697876e-01
1.230932593345642090e+00
-4.256019294261932373e-01
3.495950400829315186e-01
5.262869000434875488e-01
-1.075378358364105225e-01
9.930964559316635132e-02
8.388475328683853149e-02
4.470828175544738770e-01
1.831772774457931519e-01
-5.423799157142639160e-01
3.577001094818115234e-01
-4.413455426692962646e-01
-4.334960877895355225e-01
6.053604483604431152e-01
1.575933396816253662e-02
-8.497869968414306641e-01
-1.182768568396568298e-01
3.585362732410430908e-01
-3.615408539772033691e-01
-9.182491898536682129e-01
4.307052791118621826e-01
5.678148865699768066e-01
-3.249033689498901367e-01
2.342328876256942749e-01
-2.473531961441040039e-01
-2.189937233924865723e-01
2.827719748020172119e-01
3.736841976642608643e-01
9.345331788063049316e-02
3.572990298271179199e-01
8.183363080024719238e-02
3.064857125282287598e-01
3.915072605013847351e-02
-2.333652675151824951e-01
7.970492243766784668e-01
4.568254649639129639e-01
-2.428451031446456909e-01
-2.802597284317016602e-01
-2.641734182834625244e-01
-8.442279696464538574e-01
-7.982391119003295898e-02
-2.969200313091278076e-01
-1.756231635808944702e-01
3.754532635211944580e-01
-7.263666987419128418e-01
3.336119353771209717e-01
-4.108453392982482910e-01
1.115234375000000000e+00
9.949327111244201660e-01
-8.531180620193481445e-01
-6.026205420494079590e-02
6.713306307792663574e-01
2.093955278396606445e-01
1.308003067970275879e-01
-1.129240915179252625e-01
-2.677694894373416901e-02
2.694043219089508057e-01
-8.237856626510620117e-01
-1.087118864059448242e+00
-2.725498676300048828e-01
5.118005871772766113e-01
-4.465376138687133789e-01
-3.322160840034484863e-01
1.266784518957138062e-01
2.299463003873825073e-01
-7.268676906824111938e-02
-3.809518646448850632e-03
5.395803228020668030e-02
7.729374170303344727e-01
1.038092613220214844e+00
1.367177248001098633e+00
-5.558146536350250244e-02
5.381619930267333984e-01
-7.498048543930053711e-01
3.465720117092132568e-01
-2.614852786064147949e-01
-1.176570281386375427e-01
1.038906097412109375e+00
-1.357269048690795898e+00
-6.642776131629943848e-01
2.624491155147552490e-01
-6.308553218841552734e-01
1.763922721147537231e-01
4.988679885864257812e-01
-6.953499466180801392e-02
3.046219050884246826e-01
-1.171920541673898697e-02
-3.576648235321044922e-01
-2.399676740169525146e-01
-3.479992747306823730e-01
-7.157426476478576660e-01
1.119293347001075745e-01
7.514344453811645508e-01
5.294907689094543457e-01
-1.402928233146667480e-01
4.050805270671844482e-01
3.299884870648384094e-02
-7.916737347841262817e-02
1.134246885776519775e-01
6.229610443115234375e-01
-4.358351826667785645e-01
-2.171411216259002686e-01
-1.440751403570175171e-01
1.504509687423706055e+00
9.694350957870483398e-01
-3.293669819831848145e-01
-5.523292422294616699e-01
1.012991890311241150e-01
-4.681222438812255859e-01
-8.848774433135986328e-01
-2.292781770229339600e-01
2.824730575084686279e-01
-1.628963202238082886e-01
8.340913653373718262e-01
5.453013181686401367e-01
-3.351930081844329834e-01
3.339707255363464355e-01
-2.177866399288177490e-01
1.944285929203033447e-01
3.118301630020141602e-01
4.259328544139862061e-01
1.522614210844039917e-01
3.817631602287292480e-01
3.154752552509307861e-01
-7.271675467491149902e-01
6.706724166870117188e-01
-5.112578272819519043e-01
4.611779749393463135e-01
9.919840693473815918e-01
9.749673306941986084e-03
-4.105468094348907471e-01
-4.015515148639678955e-01
7.843731641769409180e-01
3.551934063434600830e-01
-8.617175817489624023e-01
5.550248622894287109e-01
5.954147577285766602e-01
-1.001467555761337280e-01
-1.247837021946907043e-02
-3.169590234756469727e-01
-3.327549993991851807e-01
-1.979483813047409058e-01
-1.412335932254791260e-01
-5.948620438575744629e-01
8.852836489677429199e-01
2.792946696281433105e-01
1.847697943449020386e-01
-2.177606225013732910e-01
3.861654102802276611e-01
1.691305339336395264e-01
4.808305799961090088e-01
1.238625884056091309e+00
-3.549709320068359375e-01
7.112745195627212524e-02
-5.133526399731636047e-02
-5.976449251174926758e-01
-3.546549677848815918e-01
-6.131221055984497070e-01
1.101966872811317444e-01
-1.524963825941085815e-01
2.345487475395202637e-01
2.707907259464263916e-01
-9.328867793083190918e-01
4.098058119416236877e-02
9.448221921920776367e-01
-2.922859787940979004e-01
4.921042621135711670e-01
1.095831274986267090e+00
2.572251856327056885e-01
-2.382971197366714478e-01
-6.039264425635337830e-02
6.656271964311599731e-02
6.771960854530334473e-02
-5.361977815628051758e-01
-4.709139764308929443e-01
5.611047521233558655e-02
2.971644997596740723e-01
2.562635838985443115e-01
1.946652680635452271e-01
3.671136870980262756e-02
5.861268043518066406e-01
1.922177523374557495e-01
1.699775457382202148e-01
4.943681359291076660e-01
-2.667527794837951660e-01
1.673990339040756226e-01
-4.415457248687744141e-01
1.032001376152038574e-01
-2.806406319141387939e-01
-3.551030755043029785e-01
6.878188997507095337e-02
6.009642779827117920e-02
1.166874527931213379e+00
-2.647889554500579834e-01
4.817912876605987549e-01
2.257278412580490112e-01
-6.822640299797058105e-01
1.219591379165649414e+00
-5.198757052421569824e-01
9.874868392944335938e-02
4.876927435398101807e-01
7.378438860177993774e-02
-4.567494094371795654e-01
-3.759794235229492188e-01
-1.168420165777206421e-01
-1.753167062997817993e-01
8.587360382080078125e-03
1.714430004358291626e-01
2.417352795600891113e-01
-1.602889299392700195e-01
-9.666214138269424438e-02
1.010920524597167969e+00
6.517868638038635254e-01
4.427124932408332825e-02
-4.247160255908966064e-01
-3.741823732852935791e-01
1.179692745208740234e-01
-3.086858093738555908e-01
3.290751483291387558e-03
-2.311705052852630615e-01
2.223605364561080933e-01
2.912020981311798096e-01
5.843279361724853516e-01
-1.545181423425674438e-01
-6.227351427078247070e-01
3.996976017951965332e-01
-3.943718038499355316e-04
-9.801222085952758789e-01
-4.587597548961639404e-01
-2.123263329267501831e-01
-1.348990648984909058e-01
9.241567924618721008e-03
7.714873552322387695e-01
3.672835528850555420e-01
2.573742866516113281e-01
6.704871058464050293e-01
-5.872619152069091797e-01
-1.169343963265419006e-01
1.218915820121765137e+00
2.612613439559936523e-01
-3.099732995033264160e-01
3.816586136817932129e-01
3.201357424259185791e-01
-1.482831686735153198e-01
4.783873856067657471e-01
6.114932298660278320e-01
2.744854688644409180e-01
-3.315992951393127441e-01
-8.265127241611480713e-02
-5.761778354644775391e-01
-1.024168729782104492e-01
-1.654261350631713867e-02
-3.333886563777923584e-01
-7.651957273483276367e-01
-3.041683137416839600e-01
-3.733165264129638672e-01
-4.574765264987945557e-01
-5.499104261398315430e-01
-7.247948646545410156e-01
1.158060505986213684e-01
3.022812604904174805e-01
-3.676401078701019287e-01
-7.399073243141174316e-02
-1.917508989572525024e-01
1.797271817922592163e-01
4.114986956119537354e-01
1.194994688034057617e+00
1.009140759706497192e-01
8.621646165847778320e-01
3.719668686389923096e-01
-1.008242517709732056e-01
9.469332695007324219e-01
-1.646628528833389282e-01
6.470069885253906250e-01
2.229911461472511292e-02
-1.719364523887634277e-01
2.153117209672927856e-01
3.530800342559814453e-01
-5.634873360395431519e-02
-1.635015755891799927e-01
-6.245760917663574219e-01
2.956242561340332031e-01
-1.023061051964759827e-01
-6.387360095977783203e-01
1.582818925380706787e-01
5.070212483406066895e-01
4.306039214134216309e-01
7.968632876873016357e-02
2.180741578340530396e-01
-4.892703890800476074e-01
-5.534020718187093735e-03
1.707943677902221680e-01
2.152222096920013428e-01
-3.427366167306900024e-02
-5.167745947837829590e-01
-3.281636238098144531e-01
-3.008846044540405273e-01
3.833667039871215820e-01
3.025399744510650635e-01
-6.640002131462097168e-01
1.865601390600204468e-01
-3.109857067465782166e-02
9.198318123817443848e-01
-1.271644830703735352e-01
-6.528974771499633789e-01
8.161570429801940918e-01
1.409287452697753906e-01
6.059634685516357422e-02
-4.912570863962173462e-02
2.701176702976226807e-01
7.553130388259887695e-01
5.271960422396659851e-02
2.715229094028472900e-01
-3.155270814895629883e-01
-2.598964273929595947e-01
1.548758447170257568e-01
-1.453733146190643311e-01
2.126627564430236816e-01
-2.076144069433212280e-01
4.647474735975265503e-02
1.830355972051620483e-01
4.736618399620056152e-01
-4.342538490891456604e-02
3.814650774002075195e-01
4.297534227371215820e-01
-7.070630043745040894e-02
-3.827135860919952393e-01
-2.716824412345886230e-01
-5.541753768920898438e-01
-5.094487667083740234e-01
-4.854823276400566101e-02
5.482065081596374512e-01
3.697499632835388184e-01
2.121028751134872437e-01
-1.028653860092163086e+00
7.257391232997179031e-03
-4.907690361142158508e-02
-2.197656184434890747e-01
5.163834616541862488e-02
1.446696668863296509e-01
6.412019580602645874e-02
1.336817443370819092e-02
3.693729639053344727e-01
2.223670035600662231e-01
1.416084021329879761e-01
4.443616271018981934e-01
-6.194742918014526367e-01
5.812539458274841309e-01
2.315837442874908447e-01
-6.616366654634475708e-02
6.029773354530334473e-01
2.282646745443344116e-01
2.802642881870269775e-01
-2.269315868616104126e-01
-6.325772404670715332e-01
-5.690361857414245605e-01
-2.878194302320480347e-02
2.175159007310867310e-02
-1.296823322772979736e-01
-2.608160674571990967e-01
1.420754045248031616e-01
-9.943357855081558228e-02
1.883400231599807739e-01
1.500257253646850586e-01
-1.043307129293680191e-02
1.669151633977890015e-01
2.590086460113525391e-01
6.573610305786132812e-01
2.994333207607269287e-01
6.862167268991470337e-02
5.899602770805358887e-01
7.480831146240234375e-01
-2.832509949803352356e-02
4.601253271102905273e-01
-2.659510672092437744e-01
-1.860205531120300293e-01
-5.522698760032653809e-01
-5.411338210105895996e-01
-3.787605091929435730e-02
-2.602320015430450439e-01
-4.109476208686828613e-01
-1.180239766836166382e-01
-3.544248342514038086e-01
-2.986076176166534424e-01
1.213106870651245117e+00
-3.156004250049591064e-01
-4.131864607334136963e-01
3.668437600135803223e-01
