5.289860367774963379e-01
5.025765299797058105e-01
4.424929320812225342e-01
1.204737424850463867e+00
4.742281883955001831e-02
3.644064664840698242e-01
6.442363560199737549e-02
8.569344878196716309e-01
9.252783656120300293e-01
-1.001022458076477051e+00
1.813503168523311615e-02
-1.103382587432861328e+00
-3.979448974132537842e-01
3.641394898295402527e-02
1.107275951653718948e-02
1.657844781875610352e-01
3.979001939296722412e-01
1.867613494396209717e-01
-1.381445489823818207e-02
-1.564662307500839233e-01
1.090766116976737976e-02
-2.275151200592517853e-02
-8.338514715433120728e-02
6.144338846206665039e-01
4.557978212833404541e-01
4.792662262916564941e-01
-4.786237478256225586e-01
5.751636624336242676e-01
8.477781713008880615e-02
4.919513463973999023e-01
1.044009700417518616e-01
2.572041749954223633e-01
1.004458963871002197e-01
6.977237015962600708e-02
-2.202847003936767578e-01
1.071627885103225708e-01
-6.623234152793884277e-01
-2.823089361190795898e-01
3.230041265487670898e-01
1.348174661397933960e-01
8.187736272811889648e-01
-7.976685762405395508e-01
-4.102527499198913574e-01
8.043521083891391754e-03
-4.161033332347869873e-01
-4.270424842834472656e-01
-3.823178112506866455e-01
-3.252697885036468506e-01
8.692939281463623047e-01
4.155200719833374023e-01
2.873747050762176514e-01
1.201256960630416870e-01
1.054815530776977539e+00
-8.826257288455963135e-02
2.493794560432434082e-01
2.344968169927597046e-01
1.130718141794204712e-01
1.439805179834365845e-01
-1.938519179821014404e-01
3.904138803482055664e-01
3.395899236202239990e-01
-9.142402559518814087e-02
-6.366521120071411133e-01
-1.981975734233856201e-01
-1.879622042179107666e-02
-8.862508535385131836e-01
2.680388092994689941e-01
2.963287234306335449e-01
3.036797046661376953e-01
1.405786275863647461e-01
-3.359603881835937500e-02
2.107183337211608887e-01
-3.861001729965209961e-01
-3.456452488899230957e-01
-3.888332843780517578e-02
2.816137671470642090e-01
5.756880342960357666e-02
-2.679598890244960785e-02
-1.556579321622848511e-01
-1.631553322076797485e-01
-4.481593370437622070e-01
5.388686060905456543e-01
-4.843515455722808838e-01
-5.055977702140808105e-01
6.366488933563232422e-01
1.964929252862930298e-01
1.333565115928649902e-01
-1.205405235290527344e+00
4.257617294788360596e-01
1.493979394435882568e-01
2.517402768135070801e-01
2.803619503974914551e-01
1.345802545547485352e+00
-1.179152965545654297e+00
3.147450685501098633e+00
1.647114992141723633e+00
-1.074458584189414978e-01
7.681064605712890625e-01
1.052266120910644531e+00
2.092548757791519165e-01
-1.151132345199584961e+00
-3.738704919815063477e-01
-7.203025817871093750e-01
-3.658908903598785400e-01
-1.434166789054870605e+00
-3.079502582550048828e-01
-2.096236199140548706e-01
-3.023348748683929443e-01
-8.807095289230346680e-01
-7.161384820938110352e-01
-8.177741616964340210e-02
4.409576207399368286e-02
1.223177369683980942e-02
-2.722667157649993896e-01
7.524757385253906250e-01
9.149112701416015625e-01
-3.601941466331481934e-01
5.434065461158752441e-01
-3.117155730724334717e-01
1.640961319208145142e-01
4.902768731117248535e-01
3.268266916275024414e-01
4.543055221438407898e-02
-5.290110111236572266e-01
4.276754334568977356e-03
2.896969914436340332e-01
1.193791851401329041e-01
3.564267754554748535e-01
1.115957722067832947e-01
4.591864347457885742e-01
6.223376989364624023e-01
4.072699546813964844e-01
1.913195848464965820e-01
-4.261897504329681396e-01
3.092067539691925049e-01
-1.806586086750030518e-01
-9.004172682762145996e-01
1.393085718154907227e-01
-7.105535864830017090e-01
-1.862110197544097900e-01
1.564221978187561035e-01
-4.044729173183441162e-01
1.759491413831710815e-01
-4.797860682010650635e-01
3.585592210292816162e-01
1.269506067037582397e-01
2.623728811740875244e-01
4.162753522396087646e-01
5.167925953865051270e-01
4.253793358802795410e-01
6.033841967582702637e-01
3.894274309277534485e-02
3.340413570404052734e-01
-1.408019512891769409e-01
-1.448271572589874268e-01
1.362223774194717407e-01
-4.466166496276855469e-01
-8.974798321723937988e-01
-1.216978505253791809e-01
2.093184739351272583e-01
-5.658571720123291016e-01
6.252729892730712891e-01
-4.684337675571441650e-01
-1.877944022417068481e-01
3.364247977733612061e-01
-1.554227471351623535e-01
1.878380924463272095e-01
4.004558920860290527e-01
1.596868932247161865e-01
1.914674490690231323e-01
-5.304284691810607910e-01
3.999081254005432129e-01
-6.098299622535705566e-01
3.066487312316894531e-01
-6.357840895652770996e-01
-1.202876418828964233e-01
4.962077736854553223e-01
-1.339639872312545776e-01
6.637330651283264160e-01
-8.071928024291992188e-01
2.627457678318023682e-01
-1.739617735147476196e-01
4.453376829624176025e-01
-4.079786837100982666e-01
6.052617430686950684e-01
-4.965805709362030029e-01
2.519382834434509277e-01
-1.207330822944641113e-01
1.719715259969234467e-02
-1.027045398950576782e-01
-1.903343945741653442e-01
-7.874715328216552734e-01
2.143342941999435425e-01
4.586856663227081299e-01
7.547470182180404663e-02
2.058405876159667969e-01
-1.376522630453109741e-01
-3.610619530081748962e-02
-2.144965082406997681e-01
4.137073755264282227e-01
1.258434802293777466e-01
-2.971840500831604004e-01
6.322217583656311035e-01
3.443777859210968018e-01
6.550813317298889160e-01
-3.351467549800872803e-01
-3.342578411102294922e-01
-2.263391762971878052e-02
-2.270629256963729858e-01
2.815541326999664307e-01
2.629396915435791016e-01
1.400662213563919067e-01
-3.151220679283142090e-01
2.730136811733245850e-01
-7.234501242637634277e-01
-1.003015115857124329e-01
5.215635895729064941e-01
-3.348773419857025146e-01
-8.694971799850463867e-01
2.487689107656478882e-01
7.170139551162719727e-01
4.625598192214965820e-01
4.117757081985473633e-01
2.707314193248748779e-01
4.178593456745147705e-01
1.071737408638000488e+00
-5.079732537269592285e-01
3.789289593696594238e-01
3.491981029510498047e-01
-3.460635244846343994e-01
-6.219443678855895996e-01
-2.036778330802917480e-01
-7.528356313705444336e-01
-3.302236497402191162e-01
1.534162163734436035e-01
-2.237823046743869781e-02
-2.845325171947479248e-01
1.896441280841827393e-01
1.049699485301971436e-01
-2.570438981056213379e-01
4.884513467550277710e-02
-3.088757097721099854e-01
3.667516261339187622e-02
5.163813829421997070e-01
6.306757926940917969e-01
5.962671041488647461e-01
3.392596542835235596e-01
1.336910128593444824e+00
4.575627744197845459e-01
8.827737569808959961e-01
1.852968186140060425e-01
5.434543490409851074e-01
-6.352595239877700806e-02
-3.495075702667236328e-01
-6.099196150898933411e-02
-2.171932458877563477e-01
-4.737617373466491699e-01
-5.870814323425292969e-01
-2.059197425842285156e-01
-7.497538328170776367e-01
-3.494950830936431885e-01
-2.387065589427947998e-01
-5.978951975703239441e-02
1.135247647762298584e-01
3.206438124179840088e-01
4.766395390033721924e-01
1.605878233909606934e+00
4.544811248779296875e-01
3.578728437423706055e-01
-1.681935638189315796e-01
-2.589919865131378174e-01
-9.220404028892517090e-01
-2.595681846141815186e-01
-5.862115025520324707e-01
6.841639876365661621e-01
1.257655978202819824e+00
6.202670931816101074e-01
-1.620064079761505127e-01
-4.682955741882324219e-01
-1.182020902633666992e+00
-3.224187493324279785e-01
-2.494662553071975708e-01
-1.419157147407531738e+00
1.310461878776550293e+00
2.465992450714111328e+00
7.988153696060180664e-01
8.062101900577545166e-02
3.794833719730377197e-01
-5.160188078880310059e-01
8.932330608367919922e-01
2.039624452590942383e-01
1.425817370414733887e+00
-5.549919605255126953e-02
-1.297540187835693359e+00
-6.428267955780029297e-01
-1.125806644558906555e-01
8.832768350839614868e-02
-1.976548731327056885e-01
-5.671350359916687012e-01
-7.851620912551879883e-01
1.285731345415115356e-01
2.631765604019165039e-02
3.205704987049102783e-01
4.241368174552917480e-01
2.866218090057373047e-01
4.133511781692504883e-01
7.158061265945434570e-01
2.717377245426177979e-01
5.288463830947875977e-01
-2.087578326463699341e-01
8.906447887420654297e-02
3.155545517802238464e-02
4.131008982658386230e-01
-3.846319019794464111e-01
-1.930124759674072266e-01
-1.687310487031936646e-01
2.133315354585647583e-01
3.181588053703308105e-01
5.692638754844665527e-01
8.199437260627746582e-01
1.001999750733375549e-01
1.778503656387329102e-01
2.878926135599613190e-02
-6.158713623881340027e-02
-8.355213999748229980e-01
6.840906739234924316e-01
-1.817250400781631470e-01
-1.957368254661560059e-01
1.807805299758911133e-01
-8.297671377658843994e-02
2.118446528911590576e-01
2.084186226129531860e-01
-4.659812450408935547e-01
-1.683558821678161621e-01
-4.519093632698059082e-01
4.816372692584991455e-01
5.150505458004772663e-04
3.992915451526641846e-01
-7.775515913963317871e-01
-2.414169162511825562e-01
1.538662463426589966e-01
-1.306606084108352661e-01
1.742206513881683350e-04
7.471568882465362549e-02
-4.074360132217407227e-01
6.776574254035949707e-02
7.901654243469238281e-01
2.155316472053527832e-01
6.641333103179931641e-01
3.187527656555175781e-01
1.326182037591934204e-01
1.919029057025909424e-01
3.262262046337127686e-01
3.282800912857055664e-01
2.330134958028793335e-01
1.886588931083679199e-01
3.064885139465332031e-01
-2.671788632869720459e-01
-3.035428225994110107e-01
2.527290582656860352e-02
-6.330127269029617310e-02
-3.384108245372772217e-01
-5.774564743041992188e-01
-4.021815955638885498e-01
2.054358422756195068e-01
-5.981541275978088379e-01
6.205917894840240479e-02
-7.222103476524353027e-01
-1.600524634122848511e-01
1.114151105284690857e-01
3.947327136993408203e-01
4.282766878604888916e-01
2.574590444564819336e-01
1.570164859294891357e-01
-1.335109863430261612e-02
3.650246560573577881e-02
-1.092832386493682861e-01
-5.899734795093536377e-02
-4.183562099933624268e-01
-6.594789773225784302e-02
2.641401290893554688e-01
3.845596313476562500e-01
-3.539904654026031494e-01
-3.704812526702880859e-01
-2.421222776174545288e-01
9.397159814834594727e-01
8.623347282409667969e-01
2.802522182464599609e-01
-5.173104405403137207e-01
-1.485946029424667358e-01
-1.710090637207031250e-01
2.748787999153137207e-01
-1.467328518629074097e-01
-6.368713378906250000e-01
-4.383743926882743835e-02
4.860905110836029053e-01
-4.905172288417816162e-01
-7.711938768625259399e-02
-6.057573556900024414e-01
-7.245816290378570557e-03
3.530306741595268250e-02
2.549138069152832031e-01
4.218226075172424316e-01
1.622758954763412476e-01
2.761000581085681915e-02
4.680041074752807617e-01
7.775031328201293945e-01
5.884971618652343750e-01
4.430680274963378906e-01
1.418140977621078491e-01
7.330015301704406738e-01
1.731978803873062134e-01
1.095166951417922974e-01
-3.942803144454956055e-01
-1.898338794708251953e-01
4.552291706204414368e-02
1.674136668443679810e-01
2.417200654745101929e-01
-1.363550424575805664e-01
4.216455519199371338e-01
4.256327450275421143e-01
6.811144351959228516e-01
6.038135886192321777e-01
-6.535874009132385254e-01
3.337079286575317383e-01
2.666672691702842712e-02
-6.543541550636291504e-01
-8.528071045875549316e-01
-1.196097612380981445e+00
-9.356840699911117554e-02
-9.487011283636093140e-02
-2.162266969680786133e-01
4.097969830036163330e-02
-1.136324182152748108e-01
5.888193249702453613e-01
5.190699696540832520e-01
5.075046420097351074e-01
-2.661333978176116943e-02
2.397781312465667725e-01
-1.154466122388839722e-01
2.848538458347320557e-01
2.849129438400268555e-01
1.921687126159667969e-01
4.763752222061157227e-01
-2.550130486488342285e-01
1.780239045619964600e-01
8.900786191225051880e-02
4.529188573360443115e-01
4.874638915061950684e-01
-7.674171030521392822e-02
-9.785744547843933105e-02
-8.384085297584533691e-01
-6.099288165569305420e-02
-2.190803550183773041e-02
1.382177323102951050e-01
-4.054048657417297363e-02
9.486754983663558960e-02
-2.540851831436157227e-01
1.292459368705749512e-01
-7.129846215248107910e-01
-2.086077630519866943e-01
4.568504393100738525e-01
5.129816532135009766e-01
8.147630095481872559e-02
2.445454746484756470e-01
-1.546873599290847778e-01
2.011973112821578979e-01
1.827013492584228516e-01
-6.353446841239929199e-01
-6.907354593276977539e-01
5.316369608044624329e-02
-4.908334836363792419e-02
1.358790695667266846e-01
-2.354061603546142578e-01
3.442661464214324951e-01
2.975420951843261719e-01
1.284400820732116699e-01
-1.017702445387840271e-01
-5.212732553482055664e-01
3.708990514278411865e-01
1.721930205821990967e-01
8.557235822081565857e-03
-4.912288188934326172e-01
-1.259887337684631348e+00
1.325436830520629883e+00
1.886520907282829285e-02
5.998171567916870117e-01
-3.374773561954498291e-01
6.810046434402465820e-01
9.760203957557678223e-02
1.356274962425231934e+00
1.997715711593627930e+00
3.058040142059326172e-01
2.443527579307556152e-01
-5.804084986448287964e-02
-4.553396105766296387e-01
-1.186855137348175049e-01
-3.910804092884063721e-01
-2.808588743209838867e-01
-5.015041828155517578e-01
-8.899512887001037598e-01
-4.001745581626892090e-01
9.206666797399520874e-02
-4.242386296391487122e-02
6.325222849845886230e-01
-7.263623923063278198e-02
-6.505950540304183960e-02
-4.430220127105712891e-01
1.684517413377761841e-01
7.337148487567901611e-02
-3.798351287841796875e-01
1.236901730298995972e-01
-3.248746991157531738e-01
