-5.950201153755187988e-01
1.711687296628952026e-01
-4.376796483993530273e-01
-4.717499017715454102e-01
-7.817748188972473145e-01
-2.380948960781097412e-01
-7.712203264236450195e-02
3.510704338550567627e-01
-2.006945908069610596e-01
2.731301262974739075e-02
1.056607842445373535e+00
1.184812068939208984e+00
-4.852000474929809570e-01
6.283004879951477051e-01
-3.270130753517150879e-01
-7.579870223999023438e-01
1.733057051897048950e-01
4.978737980127334595e-02
-2.664086222648620605e-01
-9.650133550167083740e-02
-1.464406013488769531e+00
-5.863478183746337891e-01
1.509387940168380737e-01
1.875203102827072144e-01
-2.920026779174804688e-01
-6.440059542655944824e-01
-1.371334940195083618e-01
1.070278048515319824e+00
5.537456646561622620e-02
9.122563004493713379e-01
4.595205187797546387e-01
4.352113604545593262e-01
-3.019593060016632080e-01
-3.624378144741058350e-01
-7.640413045883178711e-01
2.976073920726776123e-01
-4.015150070190429688e-01
-1.127331927418708801e-01
2.049003541469573975e-01
-3.554734885692596436e-01
-1.712755709886550903e-01
7.329760491847991943e-02
2.073651552200317383e-02
1.994438767433166504e-01
-3.818671703338623047e-01
-1.519272774457931519e-01
-3.755556885153055191e-03
4.216645658016204834e-01
1.543477773666381836e-01
4.330080375075340271e-02
-7.126344442367553711e-01
6.591831147670745850e-02
-3.161157667636871338e-01
-3.032596409320831299e-01
-2.571482360363006592e-01
4.707667529582977295e-01
9.778246283531188965e-02
-2.268187850713729858e-01
-1.106017082929611206e-01
-7.927732169628143311e-02
7.505313158035278320e-01
7.341426610946655273e-01
3.438520729541778564e-01
2.290285974740982056e-01
2.639233879745006561e-02
-6.849839091300964355e-01
-2.428212910890579224e-01
5.733070969581604004e-01
-1.196139082312583923e-01
1.101511493325233459e-01
-3.430384770035743713e-02
-6.525553464889526367e-01
-8.068899512290954590e-01
1.486268341541290283e-01
-5.195691585540771484e-01
-6.414526700973510742e-01
1.737673431634902954e-01
-7.025162577629089355e-01
4.292558133602142334e-01
8.476018905639648438e-02
2.373565733432769775e-01
8.675815463066101074e-01
-2.060223370790481567e-01
-1.559052895754575729e-02
3.811634182929992676e-01
-2.938586175441741943e-01
8.170452713966369629e-02
6.894773989915847778e-02
-7.967914342880249023e-01
-9.355345368385314941e-02
-1.065449789166450500e-01
-4.438225328922271729e-01
2.251001540571451187e-03
-5.783940553665161133e-01
1.382898092269897461e-01
-3.942003250122070312e-01
1.020583391189575195e+00
-2.416148781776428223e-01
1.866986453533172607e-01
3.055232465267181396e-01
5.041226744651794434e-01
-2.726536691188812256e-01
-9.407385587692260742e-01
4.284256696701049805e-01
-7.442107200622558594e-01
-1.725076436996459961e-01
2.018187642097473145e-01
-1.502885073423385620e-01
-2.555738091468811035e-01
-1.081399247050285339e-01
-2.284963130950927734e-01
4.219362139701843262e-01
-2.345757931470870972e-01
9.600065350532531738e-01
-1.279643177986145020e-01
7.350742220878601074e-01
2.457323372364044189e-01
4.365690648555755615e-01
1.578283309936523438e-01
6.818637996912002563e-02
-1.590243279933929443e-01
-7.740390300750732422e-01
3.077152967453002930e-01
5.482504963874816895e-01
-2.185853421688079834e-01
5.893027782440185547e-01
-1.439314365386962891e+00
3.948367536067962646e-01
-8.551782369613647461e-01
-2.188898026943206787e-01
8.185131549835205078e-01
7.641328871250152588e-02
-1.479214668273925781e+00
4.595949947834014893e-01
-2.602972388267517090e-01
1.206507831811904907e-01
-1.206257343292236328e+00
-4.435698688030242920e-01
-1.644073128700256348e-01
-3.970710635185241699e-01
-6.818939447402954102e-01
4.510855078697204590e-01
-1.588710248470306396e-01
1.852585375308990479e-01
5.354788899421691895e-01
6.753299236297607422e-01
6.592733860015869141e-01
2.676039561629295349e-02
7.760155797004699707e-01
-2.303725928068161011e-01
-2.556195557117462158e-01
-5.435933470726013184e-01
-1.142002344131469727e+00
5.599136464297771454e-03
-2.625533044338226318e-01
1.061506509780883789e+00
1.454333215951919556e-01
1.202973246574401855e+00
-3.671162426471710205e-01
5.125087499618530273e-01
3.163859844207763672e-01
-3.057969212532043457e-01
-1.582988947629928589e-01
-1.258238434791564941e+00
-5.114985704421997070e-01
-1.258639097213745117e+00
-4.742839932441711426e-01
1.097653210163116455e-01
5.105773806571960449e-01
4.522100389003753662e-01
5.171366333961486816e-01
2.003865092992782593e-01
2.593706250190734863e-01
6.242789328098297119e-02
3.962318897247314453e-01
-2.268541008234024048e-01
1.262977868318557739e-01
-1.659726500511169434e-01
-3.745999932289123535e-01
-6.140673756599426270e-01
-1.245221421122550964e-01
1.997633129358291626e-01
4.310449659824371338e-01
3.458651900291442871e-01
-3.023820929229259491e-02
-4.981468021869659424e-01
-5.823336914181709290e-02
2.436470687389373779e-01
5.592805892229080200e-02
7.919652462005615234e-01
3.422658145427703857e-01
-6.094490289688110352e-01
-1.137128770351409912e-01
-8.637572079896926880e-02
-3.727860450744628906e-01
-2.041193544864654541e-01
2.862863987684249878e-02
5.488625913858413696e-02
3.514447212219238281e-01
-5.859199166297912598e-01
1.861462593078613281e-01
1.615638881921768188e-01
2.228367328643798828e-01
-8.687760680913925171e-02
-4.260763823986053467e-01
-2.230592966079711914e-01
-5.920088663697242737e-02
7.207687497138977051e-01
5.601791739463806152e-01
-4.157753288745880127e-01
-5.750910043716430664e-01
5.247571505606174469e-03
-1.248788475990295410e+00
-6.566399335861206055e-02
-2.575642466545104980e-01
3.968684077262878418e-01
-2.636140584945678711e-01
-4.549469798803329468e-02
1.922352313995361328e-01
8.196151256561279297e-01
4.399233162403106689e-01
-1.228780746459960938e+00
9.820905327796936035e-01
-1.324691176414489746e+00
4.996011257171630859e-01
3.503076136112213135e-01
-3.655644655227661133e-01
-3.258810341358184814e-01
-2.796899713575839996e-02
-5.915377736091613770e-01
6.551086902618408203e-01
-1.788305789232254028e-01
-1.327607482671737671e-01
3.049045205116271973e-01
-6.810622811317443848e-01
3.421831130981445312e-01
-6.821271777153015137e-01
1.798349916934967041e-01
-1.091848313808441162e-01
9.573791176080703735e-02
-9.551358222961425781e-02
1.987641453742980957e-01
4.188005924224853516e-01
7.978671193122863770e-01
5.464885830879211426e-01
-4.654830098152160645e-01
7.795549929141998291e-03
-7.533777505159378052e-02
-8.137417435646057129e-01
-9.379776120185852051e-01
-3.120555579662322998e-01
-3.771017789840698242e-01
3.514730930328369141e-02
-5.079396963119506836e-01
-5.386719703674316406e-01
2.788181006908416748e-01
3.049699664115905762e-01
9.174714237451553345e-02
-2.614277601242065430e-01
-9.359167814254760742e-01
3.226104676723480225e-01
-1.958148032426834106e-01
5.128998160362243652e-01
-6.195616722106933594e-01
-9.185046702623367310e-02
-2.069018632173538208e-01
-6.992158889770507812e-01
-6.148985028266906738e-01
-1.638877689838409424e-01
3.337960541248321533e-01
4.227990210056304932e-01
1.017973944544792175e-01
-2.279518097639083862e-01
6.349622607231140137e-01
-1.412352681159973145e+00
6.614078879356384277e-01
-3.320878744125366211e-01
2.000623345375061035e-01
3.441146314144134521e-01
9.315314888954162598e-01
8.082364201545715332e-01
2.208575159311294556e-01
3.805088698863983154e-01
4.730093777179718018e-01
3.462107777595520020e-01
-3.282120823860168457e-01
1.245061755180358887e-01
-2.706903219223022461e-01
5.945722386240959167e-02
-5.606556534767150879e-01
-1.176937103271484375e+00
-1.084684673696756363e-02
-1.752548962831497192e-01
-2.729865312576293945e-01
-7.716263532638549805e-01
-6.124704480171203613e-01
3.003599680960178375e-02
-3.022193014621734619e-01
-3.642080724239349365e-01
1.148783922195434570e+00
1.247239261865615845e-01
2.588921785354614258e-01
7.692356109619140625e-01
-7.429433986544609070e-03
2.335995286703109741e-01
-2.142435014247894287e-01
-1.368700265884399414e-01
-5.633191466331481934e-01
-2.509426474571228027e-01
-6.104406118392944336e-01
-8.591401576995849609e-01
-3.177958428859710693e-01
3.882222175598144531e-01
-6.413283944129943848e-01
1.591785997152328491e-01
7.087451219558715820e-01
8.792097568511962891e-01
7.595245838165283203e-01
2.051071375608444214e-01
-1.463619917631149292e-01
-7.056749463081359863e-01
-3.153355717658996582e-01
3.518815338611602783e-02
-9.220046997070312500e-01
-1.564156413078308105e-01
5.455493927001953125e-01
4.514045119285583496e-01
-2.060011029243469238e-03
6.484777331352233887e-01
-9.066692590713500977e-01
-1.185963511466979980e+00
2.181040346622467041e-01
-1.290819764137268066e+00
3.144431859254837036e-02
9.265769720077514648e-01
1.161620974540710449e+00
7.162004113197326660e-01
-7.462560534477233887e-01
3.771377354860305786e-02
-3.918194472789764404e-01
-1.584532409906387329e-01
-7.569163441658020020e-01
-2.902358472347259521e-01
-4.218172430992126465e-01
3.953869044780731201e-01
1.221493855118751526e-01
6.178034543991088867e-01
-4.903879463672637939e-01
-3.493770956993103027e-01
7.749919295310974121e-01
-1.065381094813346863e-01
-5.658069252967834473e-01
-4.673574492335319519e-02
-3.219349384307861328e-01
-4.758147895336151123e-01
1.093014955520629883e+00
-2.821954488754272461e-01
2.959385514259338379e-01
-4.142370820045471191e-01
1.097744345664978027e+00
1.015925168991088867e+00
-1.345815777778625488e+00
-4.185120761394500732e-02
4.779190123081207275e-01
-3.085638582706451416e-01
2.564155757427215576e-01
1.586805284023284912e-01
3.856855444610118866e-03
-5.380576252937316895e-01
3.176451027393341064e-01
-9.363321214914321899e-02
-2.541557550430297852e-01
-4.102441966533660889e-01
-1.932466477155685425e-01
4.583029747009277344e-01
2.535696327686309814e-01
5.802965164184570312e-01
2.005432695150375366e-01
5.165365934371948242e-01
-5.731230378150939941e-01
4.884653985500335693e-01
1.957939937710762024e-02
4.271789640188217163e-02
2.145710438489913940e-01
2.083965577185153961e-02
-4.898089468479156494e-01
-1.796153932809829712e-01
-4.193403124809265137e-01
-7.208930253982543945e-01
-8.335114717483520508e-01
-2.707676962018013000e-03
2.033716291189193726e-01
3.885733783245086670e-01
-5.223216488957405090e-02
2.535652518272399902e-01
3.909465670585632324e-01
-4.256773293018341064e-01
-3.494161963462829590e-01
5.390806794166564941e-01
3.183469474315643311e-01
-2.617095112800598145e-01
6.335592865943908691e-01
2.329538315534591675e-01
1.010931562632322311e-02
-7.797639071941375732e-02
-4.772493839263916016e-01
1.899312436580657959e-01
1.728141121566295624e-02
-6.678631901741027832e-01
1.990749090909957886e-01
-3.241594731807708740e-01
-1.224828734993934631e-01
-4.550541937351226807e-01
-8.874625563621520996e-01
-5.534958243370056152e-01
-9.733448177576065063e-02
-8.558434993028640747e-02
-8.155372738838195801e-01
-2.758992612361907959e-01
-8.934532999992370605e-01
5.368204116821289062e-01
5.877026915550231934e-02
-1.308917254209518433e-01
1.837991774082183838e-01
6.803930997848510742e-01
2.664831578731536865e-01
2.182652242481708527e-02
2.185322046279907227e-01
7.460725959390401840e-03
2.682991325855255127e-01
4.901894629001617432e-01
-3.131884038448333740e-01
-2.531483173370361328e-01
1.538755744695663452e-01
2.395463883876800537e-01
6.646305918693542480e-01
-2.468036115169525146e-01
3.879304230213165283e-02
-3.018146455287933350e-01
5.311729311943054199e-01
2.440974116325378418e-01
-5.765377283096313477e-01
-1.168491840362548828e+00
1.061417609453201294e-01
1.713849306106567383e-01
1.879406869411468506e-01
-2.896122038364410400e-01
-8.414831757545471191e-01
-1.922705173492431641e-01
4.345332086086273193e-01
-1.633258014917373657e-01
1.171898022294044495e-01
1.200596988201141357e-01
-1.544827371835708618e-01
1.714650541543960571e-01
-8.387713432312011719e-01
-2.517795264720916748e-01
-4.810034930706024170e-01
-8.720131963491439819e-02
-5.687388777732849121e-02
-9.503577351570129395e-01
-2.007795572280883789e-01
8.983952552080154419e-02
1.041243448853492737e-01
9.888032674789428711e-01
-5.640322342514991760e-02
3.168374300003051758e-01
3.635840117931365967e-01
5.671856403350830078e-01
5.192150473594665527e-01
4.139101505279541016e-01
-8.543188124895095825e-02
6.269488930702209473e-01
-4.192062020301818848e-01
3.786592185497283936e-01
-6.417764723300933838e-02
-6.314288377761840820e-01
-5.348232984542846680e-01
-9.393432140350341797e-01
3.869774639606475830e-01
-3.410003483295440674e-01
5.221068263053894043e-01
-5.671514272689819336e-01
-4.674586653709411621e-01
1.812708377838134766e-01
-3.312852382659912109e-01
-1.242424994707107544e-01
-6.059274673461914062e-01
-4.785930812358856201e-01
-6.570201367139816284e-02
-5.179476141929626465e-01
-4.611862003803253174e-01
-6.073842644691467285e-01
-8.473246097564697266e-01
6.485698819160461426e-01
4.285496771335601807e-01
5.023552775382995605e-01
5.908172577619552612e-02
-3.025849163532257080e-02
4.451062679290771484e-01
-4.641454219818115234e-01
2.784530632197856903e-02
7.733098864555358887e-01
2.085023075342178345e-01
2.692307531833648682e-01
5.847902297973632812e-01
-1.317151039838790894e-01
8.125888109207153320e-01
5.362597107887268066e-01
2.623111307621002197e-01
-8.271889686584472656e-01
3.406350910663604736e-01
4.358252882957458496e-01
