-4.674574434757232666e-01
1.222309246659278870e-01
-5.074230432510375977e-01
1.365784853696823120e-01
-1.281277090311050415e-01
-3.332717418670654297e-01
8.517417311668395996e-01
5.039681792259216309e-01
1.328103661537170410e+00
-6.193463802337646484e-01
8.257308006286621094e-01
-3.660467565059661865e-01
8.114540576934814453e-02
2.676559090614318848e-01
3.910874202847480774e-02
-3.359076976776123047e-01
3.044301271438598633e-01
-4.043787121772766113e-01
-2.404175251722335815e-01
-6.517336964607238770e-01
-7.663387805223464966e-03
-3.864149153232574463e-01
2.645093500614166260e-01
3.911106288433074951e-01
5.370293855667114258e-01
4.241988956928253174e-01
-2.061490863561630249e-01
5.629298463463783264e-02
7.269951701164245605e-01
1.247040033340454102e-01
2.255455404520034790e-02
-4.165656864643096924e-01
6.931803375482559204e-02
1.208699718117713928e-01
-3.626939654350280762e-01
2.730271518230438232e-01
-2.568084001541137695e-01
7.010883092880249023e-02
8.882212638854980469e-01
6.920579671859741211e-01
1.097181200981140137e+00
2.184176146984100342e-01
-5.426151752471923828e-01
6.859992146492004395e-01
-7.388028502464294434e-02
3.239196240901947021e-01
2.025391906499862671e-02
2.301812916994094849e-02
4.365948438644409180e-01
3.489498049020767212e-02
-3.685969412326812744e-01
-3.305501341819763184e-01
-2.431395649909973145e-01
-3.375282511115074158e-02
-2.662807703018188477e-01
9.785405546426773071e-02
1.897397786378860474e-01
-6.988583598285913467e-03
-6.805596351623535156e-01
-5.762871503829956055e-01
-1.233234331011772156e-01
-1.487478315830230713e-01
3.310971260070800781e-01
-2.731158137321472168e-01
1.439640372991561890e-01
-9.556290507316589355e-01
-7.146571874618530273e-01
-3.497731685638427734e-02
1.672003120183944702e-01
3.653406500816345215e-01
1.718478947877883911e-01
5.719214677810668945e-01
1.200715154409408569e-01
2.038226723670959473e-01
2.216068059206008911e-01
5.321559309959411621e-01
7.932807207107543945e-01
2.909586727619171143e-01
1.977564767003059387e-02
3.273023962974548340e-01
6.189793348312377930e-01
3.804415166378021240e-01
4.902815222740173340e-01
2.518841624259948730e-01
-2.472139894962310791e-03
2.802928388118743896e-01
1.126043498516082764e-01
-1.014897584915161133e+00
4.460550844669342041e-03
-1.575653553009033203e-01
-1.691064424812793732e-02
-5.028735399246215820e-01
6.226664781570434570e-01
7.456942796707153320e-01
-8.104819059371948242e-01
2.447119057178497314e-01
-7.547574043273925781e-01
-5.979346036911010742e-01
-4.726516082882881165e-02
3.920018672943115234e-02
1.106249541044235229e-01
-2.789050936698913574e-01
1.628759145736694336e+00
9.249258041381835938e-01
2.281012535095214844e-01
-1.517218947410583496e-01
1.608805507421493530e-01
-3.381406366825103760e-01
-6.119500398635864258e-01
-1.029286980628967285e+00
-6.206176802515983582e-02
2.906219661235809326e-02
-8.765330910682678223e-02
-2.250566482543945312e-01
-8.281830549240112305e-01
3.367283642292022705e-01
-4.542102813720703125e-01
4.562401771545410156e-01
3.196509480476379395e-01
2.741372883319854736e-01
6.711224913597106934e-01
6.359265446662902832e-01
-1.120906919240951538e-01
-5.711076781153678894e-03
-2.816360592842102051e-01
3.179037868976593018e-01
-1.636089086532592773e-01
1.896912902593612671e-01
3.608242794871330261e-02
3.654622435569763184e-01
4.630666077136993408e-01
2.783768475055694580e-01
7.273911237716674805e-01
-5.347213149070739746e-01
-1.011411845684051514e-01
1.882690489292144775e-01
-5.687866806983947754e-01
-1.209697127342224121e-01
-4.922950863838195801e-01
-1.006213545799255371e+00
2.419259548187255859e-01
-3.032816946506500244e-01
-1.602516025304794312e-01
-2.219620347023010254e-01
-1.516090184450149536e-01
5.803671479225158691e-01
1.559341996908187866e-01
3.649850189685821533e-01
2.767964601516723633e-01
-2.818261384963989258e-01
2.694850265979766846e-01
1.146617308259010315e-01
-2.293130308389663696e-01
-1.568290293216705322e-01
-1.155841052532196045e-01
2.495092600584030151e-01
-3.890893757343292236e-01
-2.770713269710540771e-01
-2.661343514919281006e-01
8.831026554107666016e-01
2.230147868394851685e-01
1.062573194503784180e+00
-4.859297871589660645e-01
-2.061145305633544922e-01
1.439795941114425659e-01
-1.123772487044334412e-01
-4.780096709728240967e-01
3.353185355663299561e-01
-3.289828598499298096e-01
-7.492203265428543091e-02
-1.276195496320724487e-01
-2.123030871152877808e-01
-2.760122120380401611e-01
-1.264907270669937134e-01
-2.515528202056884766e-01
-7.942999154329299927e-02
1.132023110985755920e-01
5.163080245256423950e-02
1.689250469207763672e-01
-2.092202752828598022e-02
3.464742004871368408e-01
5.516912341117858887e-01
-1.068525612354278564e-01
-9.944199770689010620e-02
4.213499128818511963e-01
2.888710498809814453e-01
3.311455249786376953e-01
-4.619712010025978088e-02
1.765791177749633789e-01
4.367712140083312988e-01
2.201722413301467896e-01
5.401333793997764587e-02
-2.075066715478897095e-01
1.144383475184440613e-01
-2.436777502298355103e-01
-1.828292906284332275e-01
-3.177587091922760010e-01
-2.398898303508758545e-01
3.448436409235000610e-02
5.306138470768928528e-02
3.674924075603485107e-01
-1.745118349790573120e-01
-3.656999170780181885e-01
2.463928163051605225e-01
9.327699244022369385e-02
-4.575178623199462891e-01
-6.223418712615966797e-01
2.929638326168060303e-01
4.851317033171653748e-02
2.013026177883148193e-01
3.554308414459228516e-01
-1.542004793882369995e-01
-5.990454554557800293e-01
4.556223377585411072e-02
3.970396816730499268e-01
-3.865059912204742432e-01
3.735578060150146484e-01
1.015206456184387207e+00
-7.580899000167846680e-01
-5.537651851773262024e-02
8.730962276458740234e-01
7.185922265052795410e-01
2.442113608121871948e-01
2.607229650020599365e-01
4.286726415157318115e-01
-1.078086718916893005e-01
-4.977545738220214844e-01
-4.038239642977714539e-02
5.983726382255554199e-01
-4.282359033823013306e-02
1.371197849512100220e-01
1.444096118211746216e-02
5.445549488067626953e-01
-7.903539538383483887e-01
3.070980310440063477e-02
2.264402359724044800e-01
-6.011751890182495117e-01
-6.338897347450256348e-01
2.443663328886032104e-01
-5.208718180656433105e-01
-1.427232474088668823e-01
1.042007729411125183e-01
-2.826585769653320312e-01
7.202868461608886719e-01
3.330399990081787109e-01
4.882603287696838379e-01
1.433362998068332672e-02
2.878901958465576172e-01
-1.629926264286041260e-01
5.324846506118774414e-01
3.382526338100433350e-01
7.710933685302734375e-01
1.180492520332336426e+00
1.744787767529487610e-02
1.207776516675949097e-01
3.508377075195312500e-01
-2.465945184230804443e-01
-4.761129617691040039e-01
5.568653345108032227e-02
1.247120574116706848e-01
9.794131666421890259e-02
3.211945891380310059e-01
9.657403826713562012e-02
2.261093258857727051e-01
6.925990581512451172e-01
6.487528681755065918e-01
7.862034440040588379e-01
-4.219725728034973145e-01
2.553956508636474609e-01
8.808425068855285645e-01
1.207401394844055176e+00
-4.366784691810607910e-01
2.302233725786209106e-01
-3.190561830997467041e-01
-5.898014307022094727e-01
-1.768935769796371460e-01
-9.943284988403320312e-01
-4.969483613967895508e-01
-9.790194034576416016e-01
-7.994189858436584473e-01
-2.346662729978561401e-01
3.262146413326263428e-01
-4.809241592884063721e-01
1.325644701719284058e-01
1.270231157541275024e-01
1.664815068244934082e+00
-9.365068078041076660e-01
4.781809151172637939e-01
9.463573247194290161e-02
1.154731869697570801e+00
8.959426879882812500e-01
9.264363646507263184e-01
5.399743914604187012e-01
1.542797982692718506e-01
-5.055193305015563965e-01
8.868183493614196777e-01
3.391479551792144775e-01
-2.910041809082031250e-01
-5.459971427917480469e-01
-1.006046175956726074e+00
-8.014936447143554688e-01
-2.661408483982086182e-01
5.093069076538085938e-01
3.750321269035339355e-02
7.277130335569381714e-02
3.839670717716217041e-01
2.355624884366989136e-01
2.231363356113433838e-01
4.048670530319213867e-01
-1.695042699575424194e-01
-4.218623638153076172e-01
9.523066133260726929e-02
5.104092359542846680e-01
-6.864643096923828125e-01
-2.818721234798431396e-01
-3.232060670852661133e-01
1.676403433084487915e-01
2.507790625095367432e-01
5.132071971893310547e-01
4.047846198081970215e-01
1.865621507167816162e-01
5.123306512832641602e-01
9.890922904014587402e-02
2.166507989168167114e-01
-1.784448772668838501e-01
4.251362085342407227e-01
9.014894962310791016e-01
-3.785713016986846924e-01
1.587905138731002808e-01
-1.647392809391021729e-01
-4.519232213497161865e-01
3.071916997432708740e-01
-2.931262850761413574e-01
8.164168149232864380e-02
-3.784910738468170166e-01
2.748208045959472656e-01
1.721255481243133545e-01
-2.840306162834167480e-01
-7.843296974897384644e-02
-6.016635894775390625e-01
2.195062190294265747e-01
1.249861493706703186e-01
-3.086006343364715576e-01
-1.355278044939041138e-01
-3.538613915443420410e-01
-5.001095533370971680e-01
4.989995062351226807e-01
8.536902815103530884e-02
6.761685013771057129e-02
3.579187393188476562e-01
2.601516246795654297e-01
3.939388096332550049e-01
6.599313020706176758e-01
3.201243877410888672e-01
8.730152249336242676e-02
1.588126122951507568e-01
3.368470072746276855e-01
1.014125645160675049e-01
-3.590306937694549561e-01
8.029641211032867432e-02
3.532358407974243164e-01
-3.334749042987823486e-01
-1.349887102842330933e-01
-3.465004265308380127e-01
-2.219075895845890045e-02
-2.319082915782928467e-01
1.277296617627143860e-02
-5.115185976028442383e-01
-5.093127489089965820e-01
4.884186387062072754e-01
-3.383608460426330566e-01
-6.582766175270080566e-01
-3.322558701038360596e-01
-2.870013117790222168e-01
-2.261441349983215332e-01
1.316063255071640015e-01
-2.320596762001514435e-02
2.516865730285644531e-01
6.254531741142272949e-01
7.908567786216735840e-02
-6.458276510238647461e-02
-2.486731112003326416e-01
-5.619291663169860840e-01
-9.575710445642471313e-02
6.813140213489532471e-02
1.326408028602600098e+00
1.105044245719909668e+00
1.486154198646545410e+00
1.275359749794006348e+00
-1.660829663276672363e+00
-5.195520073175430298e-02
-4.815164506435394287e-01
2.773819565773010254e-01
2.158088237047195435e-02
2.862848341464996338e-01
7.565426826477050781e-01
4.537722468376159668e-01
2.080427557229995728e-01
-1.089445874094963074e-02
-7.184930145740509033e-02
-4.500721991062164307e-01
1.708231568336486816e-01
-6.140396595001220703e-01
-1.561584621667861938e-01
-9.869488477706909180e-01
2.383674085140228271e-01
3.584368228912353516e-01
3.922685384750366211e-01
4.994243681430816650e-01
4.812289774417877197e-01
6.028029918670654297e-01
4.335764646530151367e-01
5.424073934555053711e-01
-3.896870315074920654e-01
-7.511595636606216431e-02
5.029803514480590820e-01
-4.211217761039733887e-01
9.641321375966072083e-03
-6.150163412094116211e-01
3.814366459846496582e-01
2.768445611000061035e-01
4.287813305854797363e-01
1.201956748962402344e+00
-8.392223715782165527e-01
3.056251108646392822e-01
1.070845961570739746e+00
-7.875712215900421143e-02
-1.910943537950515747e-01
-9.530723690986633301e-01
5.048610270023345947e-02
1.189474910497665405e-01
4.190669357776641846e-01
-2.552254684269428253e-02
-3.677227199077606201e-01
1.341129839420318604e-01
7.804551124572753906e-01
-1.055320128798484802e-01
-4.603164643049240112e-02
-1.243166625499725342e-01
5.351830124855041504e-01
-2.240608930587768555e-01
-7.881395816802978516e-01
-1.261372864246368408e-01
1.509476602077484131e-01
-3.834547698497772217e-01
4.507952034473419189e-01
9.646253287792205811e-02
3.136277794837951660e-01
6.683484911918640137e-01
1.405746191740036011e-01
-4.161334037780761719e-02
-3.178175687789916992e-01
-2.330881208181381226e-01
4.311628937721252441e-01
-1.516535133123397827e-01
-3.211696147918701172e-01
-1.986961215734481812e-01
-1.641228199005126953e-01
-1.653108000755310059e-01
-4.109656512737274170e-01
-5.748783797025680542e-02
-1.844094991683959961e-01
8.263520598411560059e-01
-3.778005838394165039e-01
3.877888023853302002e-01
1.376175433397293091e-01
4.749196395277976990e-02
3.769983649253845215e-01
-1.686341315507888794e-01
-5.596577525138854980e-01
-2.145320028066635132e-01
7.666897177696228027e-01
-2.982000410556793213e-01
-4.007695615291595459e-02
3.309357464313507080e-01
4.038390517234802246e-01
6.101832911372184753e-02
-2.191998362541198730e-01
-7.081924378871917725e-02
2.242730110883712769e-01
4.115797951817512512e-02
-4.063967466354370117e-01
4.530198276042938232e-01
-6.718666553497314453e-01
8.839949965476989746e-02
1.805700957775115967e-01
-1.604941636323928833e-01
-5.315018892288208008e-01
-1.149334907531738281e+00
2.384710758924484253e-01
-4.016790390014648438e-01
3.941557705402374268e-01
-4.060392454266548157e-02
8.994130492210388184e-01
1.495250940322875977e+00
1.550488829612731934e+00
-2.574617862701416016e-01
5.749948620796203613e-01
-2.535410821437835693e-01
-1.955635659396648407e-02
-6.758607029914855957e-01
6.188155412673950195e-01
7.840219885110855103e-02
8.141590654850006104e-02
9.510707855224609375e-02
-5.489392876625061035e-01
3.932672739028930664e-02
-1.937890052795410156e-01
-2.214971929788589478e-01
-6.657723188400268555e-01
-3.810483217239379883e-01
-3.560003936290740967e-01
-6.190375089645385742e-01
