3.877760469913482666e-01
4.782961308956146240e-02
6.963225603103637695e-01
5.970352888107299805e-01
3.476959466934204102e-01
9.533444046974182129e-01
9.217286705970764160e-01
8.279222249984741211e-01
-3.390055894851684570e-01
7.047957926988601685e-02
-5.459026098251342773e-01
-2.173604518175125122e-01
-2.470319867134094238e-01
-4.125831648707389832e-02
-6.524928212165832520e-01
-3.411345481872558594e-01
-8.181145787239074707e-02
-2.367515712976455688e-01
-3.857029080390930176e-01
-3.915367424488067627e-01
-2.226051092147827148e-01
-1.648242175579071045e-01
-2.106728106737136841e-01
-8.565379381179809570e-01
-1.900573968887329102e-01
-6.839178204536437988e-01
-9.848555922508239746e-02
-2.351345866918563843e-01
7.683572769165039062e-01
-4.262614846229553223e-01
2.146156281232833862e-01
5.583627521991729736e-02
2.553202509880065918e-01
-5.468589067459106445e-01
4.121031761169433594e-01
-1.037327527999877930e+00
8.637429475784301758e-01
-2.486102133989334106e-01
-2.913900315761566162e-01
-9.712489247322082520e-01
-9.307737350463867188e-01
-4.953332617878913879e-02
7.987156510353088379e-01
-2.201439291238784790e-01
8.637326359748840332e-01
1.684139221906661987e-01
1.027154922485351562e-01
1.945651173591613770e-01
2.726482413709163666e-02
2.116995677351951599e-02
4.612547755241394043e-01
5.517480373382568359e-01
6.904062032699584961e-01
-4.400750398635864258e-01
-4.054276943206787109e-01
-1.253763198852539062e+00
2.323432452976703644e-02
-7.956581115722656250e-01
8.396244049072265625e-02
-3.792670071125030518e-01
1.629612594842910767e-01
4.623519778251647949e-01
1.879515051841735840e-01
-1.569275856018066406e-01
2.938890457153320312e-02
5.039384961128234863e-01
-2.696008682250976562e-01
-1.119943633675575256e-01
1.180453971028327942e-01
-6.441119909286499023e-01
-2.783559262752532959e-01
-1.074372172355651855e+00
9.186815023422241211e-01
9.366146922111511230e-01
-1.068714559078216553e-01
3.651771247386932373e-01
-5.049442648887634277e-01
6.861221790313720703e-02
-2.049076557159423828e-02
-5.884546786546707153e-02
-7.878257334232330322e-02
-9.844934940338134766e-02
-5.283275842666625977e-01
1.100633889436721802e-01
2.756232619285583496e-01
-9.346064329147338867e-01
-3.605508059263229370e-02
2.336326241493225098e-01
3.177130818367004395e-01
-7.295064628124237061e-02
-3.317481577396392822e-01
1.611432731151580811e-01
-4.500881433486938477e-01
-5.964558199048042297e-02
-4.334456026554107666e-01
3.529005125164985657e-02
6.061228513717651367e-01
2.689974755048751831e-02
6.157456636428833008e-01
7.082461118698120117e-01
-4.509000480175018311e-01
-9.020446538925170898e-01
-2.346769869327545166e-01
-1.398756265640258789e+00
-1.151896476745605469e+00
-3.677774593234062195e-02
-4.892296195030212402e-01
-3.321254551410675049e-01
-2.509993612766265869e-01
-2.914193272590637207e-01
1.097638234496116638e-01
2.170806378126144409e-01
-9.600476361811161041e-03
3.853445053100585938e-01
1.275953769683837891e+00
5.765508413314819336e-01
9.137471318244934082e-01
5.291905403137207031e-01
1.100328207015991211e+00
7.112928628921508789e-01
5.126938223838806152e-01
-2.453988790512084961e-02
-9.526629000902175903e-02
1.590909212827682495e-01
-1.220508575439453125e+00
-8.140641450881958008e-01
1.833250075578689575e-01
-1.618759632110595703e+00
-4.034069776535034180e-01
-5.469879508018493652e-01
-6.653261184692382812e-01
-2.697221338748931885e-01
-6.393344402313232422e-01
-2.099633663892745972e-01
1.217627003788948059e-01
-6.598659157752990723e-01
-2.855545282363891602e-01
-6.325724720954895020e-01
-4.384246766567230225e-01
-1.386238694190979004e+00
4.442834109067916870e-02
6.233932971954345703e-01
6.284121870994567871e-01
1.072790980339050293e+00
3.492600321769714355e-01
2.586449980735778809e-01
9.323821663856506348e-01
4.608948528766632080e-01
4.118374586105346680e-01
3.899519443511962891e-01
4.932833909988403320e-01
-1.035445690155029297e+00
2.819065153598785400e-01
-4.590593278408050537e-01
5.770326852798461914e-01
-9.801618754863739014e-02
7.563821226358413696e-02
-4.259525835514068604e-01
-6.603968739509582520e-01
-2.431297302246093750e-01
-1.459051966667175293e+00
-1.108523011207580566e+00
-1.453641802072525024e-01
-2.121188491582870483e-01
1.281212329864501953e+00
2.615940868854522705e-01
1.770006418228149414e-01
3.817364275455474854e-01
4.464660882949829102e-01
-3.736127018928527832e-01
-3.364952802658081055e-01
-2.633407115936279297e-01
9.070990234613418579e-02
-5.773070827126502991e-02
2.019391953945159912e-01
3.580777049064636230e-01
-6.366880144923925400e-03
1.802773177623748779e-01
-8.479417562484741211e-01
1.249786764383316040e-01
-5.898435115814208984e-01
3.748953044414520264e-01
3.313187062740325928e-01
5.082685947418212891e-01
7.236922979354858398e-01
9.093449115753173828e-01
-7.289450615644454956e-02
-7.285660505294799805e-02
-2.774629592895507812e-01
3.586179316043853760e-01
-7.280621528625488281e-01
-1.169639587402343750e+00
-2.940476834774017334e-01
-7.793617844581604004e-01
2.145680785179138184e-01
-4.131270051002502441e-01
-2.857261002063751221e-01
4.605918377637863159e-02
7.343353033065795898e-01
4.652456641197204590e-01
3.225253224372863770e-01
1.621284633874893188e-01
-8.992296457290649414e-01
2.475040704011917114e-01
-3.091110289096832275e-01
4.112935662269592285e-01
4.215597808361053467e-01
-2.526592016220092773e-01
-5.031169578433036804e-02
-1.191892251372337341e-01
-5.745663046836853027e-01
-7.878619432449340820e-01
-3.611733913421630859e-01
1.019052743911743164e+00
-1.772289723157882690e-02
9.640812128782272339e-02
1.043977886438369751e-01
-1.133145913481712341e-01
-4.682824015617370605e-01
1.515698283910751343e-01
-1.017531275749206543e+00
1.000430667772889137e-03
2.180072218179702759e-01
1.235960006713867188e+00
4.963804408907890320e-02
1.638135164976119995e-01
-9.130958914756774902e-01
-2.886592783033847809e-02
-3.158544003963470459e-01
4.866072833538055420e-01
-3.038990078493952751e-03
2.951226532459259033e-01
-1.735181689262390137e+00
-8.570214509963989258e-01
-3.825693428516387939e-01
-3.250466883182525635e-01
2.137481272220611572e-01
4.151097238063812256e-01
4.474001377820968628e-02
-4.900247752666473389e-01
1.772847771644592285e-01
-2.319957166910171509e-01
3.045962154865264893e-01
-1.069652199745178223e+00
2.845719754695892334e-01
-2.081758901476860046e-02
1.781192421913146973e-01
-5.868011116981506348e-01
1.832704395055770874e-01
-4.214665889739990234e-01
-1.211820263415575027e-02
-1.192127242684364319e-01
-4.371255040168762207e-01
-1.046616315841674805e+00
1.522399932146072388e-01
7.392484545707702637e-01
8.695588707923889160e-01
2.881369292736053467e-01
6.823972612619400024e-02
9.132734686136245728e-02
7.582673430442810059e-01
4.760022163391113281e-01
-8.341316580772399902e-01
-7.757483124732971191e-01
-1.153873801231384277e+00
-1.408453583717346191e-01
-4.294357001781463623e-01
-7.725127339363098145e-01
-5.897726416587829590e-01
8.991781622171401978e-02
-3.821288347244262695e-01
-7.584931794553995132e-03
4.158557653427124023e-01
4.486642032861709595e-02
4.303428232669830322e-01
-1.408696826547384262e-02
6.251431107521057129e-01
9.273816347122192383e-01
6.624488234519958496e-01
4.497919976711273193e-01
4.591519013047218323e-02
-3.764353096485137939e-01
-6.488461494445800781e-01
-4.861262738704681396e-01
3.548406958580017090e-01
3.545586168766021729e-01
6.289416551589965820e-01
-8.185409307479858398e-01
-3.646119236946105957e-01
-5.934936404228210449e-01
8.886976540088653564e-02
1.874952465295791626e-01
-1.917248368263244629e-01
-3.414449393749237061e-01
3.224503397941589355e-01
-9.350871443748474121e-01
-1.047142744064331055e-01
-1.017929911613464355e-01
8.678154945373535156e-01
1.308525323867797852e+00
2.541398406028747559e-01
5.962063074111938477e-01
-1.104204535484313965e+00
-4.268036186695098877e-01
-7.012463808059692383e-01
-7.369277477264404297e-01
-4.447504281997680664e-01
3.254494816064834595e-02
-9.679298996925354004e-01
5.398170948028564453e-01
-3.178103566169738770e-01
-4.472950696945190430e-01
-1.147789716720581055e+00
3.550503253936767578e-01
2.478420883417129517e-01
4.687319099903106689e-01
4.270564913749694824e-01
8.972968161106109619e-02
1.292072534561157227e-01
-6.299132704734802246e-01
1.075776815414428711e+00
1.123540475964546204e-02
7.871787063777446747e-03
-3.005212359130382538e-02
-5.165969133377075195e-01
-5.312850475311279297e-01
-7.866567373275756836e-01
-5.710503458976745605e-01
7.680914402008056641e-01
5.497630313038825989e-02
5.388001203536987305e-01
9.030055254697799683e-02
8.499131798744201660e-01
5.288058519363403320e-02
7.144438624382019043e-01
-3.778320550918579102e-01
-4.178028106689453125e-01
-7.300811409950256348e-01
-5.773745775222778320e-01
2.979768216609954834e-01
-3.375970721244812012e-01
-1.798762232065200806e-01
-2.676196396350860596e-01
-1.158142566680908203e+00
-1.152498364448547363e+00
2.219750136137008667e-01
-7.692393064498901367e-01
3.348630964756011963e-01
-8.658558130264282227e-02
-8.126587420701980591e-02
-2.673506140708923340e-01
1.884323209524154663e-01
5.607758164405822754e-01
-8.762413859367370605e-01
4.022181928157806396e-01
3.518377542495727539e-01
6.317016482353210449e-01
-6.202296018600463867e-01
4.284299612045288086e-01
-2.876853942871093750e-01
3.360652923583984375e-01
1.050347924232482910e+00
1.199148535728454590e+00
7.545769810676574707e-01
3.905888497829437256e-01
1.283285260200500488e+00
-4.511694312095642090e-01
1.651958823204040527e-01
-4.377682805061340332e-01
-1.930266618728637695e-01
-2.418237030506134033e-01
-8.485106229782104492e-01
-9.083914756774902344e-01
-1.250293135643005371e+00
-1.028221487998962402e+00
-4.454487562179565430e-01
-3.327296972274780273e-01
-7.859346866607666016e-01
-8.369703292846679688e-01
1.150212645530700684e+00
7.720254659652709961e-01
9.856141805648803711e-01
6.287007927894592285e-01
9.932477474212646484e-01
1.729248613119125366e-01
3.563703298568725586e-01
-3.137947618961334229e-01
-1.121256500482559204e-01
4.349527508020401001e-02
2.216899394989013672e-01
-1.087380200624465942e-01
5.670853257179260254e-01
-5.504338145256042480e-01
2.944225259125232697e-02
2.750006914138793945e-01
-8.031603097915649414e-01
1.292445957660675049e-01
1.444773077964782715e-01
-2.661142647266387939e-01
-5.089482665061950684e-01
-1.018556132912635803e-01
-3.555642068386077881e-01
-2.705149948596954346e-01
-6.276345849037170410e-01
1.310680955648422241e-01
-1.597372442483901978e-01
2.410168200731277466e-02
7.158929109573364258e-02
-2.052908092737197876e-01
-1.242893412709236145e-01
7.871098071336746216e-02
3.095104992389678955e-01
-1.290879398584365845e-01
-8.245468139648437500e-01
5.554666519165039062e-01
-2.265521883964538574e-01
-3.655925765633583069e-02
-6.504173278808593750e-01
-5.779486894607543945e-01
-4.084321558475494385e-01
-9.239404648542404175e-02
-2.789032459259033203e-01
1.255749166011810303e-01
7.084242105484008789e-01
2.839832901954650879e-01
-2.322067767381668091e-01
-1.946391761302947998e-01
-2.907876372337341309e-01
1.080181717872619629e+00
8.740062117576599121e-01
9.376081824302673340e-01
-1.043785214424133301e+00
-7.752956151962280273e-01
-8.180721402168273926e-01
-6.736611723899841309e-01
-3.210395276546478271e-01
1.941505670547485352e-01
-6.191815137863159180e-01
-9.161654114723205566e-01
-2.118264436721801758e-01
4.222489893436431885e-01
-1.835127547383308411e-02
3.447891175746917725e-01
-9.706758856773376465e-01
1.219655156135559082e+00
2.045092582702636719e-01
3.497995436191558838e-01
-1.455904543399810791e-01
-2.228351831436157227e-01
-3.317214250564575195e-01
-4.424610435962677002e-01
4.335333406925201416e-01
4.610397219657897949e-01
2.711625397205352783e-01
-1.933632194995880127e-01
6.282520294189453125e-02
-1.665681041777133942e-02
-6.749296933412551880e-02
3.605303764343261719e-01
1.293798387050628662e-01
1.441361941397190094e-02
3.147058486938476562e-01
-3.316115140914916992e-01
-5.340039134025573730e-01
5.364218950271606445e-01
6.057059168815612793e-01
-1.047050237655639648e+00
-2.396476507186889648e+00
-1.018939137458801270e+00
-1.936232209205627441e+00
1.102718338370323181e-02
-4.251636266708374023e-01
7.519970536231994629e-01
6.698135137557983398e-01
4.880686700344085693e-01
-8.383635431528091431e-02
6.068364717066287994e-03
2.568475902080535889e-01
5.477499365806579590e-01
2.022263780236244202e-02
1.215261369943618774e-01
4.354210570454597473e-02
-5.515220165252685547e-01
8.000570535659790039e-01
9.153298139572143555e-01
-9.626889228820800781e-01
-2.213009834289550781e+00
-1.496841430664062500e+00
-2.483515888452529907e-01
5.690693855285644531e-01
5.057961940765380859e-01
-4.816821813583374023e-01
1.903524994850158691e-02
4.253078699111938477e-01
6.557183265686035156e-01
1.348369121551513672e-01
-3.699412196874618530e-02
-8.508738875389099121e-01
-7.137007713317871094e-01
-2.816568315029144287e-01
3.326069116592407227e-01
7.502676844596862793e-01
3.622141182422637939e-01
6.958707571029663086e-01
7.145985215902328491e-02
6.378888338804244995e-02
-1.447724550962448120e-01
2.478320151567459106e-01
-4.763068854808807373e-01
-2.873651385307312012e-01
-2.687807381153106689e-01
-2.739735543727874756e-01
4.261736571788787842e-01
