6.918538212776184082e-01
-1.300161927938461304e-01
3.386046886444091797e-01
-2.639480531215667725e-01
-3.956818953156471252e-02
-2.643957734107971191e-01
-3.217805325984954834e-01
-4.944767057895660400e-01
-4.965886771678924561e-01
-2.107985317707061768e-01
2.805892936885356903e-02
-2.307860404253005981e-01
8.265515565872192383e-01
-4.075490534305572510e-01
2.611047625541687012e-01
6.510841250419616699e-01
1.292309165000915527e-01
-3.041116297245025635e-01
1.187585592269897461e-01
2.053834795951843262e-01
1.019302830100059509e-01
2.443236997351050377e-03
-7.441376149654388428e-02
-5.575803518295288086e-01
-7.346014380455017090e-01
-1.024479150772094727e+00
4.378482997417449951e-01
1.038626674562692642e-02
-6.803727149963378906e-01
5.601305887103080750e-02
-9.394650161266326904e-02
-2.242796719074249268e-01
-2.542039453983306885e-01
-1.464932799339294434e+00
4.673929512500762939e-01
-1.179687678813934326e-01
8.072717785835266113e-01
6.357941627502441406e-01
-7.618211507797241211e-01
-2.051409929990768433e-01
1.347451955080032349e-01
7.072253227233886719e-01
1.037486076354980469e+00
-2.683723568916320801e-01
1.644769012928009033e-01
-4.354772344231605530e-02
3.684000372886657715e-01
2.623578608036041260e-01
-8.167797923088073730e-01
-4.597837328910827637e-01
-1.218519061803817749e-01
4.829670786857604980e-01
-1.286655813455581665e-01
-6.707681417465209961e-01
-3.332834243774414062e-01
-2.027661204338073730e-01
-5.160798430442810059e-01
-4.651063680648803711e-01
6.247622370719909668e-01
1.332744002342224121e+00
6.928880810737609863e-01
1.056043524295091629e-02
-4.543033242225646973e-01
-5.422167778015136719e-01
-8.855094313621520996e-01
-6.783813238143920898e-01
8.093052506446838379e-01
2.561268806457519531e-01
2.950174212455749512e-01
1.239003464579582214e-01
2.347587496042251587e-01
2.839314937591552734e-01
5.321760773658752441e-01
5.357071757316589355e-01
6.481550335884094238e-01
-9.392385482788085938e-01
-1.003774523735046387e+00
-5.282116532325744629e-01
3.627321720123291016e-01
-3.334864974021911621e-01
-1.091564521193504333e-01
-6.380686759948730469e-01
-7.403122633695602417e-02
-6.342017650604248047e-01
5.635142922401428223e-01
-6.265650391578674316e-01
-6.975719928741455078e-01
-1.044505357742309570e+00
5.172609090805053711e-01
3.782051801681518555e-01
2.588533461093902588e-01
-6.093548238277435303e-02
-7.773187160491943359e-01
7.807184457778930664e-01
2.161732167005538940e-01
1.187001466751098633e-01
8.844589591026306152e-01
4.774508178234100342e-01
2.661819159984588623e-01
-7.418857514858245850e-02
5.265694484114646912e-02
-6.313422322273254395e-02
-1.052627086639404297e+00
-2.122315645217895508e+00
1.149738021194934845e-02
5.173946619033813477e-01
-2.804745733737945557e-01
-5.519053339958190918e-01
6.813883781433105469e-01
1.312038540840148926e+00
7.650384306907653809e-01
8.230532705783843994e-02
-4.878630042076110840e-01
1.368873119354248047e-01
5.041143894195556641e-01
-8.862844109535217285e-02
7.337802648544311523e-01
-1.493162959814071655e-01
-3.783244490623474121e-01
8.188536018133163452e-02
-7.834959030151367188e-01
-7.959951758384704590e-01
-1.035438552498817444e-01
1.493044346570968628e-01
5.130048990249633789e-01
-6.090441942214965820e-01
1.433838307857513428e-01
1.861586570739746094e-01
4.088993072509765625e-01
2.747952044010162354e-01
2.944767661392688751e-02
-7.573776841163635254e-01
-6.320419311523437500e-01
1.825037002563476562e-01
3.586220145225524902e-01
-5.381178855895996094e-01
1.070027589797973633e+00
6.827484965324401855e-01
-7.847180962562561035e-02
5.900929570198059082e-01
-8.421318978071212769e-02
-1.595718264579772949e-01
-3.503869175910949707e-01
-3.332040607929229736e-01
-4.923088848590850830e-01
-3.783612847328186035e-01
-2.747418284416198730e-01
-1.147179026156663895e-02
3.223758935928344727e-02
-3.756822347640991211e-01
-5.386992096900939941e-01
-1.884974837303161621e-01
1.827943474054336548e-01
-1.217112541198730469e-01
7.287489771842956543e-01
-4.313119873404502869e-02
6.303873062133789062e-01
3.567807376384735107e-01
1.898099035024642944e-01
-5.899189114570617676e-01
-8.014401197433471680e-01
-1.808594018220901489e-01
3.729134798049926758e-01
4.449746608734130859e-01
-2.541825920343399048e-02
-5.526455491781234741e-02
-3.165671601891517639e-02
1.520464420318603516e-01
-1.441987007856369019e-01
-7.306538522243499756e-02
8.611655235290527344e-02
-2.246135920286178589e-01
7.803256809711456299e-02
8.886455297470092773e-01
6.942254900932312012e-01
2.079604417085647583e-01
-2.992574870586395264e-01
-2.294305153191089630e-02
-8.888829350471496582e-01
6.502049565315246582e-01
2.351918965578079224e-01
-8.530967831611633301e-01
2.325360476970672607e-01
1.131580024957656860e-01
-1.487957090139389038e-01
-7.634119391441345215e-01
1.987355500459671021e-01
1.566255688667297363e-01
4.028531908988952637e-01
-1.021565079689025879e+00
-2.018154382705688477e+00
-2.653577327728271484e-01
9.390986561775207520e-01
-6.158235669136047363e-01
1.857568472623825073e-01
4.930336177349090576e-01
1.018199086189270020e+00
5.780297517776489258e-01
2.642365694046020508e-01
-1.385382711887359619e-01
-1.009989380836486816e+00
-2.051780819892883301e-01
-5.170058608055114746e-01
-8.398763537406921387e-01
-4.897745847702026367e-01
2.439577728509902954e-01
1.057379841804504395e+00
-5.383146181702613831e-02
2.331805676221847534e-01
-1.230247616767883301e-01
-4.381817206740379333e-02
5.785170197486877441e-01
5.959314703941345215e-01
-6.646916270256042480e-02
-9.170238971710205078e-01
2.303367406129837036e-01
-6.844096630811691284e-02
-9.694724082946777344e-01
2.508893013000488281e-01
8.211143612861633301e-01
1.179128065705299377e-01
-2.677307426929473877e-01
-4.095774888992309570e-01
-4.870253801345825195e-02
1.015064716339111328e-01
-7.344994544982910156e-01
2.215242981910705566e-01
-1.334407180547714233e-01
-8.918185830116271973e-01
-1.926961541175842285e-01
-2.272055447101593018e-01
8.552545309066772461e-02
-7.294220849871635437e-03
4.194791615009307861e-01
-6.876733899116516113e-02
-2.510456740856170654e-01
3.006885014474391937e-02
6.089515686035156250e-01
4.707724153995513916e-01
3.705154359340667725e-01
1.780279129743576050e-01
2.349527180194854736e-01
4.960103034973144531e-01
-7.631142139434814453e-01
-9.434502720832824707e-01
-2.729386389255523682e-01
-1.421278268098831177e-01
-4.303233921527862549e-01
-4.656670093536376953e-01
-2.394658178091049194e-01
-4.834865629673004150e-01
-2.154653966426849365e-01
-1.265211462974548340e+00
8.489923551678657532e-03
-3.819513916969299316e-01
-1.078952327370643616e-01
-1.703723371028900146e-01
9.895025491714477539e-01
3.682320415973663330e-01
4.777436852455139160e-01
2.865305840969085693e-01
1.893967390060424805e-01
3.801106512546539307e-01
-2.490965090692043304e-02
-1.242519542574882507e-01
-1.859622895717620850e-01
-7.772140949964523315e-02
8.708292245864868164e-02
3.264362514019012451e-01
-4.246055483818054199e-01
-1.389432549476623535e+00
-2.793762981891632080e-01
-1.305653341114521027e-02
-2.501017749309539795e-01
2.357662841677665710e-02
-4.890722930431365967e-01
-1.934235394001007080e-01
-3.503079712390899658e-01
7.626448273658752441e-01
1.358404904603958130e-01
1.865185946226119995e-01
-4.044834375381469727e-01
7.119766473770141602e-01
1.650574803352355957e-01
4.225583672523498535e-01
-1.891637742519378662e-01
3.439900279045104980e-01
4.211405217647552490e-01
3.759897351264953613e-01
-1.120001077651977539e+00
-1.249935507774353027e+00
-1.572404384613037109e+00
3.856514394283294678e-01
4.932849109172821045e-01
6.507580876350402832e-01
5.344025045633316040e-02
-2.176674008369445801e-01
-4.824070930480957031e-01
1.860713362693786621e-01
5.489426255226135254e-01
6.758860349655151367e-01
2.050782591104507446e-01
-1.165195822715759277e+00
-6.142100095748901367e-01
7.568264752626419067e-02
-2.122177928686141968e-01
-2.546051442623138428e-01
-3.266088962554931641e-01
-8.033829182386398315e-02
8.096268773078918457e-02
-1.414544582366943359e-01
-4.125647619366645813e-02
-5.834795236587524414e-01
-4.776186496019363403e-02
4.352728426456451416e-01
5.269426703453063965e-01
2.568819820880889893e-01
-8.922552317380905151e-02
-1.073514446616172791e-01
-5.607442259788513184e-01
1.538994908332824707e-01
1.784663349390029907e-01
8.510381914675235748e-03
-7.602155208587646484e-03
8.982785046100616455e-02
5.728375166654586792e-02
-1.408840060234069824e+00
-3.832390904426574707e-01
-3.168672919273376465e-01
4.203818738460540771e-01
7.127737998962402344e-01
9.006412327289581299e-02
-6.311184912919998169e-02
5.312953889369964600e-02
4.883446991443634033e-01
-1.496981233358383179e-01
-4.883279800415039062e-01
-2.359496802091598511e-01
-3.146309852600097656e-01
6.465432047843933105e-01
-6.682625412940979004e-01
-7.969998121261596680e-01
-4.786523580551147461e-01
-5.959387421607971191e-01
-3.042197227478027344e-01
8.591251373291015625e-01
-4.652387201786041260e-01
-4.621014297008514404e-01
1.573221385478973389e-01
-2.747539877891540527e-01
6.389628648757934570e-01
1.584489494562149048e-01
4.155218899250030518e-01
1.118336766958236694e-01
8.980060219764709473e-01
3.447389304637908936e-01
5.148188471794128418e-01
9.037772417068481445e-01
1.074020624160766602e+00
4.881344139575958252e-01
-4.385805726051330566e-01
-2.360718399286270142e-01
-7.790090888738632202e-02
4.288543462753295898e-01
-5.281199812889099121e-01
-4.601100981235504150e-01
-3.872523009777069092e-01
-5.141283273696899414e-01
5.420396924018859863e-01
-5.847652554512023926e-01
-6.622831821441650391e-01
-1.043231606483459473e+00
-1.083800435066223145e+00
-2.002423405647277832e-01
-5.393155813217163086e-01
-3.928809463977813721e-01
8.070210814476013184e-01
1.060781240463256836e+00
7.156850099563598633e-01
6.204528212547302246e-01
5.047134310007095337e-02
5.220973491668701172e-01
1.231084108352661133e+00
1.069635748863220215e+00
1.391452908515930176e+00
1.854757070541381836e-01
-4.611446261405944824e-01
-1.828084468841552734e+00
-1.454232096672058105e+00
1.078198313713073730e+00
2.002227306365966797e-01
2.515568733215332031e-01
-3.119957149028778076e-01
-6.154611110687255859e-01
6.071279644966125488e-01
-3.535698056221008301e-01
-5.642437338829040527e-01
-7.482566833496093750e-01
-5.349143743515014648e-01
2.128609418869018555e-01
2.051539123058319092e-01
-2.717963159084320068e-01
-6.335754692554473877e-02
-3.725650608539581299e-01
6.555834412574768066e-01
2.718077898025512695e-01
1.616555824875831604e-02
-2.501580417156219482e-01
-4.188681244850158691e-01
1.156352385878562927e-01
-6.360219717025756836e-01
-5.734260082244873047e-01
-4.307284355163574219e-01
-2.900548279285430908e-01
2.046853452920913696e-01
-5.857368111610412598e-01
8.535792678594589233e-02
-2.429977208375930786e-01
5.345380306243896484e-01
6.631221175193786621e-01
-9.055288136005401611e-02
-6.047080159187316895e-01
-1.527558445930480957e+00
3.017768561840057373e-01
5.657870769500732422e-01
-4.785995185375213623e-01
2.922898828983306885e-01
4.632559418678283691e-01
9.250318408012390137e-01
8.401088714599609375e-01
-7.819145917892456055e-01
-1.666716933250427246e+00
-7.944606542587280273e-01
-4.600833356380462646e-02
2.328382134437561035e-01
-5.400909781455993652e-01
-2.123217135667800903e-01
-1.753480732440948486e-01
2.761715948581695557e-01
-8.722300529479980469e-01
3.770334422588348389e-01
-3.408491313457489014e-01
-2.227194756269454956e-01
3.194101750850677490e-01
5.729643702507019043e-01
8.555126786231994629e-01
3.447273671627044678e-01
-6.903726607561111450e-02
-5.587265491485595703e-01
-1.720850467681884766e-01
-3.178434669971466064e-01
3.322421014308929443e-01
5.306032299995422363e-01
-4.867421388626098633e-01
-1.067946255207061768e-01
3.375481963157653809e-01
1.753901839256286621e-01
-1.147702634334564209e-01
1.728803068399429321e-01
6.994565129280090332e-01
-2.557812817394733429e-02
-7.756287604570388794e-02
-1.058354854583740234e+00
-2.139325439929962158e-01
-6.239134073257446289e-01
1.470589339733123779e-01
-1.525389999151229858e-01
-1.001181378960609436e-01
1.260401904582977295e-01
2.268335074186325073e-01
1.996193081140518188e-02
-6.393480300903320312e-01
-3.956961631774902344e-01
9.744527339935302734e-01
6.126205325126647949e-01
-4.117157161235809326e-01
-8.035835623741149902e-01
9.851612150669097900e-02
9.571335278451442719e-03
-2.073791921138763428e-01
-2.734129428863525391e-01
-5.443079471588134766e-01
2.508571743965148926e-01
-2.982715517282485962e-02
-2.703115642070770264e-01
7.154608964920043945e-01
-6.464120000600814819e-02
7.174496352672576904e-02
1.794739961624145508e-01
2.799406349658966064e-01
7.617557644844055176e-01
-4.054042324423789978e-02
-9.353337436914443970e-02
-2.793082594871520996e-01
-3.143908083438873291e-01
8.895727992057800293e-01
-2.784082591533660889e-01
-6.136136651039123535e-01
2.469300776720046997e-01
-2.464947998523712158e-01
-5.463705062866210938e-01
-1.182732820510864258e+00
4.000773727893829346e-01
4.043046534061431885e-01
5.623790025711059570e-01
3.802080154418945312e-01
-1.412590444087982178e-01
-4.840312302112579346e-01
5.275869369506835938e-02
-4.074470400810241699e-01
-1.819336563348770142e-01
-5.170286893844604492e-01
-2.877565324306488037e-01
