-2.362370342016220093e-01
-2.304590344429016113e-01
9.213057160377502441e-02
-5.392927527427673340e-01
-6.508746743202209473e-02
-2.637529969215393066e-01
9.422490745782852173e-02
-1.724658906459808350e-01
1.082865074276924133e-01
7.551076821982860565e-03
3.907510265707969666e-02
-3.181347846984863281e-01
5.757361650466918945e-02
-2.673186957836151123e-01
2.585864067077636719e-01
-1.313483417034149170e-01
4.183127284049987793e-01
2.229708433151245117e-01
5.144067406654357910e-01
4.266280531883239746e-01
1.331073194742202759e-01
2.092632949352264404e-01
1.179019659757614136e-01
8.381655067205429077e-02
2.495691031217575073e-01
-7.027482986450195312e-02
6.480275094509124756e-02
-4.528961777687072754e-01
-6.111795902252197266e-01
-6.966397762298583984e-01
-5.079016089439392090e-01
-4.312857687473297119e-01
-2.735012769699096680e-01
-2.687043845653533936e-01
2.121459692716598511e-01
-3.797311484813690186e-01
3.934455215930938721e-01
-2.946187555789947510e-01
3.406801819801330566e-01
-3.547072783112525940e-02
5.226454734802246094e-01
3.591218218207359314e-02
1.189907431602478027e+00
-2.653412520885467529e-01
6.953159570693969727e-01
-1.429963260889053345e-01
3.616199493408203125e-01
3.771076351404190063e-02
5.453481078147888184e-01
2.841300964355468750e-01
5.108284354209899902e-01
-1.002180427312850952e-01
-3.295949846506118774e-02
-2.096309326589107513e-02
-9.213203191757202148e-02
-2.819371819496154785e-01
-1.446362137794494629e-01
-2.410227358341217041e-01
-1.733232140541076660e-01
-4.186411798000335693e-01
-3.997803628444671631e-01
-4.336358606815338135e-01
-6.237344145774841309e-01
-3.255017995834350586e-01
-1.205830946564674377e-01
-7.113992422819137573e-02
-1.687071919441223145e-01
-1.212713569402694702e-01
2.224712818861007690e-01
3.249028325080871582e-01
5.364320874214172363e-01
4.186005890369415283e-01
6.427874565124511719e-01
2.292486578226089478e-01
2.098071724176406860e-01
5.287541747093200684e-01
3.567565977573394775e-02
4.300940632820129395e-01
-4.413487911224365234e-01
-3.018921911716461182e-01
-5.713919997215270996e-01
-3.439006209373474121e-01
-1.770203709602355957e-01
-4.485103189945220947e-01
-1.733989268541336060e-01
-3.411825597286224365e-01
7.087442278861999512e-02
-7.495482265949249268e-02
8.322557210922241211e-01
1.511615663766860962e-01
6.094253659248352051e-01
2.848968505859375000e-01
8.416467308998107910e-01
4.743224382400512695e-01
2.948921918869018555e-01
3.610707819461822510e-01
-1.871592998504638672e-01
-3.753810375928878784e-02
-4.292832016944885254e-01
-3.841292858123779297e-01
-8.029825091361999512e-01
-3.854705989360809326e-01
-4.334296882152557373e-01
-6.048296689987182617e-01
-5.283766388893127441e-01
-2.477229945361614227e-02
-2.654142379760742188e-01
4.468990564346313477e-01
-1.623264551162719727e-01
3.452415466308593750e-01
-1.612587571144104004e-01
4.183449149131774902e-01
5.926138758659362793e-01
1.068931937217712402e+00
1.199078321456909180e+00
4.790614545345306396e-01
3.221088945865631104e-01
-1.341177225112915039e-01
2.996204197406768799e-01
1.872930079698562622e-01
-1.928928643465042114e-01
-1.636873930692672729e-01
-3.069727122783660889e-01
-4.735393524169921875e-01
-6.307633519172668457e-01
-3.729045689105987549e-01
-2.111926674842834473e-01
-2.828049361705780029e-01
-1.297175288200378418e-01
-5.068904161453247070e-01
-2.393654286861419678e-01
-3.176321685314178467e-01
8.140984177589416504e-02
-7.565177232027053833e-02
1.933742016553878784e-01
8.255644142627716064e-02
4.300384521484375000e-01
-4.559198915958404541e-01
2.123823761940002441e-01
-3.863035142421722412e-01
-1.538309156894683838e-01
-3.777858018875122070e-01
-4.643667489290237427e-02
4.718805551528930664e-01
7.534126043319702148e-01
1.147763371467590332e+00
1.364108085632324219e+00
7.314116954803466797e-01
7.201975584030151367e-01
2.983464300632476807e-01
-1.051198989152908325e-01
-3.341564908623695374e-02
-1.929727494716644287e-01
-2.571864724159240723e-01
-2.444903254508972168e-01
-8.861126899719238281e-01
-1.830429434776306152e-01
-9.316665530204772949e-01
1.431582421064376831e-01
1.136181801557540894e-01
2.891248464584350586e-01
1.802967637777328491e-01
5.329275131225585938e-01
6.454439759254455566e-01
2.196955233812332153e-01
3.122332692146301270e-01
6.005334109067916870e-02
-1.124039739370346069e-01
-5.011243224143981934e-01
-5.097200870513916016e-01
-8.657631278038024902e-01
-6.524968147277832031e-01
-7.538750171661376953e-01
-4.182195961475372314e-01
-7.981469035148620605e-01
-2.426551282405853271e-01
-6.367412209510803223e-01
-2.616899907588958740e-01
-2.963137328624725342e-01
3.293426334857940674e-01
5.274459347128868103e-02
8.632295131683349609e-01
7.074640393257141113e-01
2.578182518482208252e-01
2.183582633733749390e-01
4.002599716186523438e-01
6.485310196876525879e-01
5.353338122367858887e-01
9.184870123863220215e-01
3.966196179389953613e-01
4.084660708904266357e-01
-1.650294214487075806e-01
3.734110621735453606e-03
-5.670175701379776001e-02
-1.439628899097442627e-01
-1.594164222478866577e-01
-1.551709026098251343e-01
-1.050747483968734741e-01
-2.428752332925796509e-01
-5.138277411460876465e-01
-3.279415667057037354e-01
-5.425394773483276367e-01
-6.849514842033386230e-01
-7.326202094554901123e-02
-5.505747795104980469e-01
1.216325834393501282e-01
-2.105882391333580017e-02
-2.526819407939910889e-01
-1.872427761554718018e-01
-2.685632705688476562e-01
1.819206327199935913e-01
2.374809682369232178e-01
4.000076651573181152e-01
6.057983040809631348e-01
4.506504237651824951e-01
3.761816322803497314e-01
8.178484439849853516e-02
2.460806071758270264e-01
-1.273181885480880737e-01
-4.890862852334976196e-03
-3.607982024550437927e-02
2.153775095939636230e-01
-5.640934780240058899e-02
6.763187050819396973e-02
-1.076492741703987122e-01
7.527632266283035278e-02
-2.280280739068984985e-01
-3.542128503322601318e-01
-4.386880695819854736e-01
4.329787567257881165e-02
-1.064077466726303101e-01
9.003110975027084351e-02
4.155034665018320084e-03
2.328954488039016724e-01
3.462200611829757690e-02
3.979879617691040039e-01
4.633553326129913330e-01
1.297033548355102539e+00
-3.205812722444534302e-02
3.414106070995330811e-01
-1.358993500471115112e-01
-8.728912472724914551e-02
-1.292478293180465698e-01
-4.980963468551635742e-01
-5.778459087014198303e-02
-5.066155195236206055e-01
-2.858803793787956238e-02
-3.028454184532165527e-01
5.920928716659545898e-01
-1.238969489932060242e-01
6.654807925224304199e-01
2.248391956090927124e-01
3.712596893310546875e-01
4.817309081554412842e-01
2.856895923614501953e-01
2.270632088184356689e-01
3.226895928382873535e-01
4.572507739067077637e-01
2.154749929904937744e-01
2.946948111057281494e-01
-1.181482747197151184e-01
-4.447969794273376465e-01
-1.758009195327758789e-01
-5.362296104431152344e-01
-1.139563471078872681e-01
-1.190064102411270142e-01
3.149340450763702393e-01
4.171396791934967041e-01
7.647122740745544434e-01
2.597639858722686768e-01
5.616409182548522949e-01
3.736526966094970703e-01
4.753200709819793701e-01
-5.661316961050033569e-02
2.499317228794097900e-01
-6.148670911788940430e-01
-1.554377675056457520e-01
-4.418627917766571045e-01
-5.424088835716247559e-01
-3.614027798175811768e-01
-4.751343131065368652e-01
-2.500145435333251953e-01
-1.130016371607780457e-01
-1.101302430033683777e-01
7.003867626190185547e-02
-1.314868628978729248e-01
1.652915626764297485e-01
-1.940854191780090332e-01
2.107733041048049927e-01
-2.398710250854492188e-01
1.993566304445266724e-01
4.852160438895225525e-02
3.528969287872314453e-01
-5.750523880124092102e-02
5.719885826110839844e-01
-8.410850539803504944e-03
1.285581141710281372e-01
-8.116761595010757446e-02
3.571233451366424561e-01
-2.027330100536346436e-01
2.858965694904327393e-01
-1.107338666915893555e-01
-4.311569035053253174e-02
-4.814152419567108154e-02
5.699865147471427917e-02
-4.248848930001258850e-02
-2.503919303417205811e-01
3.575896844267845154e-02
-1.802659183740615845e-01
1.991655528545379639e-01
-4.887392520904541016e-01
-3.398837894201278687e-02
-6.325320005416870117e-01
-1.470135748386383057e-01
-5.716480612754821777e-01
1.854891926050186157e-01
-3.044816851615905762e-01
3.048343956470489502e-01
1.626003682613372803e-01
2.371973395347595215e-01
5.030188560485839844e-01
2.452581673860549927e-01
3.100520968437194824e-01
6.401768326759338379e-01
2.616329789161682129e-01
6.495898962020874023e-01
1.925081610679626465e-01
5.744552016258239746e-01
6.475701928138732910e-02
4.473227858543395996e-01
1.795567125082015991e-01
1.341317892074584961e-01
1.417728513479232788e-01
-3.576667010784149170e-01
-2.267090231180191040e-01
-6.530468463897705078e-01
-3.441913127899169922e-01
-4.212838113307952881e-01
-1.509472280740737915e-01
-2.317758835852146149e-02
-1.608115434646606445e-01
-3.190121054649353027e-01
-1.422692239284515381e-01
7.970929145812988281e-04
-1.259410381317138672e-01
1.047057285904884338e-01
-1.115773841738700867e-01
6.209998205304145813e-02
1.667928397655487061e-01
-1.965882182121276855e-01
3.998983800411224365e-01
6.433395743370056152e-01
5.973591208457946777e-01
8.040118813514709473e-01
6.802360415458679199e-01
6.956624388694763184e-01
5.084872245788574219e-01
1.982674598693847656e-01
3.784014284610748291e-01
6.324624270200729370e-02
1.455911844968795776e-01
-4.267233908176422119e-01
-3.417986333370208740e-01
-5.947414040565490723e-01
-4.909204542636871338e-01
-5.878171324729919434e-01
-4.886112213134765625e-01
-6.947919130325317383e-01
-3.901941478252410889e-01
-6.864174604415893555e-01
-1.688457429409027100e-01
-3.475707173347473145e-01
1.900777518749237061e-01
-8.902182430028915405e-02
3.453162610530853271e-01
4.498383104801177979e-01
3.914680182933807373e-01
3.640262186527252197e-01
4.375766515731811523e-01
5.895139575004577637e-01
3.761567771434783936e-01
1.486732512712478638e-01
-9.102427214384078979e-02
-3.595492839813232422e-01
-3.303620815277099609e-01
-4.693679809570312500e-01
-4.368588030338287354e-01
-3.185035288333892822e-01
-5.648854970932006836e-01
-5.096395611763000488e-01
-2.740480899810791016e-01
-3.245286941528320312e-01
1.646378040313720703e-01
1.464293599128723145e-01
9.151484966278076172e-01
3.216085135936737061e-01
7.319298386573791504e-01
3.575045466423034668e-01
4.584906101226806641e-01
-9.070016443729400635e-02
4.025495648384094238e-01
-5.872867703437805176e-01
1.975204944610595703e-01
-3.272980749607086182e-01
3.663237094879150391e-01
-3.942724466323852539e-01
1.701477915048599243e-01
-2.458308488130569458e-01
1.167738959193229675e-01
-4.127606377005577087e-02
2.482479959726333618e-01
-7.760739326477050781e-02
3.475252091884613037e-01
-4.392161592841148376e-02
3.339143395423889160e-01
3.662769496440887451e-02
4.939758181571960449e-01
4.339535534381866455e-01
6.987431049346923828e-01
3.709185123443603516e-01
1.740060299634933472e-01
3.638814389705657959e-02
1.625773459672927856e-01
-3.484526574611663818e-01
1.785644292831420898e-01
-3.057267963886260986e-01
6.442735195159912109e-01
-1.487397551536560059e-01
1.270413517951965332e+00
-1.747317910194396973e-01
3.453280925750732422e-01
-3.454782366752624512e-01
-2.495910376310348511e-01
-5.694516301155090332e-01
-3.352712392807006836e-01
-8.028391599655151367e-01
-4.126027524471282959e-01
-4.606498479843139648e-01
-5.858489871025085449e-01
-3.357544541358947754e-01
3.594309091567993164e-02
-3.677182495594024658e-01
4.273747503757476807e-01
-2.167204767465591431e-01
2.286726087331771851e-01
-1.542733311653137207e-01
-1.111848577857017517e-01
-7.278580218553543091e-02
-1.003604903817176819e-01
3.124473690986633301e-01
1.461389213800430298e-01
5.825536847114562988e-01
1.432656943798065186e-01
3.725551664829254150e-01
4.317024946212768555e-01
4.254861474037170410e-01
1.902672499418258667e-01
7.768132537603378296e-02
1.897685416042804718e-02
4.091511946171522141e-04
-1.390396617352962494e-02
7.275249063968658447e-02
-3.868349790573120117e-01
-6.869902461767196655e-02
-3.109007775783538818e-01
-1.638465076684951782e-01
-4.381273090839385986e-01
-5.482023581862449646e-02
-1.637786030769348145e-01
1.958637870848178864e-02
1.647699773311614990e-01
-6.080342084169387817e-02
4.387357532978057861e-01
6.877320408821105957e-01
4.052495360374450684e-01
4.667621105909347534e-02
2.528893053531646729e-01
1.086427643895149231e-01
3.347742557525634766e-01
-1.734839975833892822e-01
-5.419450998306274414e-02
-1.487978100776672363e-01
-5.465519428253173828e-02
-7.563338428735733032e-02
1.851908266544342041e-01
3.742644488811492920e-01
3.858199417591094971e-01
-3.399505838751792908e-02
3.210354447364807129e-01
1.201564213261008263e-03
8.431182801723480225e-02
-3.059109449386596680e-01
1.066519543528556824e-01
2.895497977733612061e-01
1.954713165760040283e-01
1.444355696439743042e-01
-1.350905299186706543e-01
2.027193456888198853e-01
-2.365844100713729858e-01
1.733082085847854614e-01
-5.797398090362548828e-02
-2.676630020141601562e-01
-6.375358104705810547e-01
-3.634585738182067871e-01
-6.316881179809570312e-01
5.744909048080444336e-01
7.335824519395828247e-02
3.869374692440032959e-01
1.468019932508468628e-02
5.214562639594078064e-02
3.007835745811462402e-01
1.071794107556343079e-01
3.448206186294555664e-01
