-3.334434032440185547e-01
-5.708546042442321777e-01
1.337569057941436768e-01
-6.046378239989280701e-02
5.550234578549861908e-03
4.209989905357360840e-01
-1.960473209619522095e-01
3.227536976337432861e-01
3.355393409729003906e-01
1.865421384572982788e-01
-3.661023974418640137e-01
3.866210281848907471e-01
-5.828379988670349121e-01
1.197016015648841858e-01
-3.038335740566253662e-01
-1.563785672187805176e-01
-4.843480288982391357e-01
9.209647774696350098e-02
-1.131470650434494019e-01
-3.590035811066627502e-02
-5.857204794883728027e-01
-6.024264693260192871e-01
-3.085345327854156494e-01
-5.837265849113464355e-01
-3.768607676029205322e-01
7.825958728790283203e-01
-1.091028571128845215e+00
4.528718888759613037e-01
-3.900180011987686157e-02
1.330641031265258789e+00
7.525093555450439453e-01
1.268429458141326904e-01
-6.731119751930236816e-01
8.418781161308288574e-01
-1.059628605842590332e+00
1.119337677955627441e+00
-8.525215387344360352e-01
-6.852520257234573364e-02
-7.552812695503234863e-01
-2.006625384092330933e-01
-1.163463473320007324e+00
-5.559709668159484863e-01
-5.892198085784912109e-01
3.631229698657989502e-01
2.320406138896942139e-01
7.859662175178527832e-01
1.878459900617599487e-01
6.550887972116470337e-02
-1.044997930526733398e+00
7.555760741233825684e-01
1.116214871406555176e+00
9.544370174407958984e-01
8.419460058212280273e-01
1.034243181347846985e-01
6.966786980628967285e-01
-6.068993210792541504e-01
-4.144836068153381348e-01
-5.569225549697875977e-01
-1.851725935935974121e+00
-9.225274324417114258e-01
-8.977337479591369629e-01
-6.126970648765563965e-01
-7.037832140922546387e-01
4.586869850754737854e-03
-6.373136639595031738e-01
7.620108723640441895e-01
3.512826561927795410e-01
9.207966327667236328e-01
-1.638584583997726440e-02
1.254953622817993164e+00
7.040082216262817383e-01
8.418629765510559082e-01
-8.369015902280807495e-02
1.270179271697998047e+00
-3.479510545730590820e-01
1.440145671367645264e-01
6.987079232931137085e-02
-9.865572452545166016e-01
3.503540158271789551e-01
6.008552312850952148e-01
-5.006927847862243652e-01
3.063374198973178864e-03
-2.804232202470302582e-02
-1.008139178156852722e-01
-5.267622470855712891e-01
-1.827020496129989624e-01
-1.267376899719238281e+00
-5.552947521209716797e-01
-1.452843785285949707e+00
-9.705311059951782227e-01
-7.298798561096191406e-01
4.428771138191223145e-02
-8.959037661552429199e-01
3.241265714168548584e-01
6.270568966865539551e-01
5.759891867637634277e-01
-2.948909997940063477e-01
6.791151165962219238e-01
1.229676976799964905e-01
-5.940538644790649414e-01
-5.919150114059448242e-01
4.394567385315895081e-02
4.211470484733581543e-01
-6.701699458062648773e-03
-2.090918272733688354e-01
8.138862252235412598e-01
6.260734796524047852e-01
-1.899608820676803589e-01
1.682783484458923340e+00
-2.858704924583435059e-01
1.986474394798278809e+00
6.044481396675109863e-01
1.632996201515197754e+00
-6.777007579803466797e-01
4.180329442024230957e-01
1.806473135948181152e-01
-7.167643308639526367e-01
-2.058661460876464844e+00
-6.783235073089599609e-01
-9.329003691673278809e-01
-2.604440450668334961e-01
-5.752633810043334961e-01
6.420841217041015625e-01
1.551887840032577515e-01
-6.255044937133789062e-01
3.081196248531341553e-01
-7.952140569686889648e-01
3.665803074836730957e-01
4.497999548912048340e-01
7.873807847499847412e-02
-6.914980411529541016e-01
-3.862256407737731934e-01
-7.218369245529174805e-01
9.565466642379760742e-02
-3.756991922855377197e-01
1.956363320350646973e-01
-9.712465405464172363e-01
-2.199831791222095490e-02
-4.385040402412414551e-01
-1.897431015968322754e-01
2.017213702201843262e-01
6.529920697212219238e-01
2.373874038457870483e-01
1.001173615455627441e+00
1.562857180833816528e-01
2.135358899831771851e-01
5.013727545738220215e-01
4.170715510845184326e-01
1.397632956504821777e+00
3.344810903072357178e-01
2.543585896492004395e-01
-6.883911043405532837e-02
-5.254201292991638184e-01
-1.205941587686538696e-01
-7.947608232498168945e-01
-9.473018050193786621e-01
-7.453404664993286133e-01
7.185550034046173096e-02
-2.016819268465042114e-01
1.944310814142227173e-01
-1.829187422990798950e-01
-3.866360485553741455e-01
-9.492909908294677734e-02
-3.263761997222900391e-01
-4.706153869628906250e-01
-3.284207582473754883e-01
-7.921808362007141113e-01
7.539122700691223145e-01
4.540022909641265869e-01
2.251421809196472168e-01
-5.275887250900268555e-02
2.764683961868286133e-01
1.182191073894500732e-01
-1.179479900747537613e-02
6.666787862777709961e-01
-3.630596399307250977e-02
5.304474830627441406e-01
-1.027171611785888672e+00
1.018990635871887207e+00
-1.275035738945007324e+00
1.115518212318420410e+00
-8.219184726476669312e-02
1.223403453826904297e+00
-4.296867251396179199e-01
3.532578349113464355e-01
3.403270989656448364e-02
-2.200108468532562256e-01
1.670660451054573059e-02
-2.280565798282623291e-01
-3.558440506458282471e-01
-3.537579476833343506e-01
2.925065159797668457e-01
-1.099814921617507935e-01
9.305973071604967117e-04
-4.995011687278747559e-01
-4.360893368721008301e-01
-9.765405058860778809e-01
-2.286445721983909607e-02
-2.923669338226318359e+00
-2.057604342699050903e-01
7.162169218063354492e-01
-1.026204228401184082e+00
2.241532802581787109e-01
-1.691768020391464233e-01
2.064052373170852661e-01
4.269357919692993164e-01
4.384861886501312256e-01
-1.625627875328063965e-01
-1.128966808319091797e-01
-3.252803087234497070e-01
2.915137410163879395e-01
-2.981058321893215179e-02
6.760291457176208496e-01
9.020900726318359375e-01
2.608207464218139648e-01
-7.813532352447509766e-01
-2.222823053598403931e-01
-6.750737875699996948e-02
-3.942259550094604492e-01
9.724112749099731445e-01
-5.032744407653808594e-01
-4.108529388904571533e-01
3.135597109794616699e-01
4.594164192676544189e-01
1.586312651634216309e-01
8.811126947402954102e-01
2.741544842720031738e-01
-5.713857412338256836e-01
-1.535584181547164917e-01
-3.342618346214294434e-01
-5.563930273056030273e-01
-7.681769132614135742e-01
2.190394848585128784e-01
-6.053897142410278320e-01
-6.970273852348327637e-01
-1.021988153457641602e+00
2.448129951953887939e-01
-4.142044484615325928e-01
1.873835772275924683e-01
3.957783058285713196e-02
-3.014491200447082520e-01
6.975620388984680176e-01
-4.033055901527404785e-01
6.537095308303833008e-01
-4.302770197391510010e-01
5.634460449218750000e-01
-9.129338264465332031e-01
-1.245041862130165100e-01
-5.547643899917602539e-01
-6.075319647789001465e-02
1.026304215192794800e-01
-1.945923566818237305e-01
1.193215370178222656e+00
-6.689402461051940918e-01
1.006454378366470337e-01
-1.359529018402099609e+00
-7.040141820907592773e-01
2.968686521053314209e-01
-4.032568037509918213e-01
4.266846179962158203e-02
-4.293287396430969238e-01
9.942254424095153809e-02
-6.331496238708496094e-01
-3.913914263248443604e-01
3.899794444441795349e-02
1.641802862286567688e-02
6.641550660133361816e-01
5.224642753601074219e-01
1.406003385782241821e-01
-1.733925938606262207e-01
-2.442103326320648193e-01
-1.099158525466918945e-01
-7.614533901214599609e-01
-7.786592841148376465e-01
-7.283223271369934082e-01
-3.786405622959136963e-01
7.619616985321044922e-01
3.543755114078521729e-01
6.964905858039855957e-01
7.903353571891784668e-01
1.021317690610885620e-01
5.613452792167663574e-01
-6.347438693046569824e-01
8.879300355911254883e-01
2.223136723041534424e-01
5.936156213283538818e-02
-9.528260827064514160e-01
-2.971367239952087402e-01
-2.064595371484756470e-01
-3.272645175457000732e-01
-3.051796555519104004e-01
-4.225542545318603516e-01
-1.046506762504577637e+00
9.106541275978088379e-01
-1.180230826139450073e-01
-7.400092482566833496e-02
-1.344210058450698853e-01
1.316967699676752090e-02
-5.502474308013916016e-01
2.869206666946411133e-01
8.882977962493896484e-01
-1.445322763174772263e-02
-3.125708699226379395e-01
-8.375495672225952148e-01
-1.766435027122497559e+00
-8.917044997215270996e-01
-1.833506524562835693e-01
3.528553247451782227e-01
1.090097546577453613e+00
7.798534631729125977e-02
6.628617644309997559e-01
-6.461276113986968994e-02
-5.340523123741149902e-01
-5.730885267257690430e-01
-2.731412053108215332e-01
-4.836131334304809570e-01
-1.238906234502792358e-01
7.174416780471801758e-01
-6.354816555976867676e-01
3.910658359527587891e-01
3.224171325564384460e-02
-2.722305953502655029e-01
-6.012212038040161133e-01
-5.345036983489990234e-01
9.800330549478530884e-02
-5.924403071403503418e-01
1.010115742683410645e+00
-3.800619840621948242e-01
-1.517963558435440063e-01
1.748889833688735962e-01
-4.805914312601089478e-02
8.344081044197082520e-01
-6.832404732704162598e-01
4.394631683826446533e-01
-1.569350361824035645e-01
3.168202042579650879e-01
-1.288704127073287964e-01
1.369088292121887207e+00
-5.302946567535400391e-01
-6.885554194450378418e-01
-1.414927840232849121e+00
-6.937994956970214844e-01
-1.344951868057250977e+00
-6.227421164512634277e-01
9.115092754364013672e-01
2.857073843479156494e-01
-9.073158353567123413e-02
-3.550201952457427979e-01
-1.137034654617309570e+00
-1.854197263717651367e+00
-3.219467103481292725e-01
8.170931339263916016e-01
-6.783773303031921387e-01
1.225885391235351562e+00
-1.523671150207519531e-01
1.151788830757141113e+00
1.301085114479064941e+00
2.182377874851226807e-01
4.157720804214477539e-01
-1.494888812303543091e-01
-8.892372846603393555e-01
1.310217231512069702e-01
-3.819486498832702637e-01
-7.815920114517211914e-01
-4.421454854309558868e-03
4.407121241092681885e-01
-2.495187222957611084e-01
1.091899052262306213e-01
4.817061722278594971e-01
-1.853555291891098022e-01
-1.543128490447998047e-01
-7.869076132774353027e-01
-1.363431010395288467e-02
1.870187222957611084e-01
5.343940109014511108e-03
1.752687692642211914e-01
3.355492651462554932e-01
1.591805964708328247e-01
5.127501487731933594e-01
1.055461689829826355e-01
2.002428844571113586e-02
4.630173146724700928e-01
6.153290271759033203e-01
-3.743045032024383545e-01
1.345812380313873291e-01
-2.240461856126785278e-01
-3.333867192268371582e-01
-6.778437495231628418e-01
1.025872588157653809e+00
1.567913442850112915e-01
3.457961082458496094e-01
-6.380361914634704590e-01
-8.445388674736022949e-01
5.106354355812072754e-01
-9.663298130035400391e-01
-1.076579745858907700e-02
-2.362241148948669434e-01
2.544210255146026611e-01
-4.478980302810668945e-01
5.350745916366577148e-01
-5.879594683647155762e-01
-7.698250934481620789e-03
-4.507122635841369629e-01
6.453785896301269531e-01
3.511516153812408447e-01
-3.015730381011962891e-01
-1.369642853736877441e+00
-8.462730646133422852e-01
-8.494153618812561035e-01
2.675429731607437134e-02
-2.237117052078247070e+00
-5.613506436347961426e-01
8.185300827026367188e-01
4.931773543357849121e-01
6.061423420906066895e-01
-2.760459780693054199e-01
2.043157219886779785e-01
-4.970679879188537598e-01
3.775241971015930176e-02
-5.616704821586608887e-01
1.364145725965499878e-01
3.164116144180297852e-01
-9.499749541282653809e-02
5.067234635353088379e-01
-2.574494779109954834e-01
7.557824850082397461e-01
-8.636468052864074707e-01
7.879205942153930664e-01
-1.241537854075431824e-01
2.306277304887771606e-01
-6.957644224166870117e-01
-2.429107762873172760e-02
6.683330051600933075e-03
3.618682920932769775e-02
-7.683742046356201172e-01
-9.272655248641967773e-01
-6.234489083290100098e-01
5.309743285179138184e-01
5.395273566246032715e-01
1.168810486793518066e+00
-2.100246995687484741e-01
6.551834940910339355e-01
-4.048334956169128418e-01
4.341917634010314941e-01
8.204231262207031250e-01
-8.062903881072998047e-01
4.223937690258026123e-01
-7.119907140731811523e-01
-2.018757611513137817e-01
-8.714962601661682129e-01
2.730080112814903259e-02
-5.573193430900573730e-01
-3.748959600925445557e-01
-2.448436766862869263e-01
-4.285312592983245850e-01
-2.283550798892974854e-01
1.856095790863037109e-01
1.362774372100830078e-01
1.258210778236389160e+00
-1.539398282766342163e-01
4.357434511184692383e-01
-4.240944385528564453e-01
9.238670766353607178e-02
-5.742445588111877441e-02
2.751861214637756348e-01
-8.941681683063507080e-02
-7.689275592565536499e-02
-4.611754789948463440e-03
-4.980247616767883301e-01
7.362719178199768066e-01
2.737667970359325409e-02
-5.605333447456359863e-01
4.689603149890899658e-01
-3.861915767192840576e-01
-1.381944775581359863e+00
-1.093161582946777344e+00
-3.297904431819915771e-01
8.780482411384582520e-02
5.161915346980094910e-02
3.854496777057647705e-01
3.415758311748504639e-01
-8.003353327512741089e-02
-3.477627784013748169e-02
-6.855328083038330078e-01
1.477767974138259888e-01
2.677128314971923828e-01
-4.845381379127502441e-01
6.779665946960449219e-01
-2.596343755722045898e-01
5.742415785789489746e-02
4.385453760623931885e-01
-3.083182275295257568e-01
1.665592908859252930e+00
2.915035933256149292e-02
1.130587339401245117e+00
-7.769795060157775879e-01
9.664366841316223145e-01
-8.400491476058959961e-01
-1.437764763832092285e+00
-7.885621190071105957e-01
-7.762218117713928223e-01
-7.506862282752990723e-01
1.092681050300598145e+00
-2.289953678846359253e-01
5.534459948539733887e-01
7.571072578430175781e-01
2.366482019424438477e-01
-1.218983978033065796e-01
-7.594349980354309082e-01
1.292852163314819336e-01
-1.235064640641212463e-01
-3.085525035858154297e-01
3.424409329891204834e-01
