8.239825367927551270e-01
-9.591117501258850098e-02
-5.385422706604003906e-02
-2.337230890989303589e-01
9.661633521318435669e-02
2.173919677734375000e-01
2.274133414030075073e-01
2.068576067686080933e-01
-7.469736933708190918e-01
-7.001870274543762207e-01
-7.035185098648071289e-01
-4.156730771064758301e-01
-2.125229984521865845e-01
3.329617977142333984e-01
5.757597684860229492e-01
1.035372376441955566e+00
1.617806673049926758e+00
9.621889591217041016e-01
3.253278493881225586e+00
-7.648239135742187500e-01
1.385901570320129395e+00
-6.850912570953369141e-01
-1.390335857868194580e-01
-6.513276696205139160e-01
-1.775576770305633545e-01
-2.931452393531799316e-01
-1.920393705368041992e-01
-5.796351432800292969e-01
-3.921137750148773193e-01
4.526481926441192627e-01
-9.253689646720886230e-01
6.101034879684448242e-01
-2.986793220043182373e-01
4.042496979236602783e-01
-2.828870415687561035e-01
1.702785491943359375e-01
6.302860975265502930e-01
2.957408726215362549e-01
9.277626872062683105e-01
1.814656704664230347e-02
4.706876873970031738e-01
4.317001402378082275e-01
-9.413626194000244141e-01
-5.794999599456787109e-01
-1.342921406030654907e-01
-3.227989971637725830e-01
5.467571020126342773e-01
4.817981719970703125e-01
7.978993654251098633e-01
1.320171236991882324e+00
1.604359030723571777e+00
-1.416336651891469955e-02
1.043408632278442383e+00
8.174521476030349731e-02
-6.870898008346557617e-01
-4.691535606980323792e-02
-4.722696542739868164e-01
3.198240697383880615e-01
-4.709675163030624390e-02
5.743441581726074219e-01
-4.004975557327270508e-01
-3.194189965724945068e-01
-2.891640365123748779e-01
-4.914702475070953369e-01
-2.318181395530700684e-01
1.837548911571502686e-01
-9.140849113464355469e-01
3.065483830869197845e-02
-2.481143921613693237e-01
-2.749789506196975708e-02
-1.429775059223175049e-01
6.885208934545516968e-02
1.716250628232955933e-01
2.535638809204101562e-01
3.807452917098999023e-01
5.491139292716979980e-01
9.004872292280197144e-02
6.499911546707153320e-01
2.624515211209654808e-03
2.056630104780197144e-01
-1.523284614086151123e-01
3.146105110645294189e-01
-1.354330033063888550e-01
7.473990321159362793e-02
1.392968464642763138e-02
6.405027508735656738e-01
7.990437150001525879e-01
6.958068609237670898e-01
1.533808857202529907e-01
5.824503898620605469e-01
4.241822659969329834e-01
7.758300900459289551e-01
4.866475760936737061e-01
-5.782780647277832031e-01
2.058634161949157715e-01
-4.482160806655883789e-01
-4.807853400707244873e-01
-6.723001003265380859e-01
-5.546556711196899414e-01
-6.430659890174865723e-01
3.213548064231872559e-01
7.757880538702011108e-02
-3.494150042533874512e-01
-4.864108860492706299e-01
5.928046107292175293e-01
-5.396655201911926270e-01
6.431899666786193848e-01
-5.569963902235031128e-02
3.962633311748504639e-01
2.467736750841140747e-01
-1.427522301673889160e-01
-4.150370657444000244e-01
-3.111651241779327393e-01
5.966430902481079102e-02
-2.383915632963180542e-01
-3.079339265823364258e-01
-3.893508017063140869e-01
-4.715228080749511719e-01
-1.198977418243885040e-02
-5.544374585151672363e-01
7.716917395591735840e-01
3.650341928005218506e-01
6.964229345321655273e-01
3.986937701702117920e-01
2.607975602149963379e-01
5.104819536209106445e-01
8.360190987586975098e-01
2.165908366441726685e-01
1.033501148223876953e+00
1.931169480085372925e-01
8.987638950347900391e-01
3.607718050479888916e-01
-3.483271002769470215e-01
2.267398089170455933e-01
-1.095083713531494141e+00
2.609147429466247559e-01
-7.572778463363647461e-01
-3.914559781551361084e-01
5.614820718765258789e-01
-7.969245314598083496e-01
-2.766280174255371094e-01
7.666682451963424683e-02
-3.772735297679901123e-01
-6.799096465110778809e-01
-8.124306797981262207e-01
-2.341313511133193970e-01
5.019793286919593811e-02
2.078006416559219360e-01
2.381924241781234741e-01
1.134788036346435547e+00
2.903235554695129395e-01
9.300590157508850098e-01
7.394787669181823730e-01
5.551013946533203125e-01
4.838574230670928955e-01
4.644206166267395020e-01
2.186380773782730103e-01
3.979833424091339111e-01
-4.256937801837921143e-01
-1.732439920306205750e-02
3.789311945438385010e-01
-5.282062292098999023e-01
6.170011311769485474e-02
-7.117840647697448730e-01
-3.392277657985687256e-01
-6.126762628555297852e-01
-8.928636908531188965e-01
-3.491587042808532715e-01
-2.897824645042419434e-01
-5.344455838203430176e-01
7.533665746450424194e-03
-1.557438522577285767e-01
4.780842959880828857e-01
-2.630234658718109131e-01
-4.580673947930335999e-02
-4.824194312095642090e-01
2.999651134014129639e-01
1.122746989130973816e-01
7.330041527748107910e-01
8.078619241714477539e-01
4.647740721702575684e-02
1.582610607147216797e-01
-5.588567852973937988e-01
-1.045237630605697632e-01
-2.873207330703735352e-01
-8.488573133945465088e-02
1.443117707967758179e-01
7.933426648378372192e-02
-5.474910140037536621e-01
3.099889457225799561e-01
-3.130843639373779297e-01
1.327291578054428101e-01
-3.109377808868885040e-03
6.303598880767822266e-01
6.955043226480484009e-02
-2.805756628513336182e-01
5.229614377021789551e-01
-9.138819575309753418e-01
1.531872600317001343e-01
-4.141477942466735840e-01
4.704414904117584229e-01
1.985668689012527466e-01
3.792606890201568604e-01
6.352296471595764160e-01
7.143498659133911133e-01
6.378065943717956543e-01
1.273967027664184570e-01
2.744871191680431366e-02
-4.439743161201477051e-01
-2.623579502105712891e-01
-1.647634983062744141e+00
4.752028882503509521e-01
-1.387620210647583008e+00
1.858945041894912720e-01
9.143435955047607422e-01
-2.593035399913787842e-01
1.374449729919433594e+00
1.108998507261276245e-01
6.734405755996704102e-01
3.149211406707763672e-01
7.993218302726745605e-01
-2.308043390512466431e-01
7.669451236724853516e-01
-1.626815460622310638e-02
2.567783594131469727e-01
-1.902733594179153442e-01
1.027287364006042480e+00
-1.696218550205230713e-01
5.770314931869506836e-01
-2.320071607828140259e-01
-7.719997167587280273e-01
-9.017342329025268555e-01
-1.082365155220031738e+00
-6.232432126998901367e-01
-1.374170780181884766e-01
-1.050575077533721924e-01
2.883383631706237793e-01
5.214561820030212402e-01
8.822675049304962158e-02
8.967702388763427734e-01
6.610819101333618164e-01
1.271979957818984985e-01
-4.775006175041198730e-01
6.355621814727783203e-01
2.284698337316513062e-01
2.600867509841918945e+00
6.269942969083786011e-02
2.095349729061126709e-01
4.494258463382720947e-01
1.986815184354782104e-01
7.726565003395080566e-01
-9.895335882902145386e-02
9.644541144371032715e-01
3.548199236392974854e-01
5.822464823722839355e-01
5.196982026100158691e-01
9.012459516525268555e-01
-1.693250983953475952e-01
2.368713617324829102e-01
-8.335771560668945312e-01
-8.465446233749389648e-01
-2.351973205804824829e-01
5.801595747470855713e-02
1.471158564090728760e-01
3.359800577163696289e-01
2.473465800285339355e-01
3.388979732990264893e-01
6.190175935626029968e-02
-2.805613875389099121e-01
1.674014478921890259e-01
-2.896149456501007080e-01
-3.535306751728057861e-01
-7.507612705230712891e-01
5.056205391883850098e-01
2.785080075263977051e-01
6.379877328872680664e-01
1.589061170816421509e-01
2.697616815567016602e-01
3.314024582505226135e-02
4.458515942096710205e-01
4.826593101024627686e-01
4.190286695957183838e-01
-9.646803885698318481e-02
-1.561644673347473145e-01
-5.739501714706420898e-01
-4.787877202033996582e-01
3.028725385665893555e-01
-5.913721323013305664e-01
-6.032755374908447266e-01
-6.182229518890380859e-01
-5.987580865621566772e-02
7.677625417709350586e-01
4.913676381111145020e-01
1.856875538825988770e+00
-4.469351768493652344e-01
1.295301795005798340e+00
-2.188514769077301025e-01
7.980511188507080078e-01
-2.729688771069049835e-02
5.363448262214660645e-01
9.810610115528106689e-02
2.512006461620330811e-01
-3.897685706615447998e-01
5.176500678062438965e-01
6.668676435947418213e-02
1.274997889995574951e-01
-2.489503771066665649e-01
7.916777729988098145e-01
-8.878493309020996094e-01
4.759477674961090088e-01
-1.394421756267547607e-01
1.154431030154228210e-01
-6.337270885705947876e-02
-6.999767571687698364e-02
-3.573242947459220886e-02
3.224103450775146484e-01
-1.094108700752258301e+00
1.339080333709716797e-01
-4.500623792409896851e-02
-5.163594707846641541e-02
-1.394958794116973877e-01
-1.130855362862348557e-02
4.889087975025177002e-01
1.107382997870445251e-01
2.479559630155563354e-01
5.248947143554687500e-01
5.854780673980712891e-01
7.813407778739929199e-01
-3.808068633079528809e-01
2.273550480604171753e-01
2.771027088165283203e-01
-4.794945120811462402e-01
1.058129128068685532e-03
-3.268780112266540527e-01
3.002417981624603271e-01
1.169659867882728577e-01
9.628966450691223145e-01
5.509424209594726562e-01
6.311669349670410156e-01
-2.744005620479583740e-01
-7.068607211112976074e-02
-3.233385980129241943e-01
1.842467546463012695e+00
-1.765693426132202148e+00
1.784536123275756836e+00
-2.011364698410034180e+00
8.305417299270629883e-01
-6.104621887207031250e-01
7.380982041358947754e-01
-2.720208093523979187e-02
2.410558611154556274e-01
1.153814792633056641e+00
-1.303844094276428223e+00
1.401556611061096191e+00
-1.065738797187805176e+00
-4.515603184700012207e-01
1.064266487956047058e-01
-1.810953319072723389e-01
-3.847821056842803955e-01
6.394465565681457520e-01
2.927604019641876221e-01
-6.821543909609317780e-03
-3.086144290864467621e-02
2.171085923910140991e-01
-2.326542139053344727e-01
1.215209603309631348e+00
-8.641350865364074707e-01
7.991364002227783203e-01
-9.679446220397949219e-01
6.260938942432403564e-02
-4.045405238866806030e-02
-6.195701360702514648e-01
1.033133625984191895e+00
-6.251997947692871094e-01
8.603324294090270996e-01
-1.015231981873512268e-01
8.344026803970336914e-01
-1.730894297361373901e-01
5.321232080459594727e-01
5.204903483390808105e-01
5.777645707130432129e-01
1.559212654829025269e-01
-3.536733239889144897e-02
-8.021604418754577637e-01
-2.982014119625091553e-01
-8.314467072486877441e-01
-6.487056612968444824e-01
-8.021689057350158691e-01
-5.140620470046997070e-01
-4.050559699535369873e-01
-5.303769111633300781e-01
3.074965439736843109e-02
-3.501392900943756104e-01
1.053466200828552246e+00
1.463074237108230591e-01
-1.067284960299730301e-02
4.379285573959350586e-01
1.412918269634246826e-01
7.330058217048645020e-01
7.384296655654907227e-01
9.969604611396789551e-01
5.988525599241256714e-02
3.702086508274078369e-01
1.973880410194396973e+00
3.061766028404235840e-01
4.238289594650268555e-01
-4.084865152835845947e-01
-5.523041486740112305e-01
-5.560185313224792480e-01
-2.397546023130416870e-01
-4.622817933559417725e-01
1.402760893106460571e-01
-1.137613877654075623e-01
1.085133433341979980e+00
-9.305631518363952637e-01
9.557096958160400391e-01
6.419814229011535645e-01
2.260658502578735352e+00
8.072476387023925781e-01
7.973552346229553223e-01
6.856934428215026855e-01
1.578804850578308105e+00
2.667226791381835938e-01
-1.969571113586425781e-01
-7.386735677719116211e-01
-4.914668500423431396e-01
-1.011877894401550293e+00
-3.689641952514648438e-01
-8.006123304367065430e-01
-4.363886713981628418e-01
-4.877074062824249268e-01
-7.152497768402099609e-01
1.734571158885955811e-02
4.915567636489868164e-01
2.111418358981609344e-02
6.668301224708557129e-01
4.176114797592163086e-01
8.088581562042236328e-01
5.802345275878906250e-01
1.273023009300231934e+00
3.069912195205688477e-01
8.657022714614868164e-01
1.282096952199935913e-01
-1.546486914157867432e-01
6.536175608634948730e-01
-3.102007806301116943e-01
1.141512274742126465e+00
-4.883142411708831787e-01
1.737378984689712524e-01
-1.347143530845642090e+00
-1.823959499597549438e-01
-8.024972081184387207e-01
-8.595709204673767090e-01
-8.044170588254928589e-02
2.201831489801406860e-01
-7.773889601230621338e-02
3.876047730445861816e-01
2.483027875423431396e-01
6.679978370666503906e-01
5.496569275856018066e-01
7.426122426986694336e-01
8.498995900154113770e-01
9.447143077850341797e-01
6.097109913825988770e-01
6.846428513526916504e-01
1.336248874664306641e+00
4.627343267202377319e-02
-1.239077806472778320e+00
-3.721800073981285095e-02
2.244712114334106445e-01
6.771343350410461426e-01
3.262117803096771240e-01
4.677756428718566895e-01
-9.887307137250900269e-02
-5.131008625030517578e-01
-5.509172677993774414e-01
-4.220815598964691162e-01
2.710541710257530212e-02
-2.226186245679855347e-01
2.564799785614013672e-01
7.513143420219421387e-01
-1.907378584146499634e-01
-7.141267508268356323e-02
3.704444691538810730e-02
-1.246528387069702148e+00
-4.956459403038024902e-01
-1.211056351661682129e+00
-4.411733243614435196e-03
-4.072609543800354004e-01
3.259318470954895020e-01
6.796728819608688354e-03
-2.833716012537479401e-02
4.142314195632934570e-01
3.305936157703399658e-01
8.928965926170349121e-01
3.591596782207489014e-01
2.261895686388015747e-01
4.207993745803833008e-01
2.198977582156658173e-02
5.658092498779296875e-01
4.376220703125000000e-01
-1.258564144372940063e-01
2.781065106391906738e-01
-4.366316199302673340e-01
4.669992029666900635e-01
3.931944370269775391e-01
5.762918591499328613e-01
-1.185540854930877686e-01
-4.479629397392272949e-01
-4.134939610958099365e-01
2.023826837539672852e-01
-1.283896565437316895e-01
4.098098576068878174e-01
