3.347812592983245850e-01
1.320384591817855835e-01
7.014216780662536621e-01
9.130275845527648926e-01
6.527742743492126465e-01
8.532758355140686035e-01
3.962737321853637695e-01
1.713103502988815308e-01
-5.174350738525390625e-01
5.155066251754760742e-01
-3.419059813022613525e-01
5.943053364753723145e-01
-1.226190447807312012e+00
7.637107372283935547e-02
-1.260735273361206055e+00
7.608298063278198242e-01
-1.706039071083068848e+00
1.085807681083679199e+00
-6.515171527862548828e-01
7.781635522842407227e-01
-8.075861334800720215e-01
-1.151883244514465332e+00
-1.068934321403503418e+00
-1.819786906242370605e+00
-1.196915030479431152e+00
7.846146821975708008e-01
-6.387623399496078491e-02
1.389925479888916016e-01
1.006428077816963196e-01
-3.748558759689331055e-01
-2.232195883989334106e-01
-2.602502405643463135e-01
-2.855757772922515869e-01
6.601212620735168457e-01
2.312228530645370483e-01
2.788404524326324463e-01
3.789178729057312012e-01
-2.896437942981719971e-01
2.111005336046218872e-01
-3.846265375614166260e-01
7.338246107101440430e-01
-6.799728870391845703e-01
4.653197824954986572e-01
-4.025991857051849365e-01
1.335750818252563477e-01
-6.762406975030899048e-02
-1.825601160526275635e-01
-5.706222727894783020e-02
-7.270974516868591309e-01
-4.535818994045257568e-01
-5.584413930773735046e-02
-8.083387017250061035e-01
-6.279056668281555176e-01
-4.636134207248687744e-01
-5.830393433570861816e-01
-4.619896411895751953e-01
-1.099963903427124023e+00
-1.018246635794639587e-01
4.271056056022644043e-01
8.702476620674133301e-01
6.660556793212890625e-01
1.334532141685485840e+00
7.653369903564453125e-01
9.039074182510375977e-01
4.385167360305786133e-01
3.568046391010284424e-01
-4.557780921459197998e-01
2.155584394931793213e-01
-4.700617492198944092e-01
-2.356469929218292236e-01
-8.830315470695495605e-01
1.758172363042831421e-01
-1.314737200736999512e+00
-4.926285445690155029e-01
-3.727729916572570801e-01
-2.136540859937667847e-01
-3.024167716503143311e-01
1.181869730353355408e-01
-1.816156357526779175e-01
-4.011653661727905273e-01
6.736002564430236816e-01
-5.905077233910560608e-02
1.040096402168273926e+00
4.017916619777679443e-01
1.512831002473831177e-01
-9.167259335517883301e-01
-1.333292961120605469e+00
-2.393646955490112305e+00
-2.177328318357467651e-01
-1.659114360809326172e+00
-8.891428261995315552e-02
-3.196419477462768555e-01
6.588983535766601562e-01
-2.808789610862731934e-01
4.715283513069152832e-01
5.452625155448913574e-01
-5.181541666388511658e-02
1.023237943649291992e+00
3.256801962852478027e-01
-1.451838314533233643e-01
1.098262295126914978e-01
-3.463357388973236084e-01
6.631209254264831543e-01
-5.020908713340759277e-01
6.851794123649597168e-01
-1.858235001564025879e-01
1.139995828270912170e-01
-6.605412364006042480e-01
-1.276424080133438110e-01
-4.005751013755798340e-01
1.294159591197967529e-01
-3.519231379032135010e-01
-3.811804652214050293e-01
5.123825669288635254e-01
2.819232083857059479e-02
8.200505971908569336e-01
3.004227280616760254e-01
-3.484280705451965332e-01
2.889367341995239258e-01
-5.790635943412780762e-01
-1.934432387351989746e-01
-5.476863980293273926e-01
6.221490502357482910e-01
-9.194685220718383789e-01
3.075359016656875610e-02
1.948546171188354492e-01
-8.263546824455261230e-01
-1.153922756202518940e-03
4.166591167449951172e-01
-2.165524065494537354e-01
7.612001150846481323e-02
9.476163238286972046e-02
-1.444398611783981323e-01
5.239029526710510254e-01
-2.273577004671096802e-01
-7.697526216506958008e-01
2.263544350862503052e-01
-4.018481075763702393e-01
-8.860246092081069946e-02
-4.732521176338195801e-01
6.411869078874588013e-02
-8.498578518629074097e-02
-1.565477550029754639e-01
-9.714858606457710266e-04
-3.190944790840148926e-01
1.022397354245185852e-01
-2.145032882690429688e-01
-5.679953843355178833e-02
9.573439508676528931e-02
-3.393315374851226807e-01
5.013102889060974121e-01
-4.733321070671081543e-01
6.595620512962341309e-01
1.975341588258743286e-01
-2.244553416967391968e-01
4.067822694778442383e-01
-9.161164164543151855e-01
4.610246121883392334e-01
-6.370517611503601074e-02
2.273140996694564819e-01
1.859101951122283936e-01
-8.876010179519653320e-01
3.269529044628143311e-01
-4.315795749425888062e-02
4.622085392475128174e-01
-2.037932276725769043e-01
-7.341958284378051758e-01
-7.586204409599304199e-01
-1.156520247459411621e-01
4.236762877553701401e-03
-1.866005212068557739e-01
8.878834843635559082e-01
1.421407312154769897e-01
8.457778096199035645e-01
-1.757528632879257202e-01
1.893503963947296143e-01
-3.605351448059082031e-01
-8.228909969329833984e-01
-1.634347140789031982e-01
-4.114482402801513672e-01
6.531175374984741211e-01
-6.146393343806266785e-02
7.266272902488708496e-01
-4.247951209545135498e-01
-8.581874519586563110e-02
-1.073966827243566513e-02
-8.299732804298400879e-01
6.671161651611328125e-01
-4.815264940261840820e-01
7.989916205406188965e-01
-6.195170283317565918e-01
-3.456961810588836670e-01
-5.009081363677978516e-01
-2.799935638904571533e-01
2.725195288658142090e-01
-2.676857709884643555e-01
7.829848527908325195e-01
-1.194017678499221802e-01
2.330628335475921631e-01
1.037078127264976501e-01
6.440440565347671509e-02
-6.558258533477783203e-01
-3.864047229290008545e-01
1.002470105886459351e-01
-6.986651420593261719e-01
5.159863233566284180e-01
-1.378962993621826172e-01
-7.542167305946350098e-01
-1.098405003547668457e+00
-2.218896865844726562e+00
9.987159967422485352e-01
-1.178046584129333496e+00
4.282820224761962891e-01
1.034833192825317383e+00
4.110713899135589600e-01
1.295173406600952148e+00
8.338924050331115723e-01
5.206668376922607422e-01
1.352594792842864990e-01
2.829672396183013916e-02
-1.738028675317764282e-01
-4.633880853652954102e-01
2.370799928903579712e-01
-9.395523667335510254e-01
-1.352963089942932129e+00
-1.686059832572937012e+00
3.032700121402740479e-01
-8.906500339508056641e-01
-1.918670535087585449e-01
-5.217092633247375488e-01
-1.244153499603271484e+00
-4.712079465389251709e-01
-7.937668561935424805e-01
5.200062319636344910e-02
-4.361232221126556396e-01
2.065645158290863037e-01
-9.030589461326599121e-02
7.621906995773315430e-01
3.667206764221191406e-01
7.163937091827392578e-01
1.073174238204956055e+00
3.066489398479461670e-01
-8.191982656717300415e-02
-9.679787792265415192e-03
-1.859001815319061279e-01
-1.051825761795043945e+00
-6.196895837783813477e-01
-8.224300742149353027e-01
-4.564505815505981445e-02
-1.074883222579956055e+00
6.600984930992126465e-01
-9.596287608146667480e-01
1.563135504722595215e+00
-5.785436630249023438e-01
1.426066994667053223e+00
-1.267320476472377777e-02
6.098099052906036377e-02
-5.616433024406433105e-01
7.730053365230560303e-02
-5.625137686729431152e-01
-9.958737343549728394e-02
-1.459013372659683228e-01
-2.177691459655761719e-01
2.985697686672210693e-01
-4.110258221626281738e-01
-6.994647532701492310e-02
-2.166889011859893799e-01
5.163659900426864624e-02
-6.166117787361145020e-01
-9.642402529716491699e-01
-7.323241233825683594e-01
-3.962205350399017334e-01
1.446277052164077759e-01
1.163060665130615234e+00
2.067014575004577637e-01
5.515257716178894043e-01
-4.913862347602844238e-01
-3.459761664271354675e-02
-1.093524619936943054e-01
-3.332856297492980957e-01
-2.090118639171123505e-02
3.550057113170623779e-02
-1.543445736169815063e-01
5.013694763183593750e-01
-2.564550936222076416e-01
7.293951511383056641e-02
-3.324424624443054199e-01
7.279209792613983154e-02
-3.300233185291290283e-01
-6.006841659545898438e-01
-1.267780512571334839e-01
2.046841830015182495e-01
-4.015898406505584717e-01
2.351590618491172791e-02
7.702831923961639404e-02
5.236768126487731934e-01
-1.131752952933311462e-01
1.320963203907012939e-01
1.846477985382080078e-01
-3.035128712654113770e-01
5.711581110954284668e-01
-1.022437810897827148e+00
-5.565137267112731934e-01
-1.496517211198806763e-01
1.223279982805252075e-01
3.404943048954010010e-01
-4.509421288967132568e-01
2.339604943990707397e-01
8.797531723976135254e-01
-5.697159767150878906e-01
6.790345907211303711e-01
-4.385345280170440674e-01
-9.134337306022644043e-02
-6.209927797317504883e-01
-5.961284637451171875e-01
-4.704832434654235840e-01
-1.222349166870117188e+00
-2.100414186716079712e-01
-7.263650894165039062e-01
3.801493346691131592e-01
-3.834097832441329956e-02
-2.591646313667297363e-01
-4.178253710269927979e-01
6.095850467681884766e-02
1.595932692289352417e-01
-2.207331210374832153e-01
1.017816185951232910e+00
1.035829558968544006e-01
-9.386159479618072510e-02
6.352446675300598145e-01
-3.988634347915649414e-01
3.278913795948028564e-01
-1.250821650028228760e-01
3.849534392356872559e-01
-2.428089082241058350e-01
-9.459669589996337891e-01
-4.189767539501190186e-01
-3.091238439083099365e-01
-1.513109922409057617e+00
1.279046058654785156e+00
-4.751273989677429199e-01
-5.444113612174987793e-01
-3.688243627548217773e-01
-2.908467352390289307e-01
8.549111485481262207e-01
-5.555592179298400879e-01
5.542228817939758301e-01
3.500939607620239258e-01
1.820657402276992798e-02
-9.084951877593994141e-01
4.351975023746490479e-01
-1.409731507301330566e-01
3.142552375793457031e-01
-3.507158160209655762e-01
-4.892219603061676025e-01
7.829130291938781738e-01
-2.180389761924743652e-01
4.676530361175537109e-01
-1.539725214242935181e-01
6.497885584831237793e-01
-3.312053382396697998e-01
1.098195433616638184e+00
-4.355484545230865479e-01
-8.226623386144638062e-02
-8.933903574943542480e-01
2.670742273330688477e-01
-7.966461181640625000e-01
3.718021512031555176e-01
-6.909897923469543457e-01
-7.918627858161926270e-01
-3.394201993942260742e-01
-6.271305680274963379e-01
9.126065671443939209e-02
3.721504509449005127e-01
6.325088143348693848e-01
4.711262881755828857e-01
1.855373829603195190e-01
4.451780393719673157e-02
-6.506356596946716309e-01
3.257284760475158691e-01
-4.949279725551605225e-01
7.136711478233337402e-01
-8.284866064786911011e-02
5.800122618675231934e-01
-4.693236351013183594e-01
4.198627080768346786e-03
4.295246899127960205e-01
-9.024690836668014526e-02
6.103790998458862305e-01
-2.704333961009979248e-01
2.385538816452026367e-01
-5.503172278404235840e-01
-3.347123265266418457e-01
-7.722672820091247559e-01
5.294861644506454468e-02
-2.081656605005264282e-01
-6.637784093618392944e-02
-3.511542975902557373e-01
-1.771569013595581055e+00
5.871752500534057617e-01
-4.760757088661193848e-01
1.145338773727416992e+00
-5.751033872365951538e-02
-2.752491459250450134e-02
2.632054984569549561e-01
-3.335107862949371338e-01
-2.659393548965454102e-01
-7.156159281730651855e-01
-4.105417132377624512e-01
5.100148320198059082e-01
9.987666606903076172e-01
-1.808992028236389160e-01
2.510599195957183838e-01
7.374672591686248779e-02
-8.162658214569091797e-01
-6.100569367408752441e-01
-7.385298609733581543e-01
-8.565979599952697754e-01
-1.371670603752136230e+00
4.829212129116058350e-01
-1.185606122016906738e+00
1.853103339672088623e-01
-2.416407316923141479e-01
5.651698112487792969e-01
-6.603724956512451172e-01
7.667982578277587891e-01
-2.719030976295471191e-01
3.646515011787414551e-01
3.362001478672027588e-01
-4.069655239582061768e-01
2.249451912939548492e-02
-1.138852462172508240e-01
-4.157020896673202515e-02
8.762146234512329102e-01
-1.389231681823730469e-01
2.756381779909133911e-02
1.980700492858886719e-01
8.490574359893798828e-02
-1.747895628213882446e-01
-2.995502054691314697e-01
-3.993032574653625488e-01
-1.312393844127655029e-01
-2.449239194393157959e-01
-5.831413865089416504e-01
6.137844920158386230e-01
-9.282462596893310547e-01
4.310373365879058838e-01
2.031603008508682251e-01
3.705801367759704590e-01
2.494838088750839233e-01
2.875660061836242676e-01
5.545080080628395081e-02
-7.047132253646850586e-01
-4.224373698234558105e-01
-7.482112646102905273e-01
-4.487281441688537598e-01
-6.434769034385681152e-01
2.231213599443435669e-01
-1.066713705658912659e-01
-4.307457506656646729e-01
-5.711323767900466919e-02
-5.499072670936584473e-01
-1.056552678346633911e-01
-3.292079269886016846e-02
2.824772000312805176e-01
1.927582472562789917e-01
4.679741710424423218e-02
-2.183550409972667694e-02
-3.952823579311370850e-01
7.858625650405883789e-01
-6.141535192728042603e-02
-4.056211188435554504e-02
3.322997093200683594e-01
2.634149193763732910e-01
-3.434266448020935059e-01
-5.694538950920104980e-01
3.486467152833938599e-02
-4.357114061713218689e-02
3.200079798698425293e-01
-5.525385737419128418e-01
1.942937672138214111e-01
-3.135875463485717773e-01
5.626514554023742676e-01
6.270704865455627441e-01
1.525701284408569336e-01
-9.645836800336837769e-02
-1.656202673912048340e-01
-4.464318156242370605e-01
1.781472116708755493e-01
-7.203189730644226074e-01
2.531863152980804443e-01
-7.665418982505798340e-01
1.089717075228691101e-01
-3.124320209026336670e-01
-1.417135000228881836e-01
-7.284647226333618164e-02
-3.884419202804565430e-01
-1.100803166627883911e-01
-3.460091054439544678e-01
3.142579495906829834e-01
-3.889438509941101074e-02
-2.536110281944274902e-01
3.506185412406921387e-01
-7.299100160598754883e-01
-4.217250943183898926e-01
8.172163963317871094e-01
1.312713623046875000e-01
1.872801035642623901e-01
-2.090866863727569580e-01
-1.023279055953025818e-01
7.009515166282653809e-01
2.671577036380767822e-02
-7.485955953598022461e-02
