-1.000768065452575684e+00
-1.987825147807598114e-02
-1.536448001861572266e-01
-4.143423140048980713e-01
-3.520983457565307617e-01
-3.592838644981384277e-01
-2.264587730169296265e-01
9.690221399068832397e-02
-6.168983131647109985e-02
-1.344148907810449600e-02
-6.208705902099609375e-01
-1.041817292571067810e-01
-2.378015220165252686e-01
3.351925611495971680e-01
4.331660270690917969e-01
9.698506593704223633e-01
5.657323002815246582e-01
2.159704566001892090e-01
-3.280697390437126160e-02
-7.888994365930557251e-02
7.157915830612182617e-02
9.947981685400009155e-02
2.317018359899520874e-01
3.169872164726257324e-01
2.966178357601165771e-01
4.019147455692291260e-01
-3.213635087013244629e-01
-6.132093667984008789e-01
-3.281933963298797607e-01
1.711674332618713379e-01
3.295853137969970703e-01
2.460074573755264282e-01
-1.157579496502876282e-01
4.345375299453735352e-01
-1.219149082899093628e-01
3.577418327331542969e-01
1.792366951704025269e-01
-3.813161849975585938e-01
-2.811849713325500488e-01
-4.170253872871398926e-02
3.401535451412200928e-01
4.886576235294342041e-01
-6.543305516242980957e-02
8.850964158773422241e-02
2.045118510723114014e-01
-3.891286551952362061e-01
-4.492398500442504883e-01
-5.617074668407440186e-02
-4.506418406963348389e-01
1.154517292976379395e+00
4.427927434444427490e-01
3.835079371929168701e-01
-7.287687808275222778e-02
2.128813043236732483e-02
-1.945306211709976196e-01
-8.264963328838348389e-02
-1.667421460151672363e-01
6.589689254760742188e-01
3.323126137256622314e-01
7.619227468967437744e-02
-2.516707181930541992e-01
-2.837528586387634277e-01
-4.607966914772987366e-02
8.357559144496917725e-02
1.461937278509140015e-01
-2.018846273422241211e-01
-5.586249828338623047e-01
-1.641670167446136475e-01
-1.415160745382308960e-01
1.512644886970520020e-01
2.523297369480133057e-01
4.626333713531494141e-01
1.861658245325088501e-01
-2.709238231182098389e-01
-9.948679059743881226e-02
-2.128368616104125977e-01
9.885231405496597290e-02
-2.580681741237640381e-01
-5.666474699974060059e-01
4.622038304805755615e-01
1.237547874450683594e+00
3.218963742256164551e-01
2.411204278469085693e-01
5.015235543251037598e-01
3.178055584430694580e-02
-2.202798239886760712e-02
-2.302094697952270508e-01
3.628659248352050781e-01
2.618227601051330566e-01
5.018121600151062012e-01
2.461217939853668213e-01
3.348517417907714844e-01
4.595668017864227295e-01
-5.859269201755523682e-02
8.785587549209594727e-02
-4.331020116806030273e-01
-7.074566483497619629e-01
-1.835169047117233276e-01
-1.806961745023727417e-01
-5.343738198280334473e-01
-1.473071426153182983e-01
1.062183618545532227e+00
3.189717829227447510e-01
2.134944796562194824e-01
-1.117734089493751526e-01
-9.437074661254882812e-01
-1.383859813213348389e-01
-1.312845796346664429e-01
2.972237765789031982e-01
1.465469479560852051e+00
6.780982017517089844e-01
-4.597362503409385681e-02
-4.442467093467712402e-01
-3.989048004150390625e-01
-2.004716098308563232e-01
-8.066458106040954590e-01
-3.550645112991333008e-01
1.497730165719985962e-01
4.300969839096069336e-01
-2.134855985641479492e-01
3.240325152873992920e-01
4.342753589153289795e-01
2.699371278285980225e-01
-6.795240044593811035e-01
-7.076805830001831055e-02
2.433098554611206055e-01
-1.210492029786109924e-01
-1.049667745828628540e-01
5.610822513699531555e-02
2.525989711284637451e-01
9.590623974800109863e-01
1.058005809783935547e+00
5.108702927827835083e-02
1.030513346195220947e-01
3.885205090045928955e-02
5.435200929641723633e-01
1.109486632049083710e-02
3.382956385612487793e-01
2.270403355360031128e-01
-6.586025953292846680e-01
1.323184967041015625e-01
4.107658267021179199e-01
-7.300279736518859863e-01
-1.354844868183135986e-01
-2.718319371342658997e-02
-3.019543290138244629e-01
-1.081594347953796387e+00
-3.806997239589691162e-01
2.421661466360092163e-01
5.953708291053771973e-01
2.963947355747222900e-01
3.402184322476387024e-02
-2.038090676069259644e-01
2.984858155250549316e-01
1.456049084663391113e-01
5.291704833507537842e-02
1.592613607645034790e-01
4.168924391269683838e-01
2.932880818843841553e-01
1.110794097185134888e-01
5.353433266282081604e-02
3.474458456039428711e-01
6.076800227165222168e-01
2.393614873290061951e-02
-3.946371376514434814e-01
-1.613325625658035278e-01
-5.268260240554809570e-01
-3.477106988430023193e-01
-2.216404676437377930e-01
-2.874878346920013428e-01
-1.439343839883804321e-01
-4.866106510162353516e-01
-2.476740479469299316e-01
-5.964486598968505859e-01
2.576217055320739746e-01
1.125544071197509766e+00
2.477600574493408203e-01
3.096185028553009033e-01
5.972657799720764160e-01
7.039688229560852051e-01
9.814513921737670898e-01
7.443501353263854980e-01
-2.520556151866912842e-01
-5.821394324302673340e-01
-1.132727600634098053e-03
-3.865443766117095947e-01
-7.455585002899169922e-01
1.861918121576309204e-01
1.084342226386070251e-01
2.597090974450111389e-02
-3.454192876815795898e-01
-1.230674609541893005e-01
-5.915402770042419434e-01
-1.553402990102767944e-01
-6.473701912909746170e-03
3.201870918273925781e-01
6.211917400360107422e-01
6.995090246200561523e-01
1.093604415655136108e-01
1.002727150917053223e-01
-2.063957601785659790e-01
-3.826122581958770752e-01
-2.062914967536926270e-01
1.847815960645675659e-01
4.142221808433532715e-01
-4.595334827899932861e-02
-4.436708390712738037e-01
-3.659106194972991943e-01
-4.040418565273284912e-01
2.201688736677169800e-01
9.704458117485046387e-01
8.126683831214904785e-01
8.363260626792907715e-01
3.443284332752227783e-01
1.070137098431587219e-01
1.596781313419342041e-01
-3.440257860347628593e-04
-3.784366846084594727e-01
-3.683255314826965332e-01
-4.026238918304443359e-01
2.259945422410964966e-01
-9.323167800903320312e-01
-9.079244732856750488e-02
-3.681730106472969055e-02
-4.795859009027481079e-02
9.767791628837585449e-02
7.263609021902084351e-02
-2.617790400981903076e-01
2.005030065774917603e-01
3.800570368766784668e-01
4.803118109703063965e-01
1.257448434829711914e+00
7.037498950958251953e-01
5.569196343421936035e-01
2.202108949422836304e-01
-6.673221588134765625e-01
-8.653295040130615234e-01
-7.304806113243103027e-01
-5.851815342903137207e-01
-2.719427645206451416e-01
1.041224226355552673e-01
4.204093217849731445e-01
2.576004154980182648e-02
5.595014691352844238e-01
-1.306245476007461548e-01
-2.001421060413122177e-03
5.297282338142395020e-02
7.817078828811645508e-01
3.149991929531097412e-01
3.901633322238922119e-01
9.316305518150329590e-01
-3.695534467697143555e-01
2.408326119184494019e-01
-3.880975395441055298e-02
3.913576900959014893e-01
7.268865704536437988e-01
5.469976663589477539e-01
-3.126386180520057678e-02
-7.554225325584411621e-01
-4.707804322242736816e-02
-2.498092502355575562e-01
-2.545765042304992676e-01
2.294206619262695312e-01
3.558674454689025879e-01
2.634356021881103516e-01
-1.126629710197448730e-01
-3.396163880825042725e-01
-6.479709744453430176e-01
-8.824965953826904297e-01
-7.673216611146926880e-02
-4.207520484924316406e-01
6.955420374870300293e-01
3.657388091087341309e-01
5.717257857322692871e-01
-8.059662580490112305e-02
4.620744287967681885e-01
4.573724865913391113e-01
5.273264050483703613e-01
1.147801429033279419e-01
-8.123275041580200195e-01
-1.367038488388061523e-01
3.494346737861633301e-01
3.106099963188171387e-01
1.079761460423469543e-01
-1.406079530715942383e-01
-2.319689691066741943e-01
-2.383388429880142212e-01
6.251850724220275879e-01
8.414111137390136719e-01
-5.100970864295959473e-01
-3.256213068962097168e-01
2.039585113525390625e-01
-2.603223919868469238e-02
3.493606448173522949e-01
3.349263072013854980e-01
-1.027208380401134491e-02
1.138934120535850525e-01
2.660274207592010498e-01
-2.286582291126251221e-01
-2.310027480125427246e-01
-9.790281206369400024e-02
-9.401246309280395508e-01
-4.029564559459686279e-01
6.370694637298583984e-01
1.705358922481536865e-01
-1.206676363945007324e-01
1.280703544616699219e-01
3.084479868412017822e-01
2.556955814361572266e-01
3.581422269344329834e-01
6.549208164215087891e-01
7.681358605623245239e-02
1.622422486543655396e-01
-3.585197329521179199e-01
-3.040568903088569641e-02
2.040791325271129608e-02
-1.645162999629974365e-01
9.024944156408309937e-02
7.884485274553298950e-02
7.571191191673278809e-01
3.141644895076751709e-01
-2.060959339141845703e-01
3.881630897521972656e-01
-7.606725692749023438e-01
8.999032974243164062e-01
-1.738628149032592773e-01
3.120475411415100098e-01
3.605614304542541504e-01
8.258539438247680664e-02
-2.523142993450164795e-01
-2.114051580429077148e-01
-1.283853352069854736e-01
-5.994559526443481445e-01
-5.549650788307189941e-01
-3.598116636276245117e-01
8.930834941565990448e-03
3.219881951808929443e-01
1.850480288267135620e-01
9.748209267854690552e-02
1.070201843976974487e-01
1.031371831893920898e+00
6.742804646492004395e-01
-5.465472117066383362e-03
1.445369869470596313e-01
5.703174695372581482e-02
-3.234746307134628296e-02
5.316136404871940613e-03
3.644174039363861084e-01
-4.623594880104064941e-02
4.931415617465972900e-01
4.972452819347381592e-01
-2.760426700115203857e-01
-6.118894219398498535e-01
-2.429032474756240845e-01
-1.500883102416992188e-01
-1.731736510992050171e-01
-6.678940057754516602e-01
-7.487868666648864746e-01
-1.419890671968460083e-01
1.008072048425674438e-01
7.046863436698913574e-01
6.425394415855407715e-01
4.645390808582305908e-01
1.617384850978851318e-01
1.595595180988311768e-01
5.495342016220092773e-01
3.110242486000061035e-01
9.683125466108322144e-02
-1.693509966135025024e-01
-2.269819378852844238e-01
-6.814422458410263062e-02
1.971046626567840576e-01
3.296770155429840088e-01
2.151202112436294556e-01
-9.628098458051681519e-02
-1.994463801383972168e-02
-2.796275615692138672e-01
-2.835671007633209229e-01
1.116552650928497314e-01
3.163425326347351074e-01
-2.689373791217803955e-01
-1.934386640787124634e-01
-4.721589684486389160e-01
-6.591774225234985352e-01
-6.192709207534790039e-01
-5.820977091789245605e-01
-3.527229651808738708e-02
4.309129714965820312e-01
-1.455613598227500916e-02
-1.011597439646720886e-01
-1.619912236928939819e-01
6.115198731422424316e-01
8.826068043708801270e-01
1.106595396995544434e+00
3.597381338477134705e-02
4.658640921115875244e-01
2.160051017999649048e-01
-1.665644533932209015e-02
2.310653328895568848e-01
2.447866350412368774e-01
6.830737739801406860e-02
-8.143872022628784180e-02
-6.290748119354248047e-01
5.991907119750976562e-01
2.057102918624877930e-01
-2.493955940008163452e-01
4.546709656715393066e-01
-2.548260688781738281e-01
-1.766105741262435913e-01
3.293507546186447144e-02
-1.286827027797698975e-01
2.651975154876708984e-01
3.317207098007202148e-01
4.401817917823791504e-01
1.738047003746032715e-01
5.276073813438415527e-01
-2.795303612947463989e-02
1.357714235782623291e-01
9.167724847793579102e-02
2.035279944539070129e-02
3.184449374675750732e-01
-2.938725426793098450e-02
-2.968761324882507324e-01
-5.460487306118011475e-02
-4.613062441349029541e-01
3.227028548717498779e-01
-3.001172840595245361e-01
-9.979732334613800049e-02
-2.249339222908020020e-01
-1.980717927217483521e-01
1.643188446760177612e-01
3.274826109409332275e-01
5.453532338142395020e-01
-9.052468836307525635e-02
-5.110595226287841797e-01
1.898378878831863403e-01
2.206134796142578125e-01
2.919156551361083984e-01
-1.282711029052734375e-01
3.137625157833099365e-01
-1.690570414066314697e-01
-1.044906601309776306e-01
-2.074802666902542114e-02
-2.166977822780609131e-01
3.266282677650451660e-01
-6.846866011619567871e-02
2.809903323650360107e-01
2.215241193771362305e-01
1.459125876426696777e-01
2.882137596607208252e-01
5.709224939346313477e-01
7.159541249275207520e-01
6.137469410896301270e-02
4.252154752612113953e-02
1.156747564673423767e-01
-3.394933044910430908e-02
-1.653677970170974731e-01
-1.397393643856048584e-01
-2.781881690025329590e-01
-5.569669008255004883e-01
-7.007199525833129883e-02
-2.966263294219970703e-01
2.270623296499252319e-01
1.245327740907669067e-01
-2.975667119026184082e-01
-1.577559709548950195e-01
-5.399952828884124756e-02
1.841928623616695404e-02
-1.338700354099273682e-01
7.303947210311889648e-01
7.834974527359008789e-01
4.167780876159667969e-01
6.637729406356811523e-01
-3.000556528568267822e-01
-2.310025691986083984e-01
2.752019166946411133e-01
6.724380254745483398e-01
4.485689699649810791e-01
3.607071191072463989e-02
1.099133267998695374e-01
1.770729199051856995e-02
1.093928292393684387e-01
-9.896848201751708984e-01
-7.047944068908691406e-01
-7.753324508666992188e-01
-4.529030621051788330e-01
-5.355205535888671875e-01
-4.977593943476676941e-02
-3.767929226160049438e-02
-1.863315999507904053e-01
8.032931387424468994e-02
-3.614090979099273682e-01
6.641779541969299316e-01
4.081026017665863037e-01
6.853705644607543945e-02
1.781903207302093506e-02
2.944274544715881348e-01
5.479848384857177734e-01
7.185302376747131348e-01
4.260207116603851318e-01
1.397264957427978516e+00
-4.401714503765106201e-01
3.596827983856201172e-01
-1.061729863286018372e-01
-8.789361715316772461e-01
4.351016283035278320e-01
-3.373191952705383301e-01
-5.299893617630004883e-01
-2.088666558265686035e-01
1.049764920026063919e-02
-6.286957114934921265e-02
-3.069346211850643158e-02
-9.902578778564929962e-03
