-1.653068065643310547e+00
-2.375388145446777344e-01
-6.451003551483154297e-01
-4.656703211367130280e-03
-5.012923479080200195e-01
1.402419805526733398e-01
2.671318501234054565e-02
2.411879301071166992e-01
4.284304678440093994e-01
9.516035318374633789e-01
1.468404054641723633e+00
3.976434469223022461e-01
4.745593369007110596e-01
4.366405606269836426e-01
2.252648025751113892e-01
7.593039423227310181e-02
-4.237536787986755371e-01
2.118009179830551147e-01
-5.052886903285980225e-02
-1.843350529670715332e-01
-2.986945211887359619e-02
-6.595510244369506836e-02
-1.100846529006958008e-01
6.663857698440551758e-01
-3.506411612033843994e-01
-1.952327191829681396e-01
-5.717312097549438477e-01
-8.506173491477966309e-01
-3.418219685554504395e-01
-6.179156154394149780e-02
-3.239551782608032227e-01
4.355877041816711426e-01
6.613447666168212891e-01
3.057220578193664551e-01
4.302243590354919434e-01
1.074946150183677673e-01
-1.228124126791954041e-01
1.048974096775054932e-01
-6.828570365905761719e-02
3.405563831329345703e-01
3.483899235725402832e-01
4.860039055347442627e-01
4.639505445957183838e-01
4.364485144615173340e-01
9.084868431091308594e-01
1.868218556046485901e-02
-2.690699398517608643e-01
-6.955269575119018555e-01
-9.535219669342041016e-01
-3.079053163528442383e-01
-6.209450364112854004e-01
-5.337399244308471680e-01
-2.733826339244842529e-01
-2.314051687717437744e-01
-3.292492032051086426e-01
5.319343209266662598e-01
8.350594341754913330e-02
5.103483796119689941e-01
3.506295979022979736e-01
2.404908984899520874e-01
1.966187059879302979e-01
1.013719812035560608e-01
-6.331879645586013794e-02
-2.470899522304534912e-01
2.699461579322814941e-01
-1.554303802549839020e-02
-3.105839490890502930e-01
7.775577306747436523e-01
-6.930046081542968750e-01
-3.216143697500228882e-03
-2.190370410680770874e-01
7.615767121315002441e-01
-2.518026232719421387e-01
8.821188658475875854e-02
3.264145180583000183e-02
-3.586297035217285156e-01
-4.307852089405059814e-01
-1.839511692523956299e-01
7.489240914583206177e-02
-3.238226771354675293e-01
1.457497775554656982e-01
5.653418600559234619e-03
-2.276641130447387695e-01
8.749285936355590820e-01
1.191382288932800293e+00
1.150980710983276367e+00
1.270897507667541504e+00
-5.333778262138366699e-02
1.561133563518524170e-01
-4.253914952278137207e-02
2.896989881992340088e-01
6.238786578178405762e-01
2.563780248165130615e-01
-1.410613954067230225e-01
-2.490747272968292236e-01
-8.084684014320373535e-01
-4.638356268405914307e-01
-1.026279807090759277e+00
-4.983052015304565430e-01
-9.315916299819946289e-01
-5.935695767402648926e-01
5.600616708397865295e-02
5.708197355270385742e-01
1.789252609014511108e-01
3.324504494667053223e-01
3.459975123405456543e-01
3.050764501094818115e-01
1.524056494235992432e-01
2.409368008375167847e-02
1.413667201995849609e-01
-2.292867451906204224e-01
-9.532460570335388184e-02
4.429036378860473633e-01
-2.198883518576622009e-02
1.848918385803699493e-02
-1.260226368904113770e-01
-1.938906162977218628e-01
-2.497960627079010010e-01
6.132666021585464478e-02
-2.162590026855468750e-01
2.900721132755279541e-01
-3.573673069477081299e-01
-2.340087592601776123e-01
-1.887517124414443970e-01
4.040927067399024963e-02
2.390403598546981812e-01
3.292779326438903809e-01
5.660544037818908691e-01
7.031265497207641602e-01
-2.725090384483337402e-01
4.950076714158058167e-02
1.120003342628479004e+00
5.085427314043045044e-02
6.384922862052917480e-01
-2.564205229282379150e-01
-7.410667091608047485e-02
-2.602425515651702881e-01
-4.396455287933349609e-01
1.260399818420410156e-01
-2.082000672817230225e-01
-4.341034293174743652e-01
-3.797484040260314941e-01
-1.976552605628967285e-01
-2.871188521385192871e-01
-2.171156108379364014e-01
1.311833709478378296e-01
-2.413782477378845215e-01
1.204259507358074188e-02
2.845610976219177246e-01
2.441103905439376831e-01
2.888556122779846191e-01
7.117056250572204590e-01
-1.678449064493179321e-01
3.456940352916717529e-01
-4.680677652359008789e-01
-2.565769255161285400e-01
-3.229978978633880615e-01
2.437627911567687988e-01
-6.357239931821823120e-02
9.183581471443176270e-01
-1.480490993708372116e-02
1.486955285072326660e-01
6.248522177338600159e-02
4.738461375236511230e-01
1.445944607257843018e-01
5.658271908760070801e-01
-3.788382411003112793e-01
-2.198349535465240479e-01
4.144940376281738281e-01
-2.993285357952117920e-01
-3.224796950817108154e-01
-2.582005858421325684e-01
3.535867482423782349e-02
-6.563282757997512817e-02
3.951601311564445496e-02
-6.210442781448364258e-01
-4.120582938194274902e-01
-7.136464118957519531e-01
-3.435893058776855469e-01
-6.780357658863067627e-02
3.997774422168731689e-01
2.800969481468200684e-01
1.954401731491088867e+00
-2.405389398336410522e-01
1.279443036764860153e-02
-2.308119460940361023e-02
-1.075199618935585022e-01
1.439475715160369873e-01
-1.564395129680633545e-01
-2.399887517094612122e-02
-2.220110744237899780e-01
-1.480372399091720581e-01
-1.133796274662017822e-01
3.295567929744720459e-01
-2.967483699321746826e-01
2.786628007888793945e-01
5.242618918418884277e-01
-1.615245044231414795e-01
1.948984712362289429e-02
-3.521865978837013245e-02
2.827236354351043701e-01
-4.335750341415405273e-01
-2.356365621089935303e-01
1.285356134176254272e-01
2.615495622158050537e-01
4.597797617316246033e-02
5.229333788156509399e-02
-5.052936077117919922e-02
-2.025791704654693604e-01
-1.204351410269737244e-01
4.514886140823364258e-01
-2.723381817340850830e-01
8.346920609474182129e-01
-2.091727107763290405e-01
3.750438690185546875e-01
-1.979018747806549072e-01
-6.396265327930450439e-02
1.939656287431716919e-01
5.005216002464294434e-01
3.667229413986206055e-01
8.721801042556762695e-01
-1.959008723497390747e-01
-4.237479344010353088e-02
-3.818317875266075134e-02
2.082139700651168823e-01
-5.247380584478378296e-02
-3.020909130573272705e-01
-7.059692144393920898e-01
2.185932099819183350e-01
-3.691808283329010010e-01
-4.621296525001525879e-01
1.426499187946319580e-01
-8.199899792671203613e-01
-9.370160102844238281e-02
-1.606596559286117554e-01
-3.152310550212860107e-01
5.190458297729492188e-01
-1.402574032545089722e-01
5.158404111862182617e-01
-3.108226954936981201e-01
-4.147449508309364319e-02
1.366138756275177002e-01
1.743403077125549316e-01
2.983390390872955322e-01
7.441779971122741699e-01
3.783575594425201416e-01
-2.381465286016464233e-01
3.745503127574920654e-01
3.671453595161437988e-01
1.329337358474731445e-01
7.445667982101440430e-01
-1.938560232520103455e-02
2.869788110256195068e-01
2.153532505035400391e-01
-2.324211969971656799e-02
2.673445641994476318e-01
-4.179196804761886597e-02
-6.688383966684341431e-02
-1.186668723821640015e-01
-4.482370316982269287e-01
-3.496160209178924561e-01
-2.231381088495254517e-01
-1.849856227636337280e-01
4.746653884649276733e-02
-3.909514099359512329e-02
2.693785727024078369e-01
-4.388800635933876038e-02
8.679598569869995117e-01
-8.872706443071365356e-02
6.907604336738586426e-01
-1.285400092601776123e-01
3.177015781402587891e-01
4.543259143829345703e-01
2.357142046093940735e-02
-1.982336044311523438e-01
-8.917143940925598145e-02
4.604018926620483398e-01
-3.137575089931488037e-01
-3.839358091354370117e-01
-3.386437296867370605e-01
2.648247778415679932e-02
6.349647641181945801e-01
-5.755538940429687500e-01
-1.316552311182022095e-01
-2.753605842590332031e-01
-1.906192600727081299e-01
-3.334312140941619873e-01
1.282505244016647339e-01
-7.274364680051803589e-02
-6.258677840232849121e-01
-7.132717967033386230e-02
1.136157289147377014e-01
1.825577318668365479e-01
7.607233524322509766e-01
1.127443835139274597e-02
2.233792096376419067e-01
1.674347817897796631e-01
-1.915004700422286987e-01
-3.358179330825805664e-01
-1.917649433016777039e-02
7.625642418861389160e-02
5.575495362281799316e-01
5.475121736526489258e-01
-1.607263237237930298e-01
7.613290548324584961e-01
-5.645203590393066406e-01
2.800017297267913818e-01
2.508969306945800781e-01
2.723566591739654541e-01
7.471156120300292969e-02
1.859013289213180542e-01
6.407620012760162354e-02
-4.637692123651504517e-02
1.202580109238624573e-01
2.289897054433822632e-01
-2.728871405124664307e-01
-5.291386842727661133e-01
8.284063637256622314e-02
-3.363441824913024902e-01
2.060026377439498901e-01
2.054104655981063843e-01
2.350051887333393097e-02
6.448408961296081543e-01
-3.531971573829650879e-01
3.236782848834991455e-01
2.242758572101593018e-01
2.517743408679962158e-01
2.675220370292663574e-01
-9.134501814842224121e-01
4.473796486854553223e-01
-3.819212019443511963e-01
-5.391941070556640625e-01
-1.085549965500831604e-01
-3.999577760696411133e-01
-6.797941774129867554e-02
1.882122009992599487e-01
3.644441068172454834e-01
-1.574113368988037109e-01
3.781780600547790527e-01
-3.811361193656921387e-01
5.155989155173301697e-02
8.428827673196792603e-02
6.723124533891677856e-02
3.413505554199218750e-01
3.869088590145111084e-01
2.517468035221099854e-01
2.689171135425567627e-01
2.333911657333374023e-01
5.052507519721984863e-01
5.696918442845344543e-02
-2.495475858449935913e-01
1.804674863815307617e-01
-3.567925691604614258e-01
-2.432638108730316162e-01
-4.146359860897064209e-01
5.998017191886901855e-01
-7.615235447883605957e-02
3.549529612064361572e-01
-7.136034965515136719e-01
-3.649509251117706299e-01
-2.627877891063690186e-01
2.082547545433044434e-01
-2.342553436756134033e-02
2.042468488216400146e-01
-3.809323161840438843e-02
-7.857201248407363892e-02
-3.078869283199310303e-01
2.440011203289031982e-01
-7.286465764045715332e-01
4.500873684883117676e-01
-5.650990009307861328e-01
4.973711371421813965e-01
9.984348714351654053e-02
-3.907004743814468384e-02
1.831580400466918945e-01
9.054688364267349243e-02
8.588378131389617920e-02
-2.068271189928054810e-01
-1.199545152485370636e-02
-8.282034099102020264e-02
-6.314778923988342285e-01
7.800984382629394531e-02
-3.800814151763916016e-01
-6.054152846336364746e-01
-3.306989669799804688e-01
4.559290707111358643e-01
-2.461266070604324341e-01
5.866518020629882812e-01
1.448577284812927246e+00
1.050429224967956543e+00
4.719228148460388184e-01
1.088449239730834961e+00
-5.642661452293395996e-01
1.438303291797637939e-01
-1.082111120223999023e+00
-3.149815499782562256e-01
-3.398947715759277344e-01
-6.297696232795715332e-01
-1.758037805557250977e-01
-2.036204189062118530e-02
2.776781562715768814e-03
6.000680103898048401e-02
-5.580090451985597610e-03
2.991565763950347900e-01
4.232279658317565918e-01
-1.007674038410186768e-01
2.835221886634826660e-01
-8.177473209798336029e-03
4.214389324188232422e-01
-1.603070199489593506e-01
2.031347155570983887e-01
5.929865837097167969e-01
1.222212240099906921e-01
1.917126476764678955e-01
-1.032237485051155090e-01
-1.590930372476577759e-01
4.523186683654785156e-01
1.272181048989295959e-02
1.436322629451751709e-01
2.176482677459716797e-01
6.916037201881408691e-02
-2.541059851646423340e-01
1.852062344551086426e-01
-3.474738299846649170e-01
-5.732170939445495605e-01
5.758248567581176758e-01
-3.981908559799194336e-01
6.311684846878051758e-02
2.508182525634765625e-01
-2.583998739719390869e-01
5.336128473281860352e-01
5.798547342419624329e-02
4.546719193458557129e-01
3.993505537509918213e-01
4.859972000122070312e-01
4.527865909039974213e-03
2.275581210851669312e-01
8.353365212678909302e-02
-1.027265936136245728e-01
-1.769950091838836670e-01
-3.582404851913452148e-01
1.796825528144836426e-01
1.661672592163085938e-01
-7.735357880592346191e-01
-1.346182823181152344e-01
4.175377264618873596e-02
-1.121921017765998840e-01
2.179446863010525703e-03
3.622417747974395752e-01
-2.690537646412849426e-02
6.949803233146667480e-01
-2.631255984306335449e-01
1.562588810920715332e-01
9.424963500350713730e-04
-7.090290188789367676e-01
-2.396300882101058960e-01
-8.679333329200744629e-01
4.192841053009033203e-02
-7.683608531951904297e-01
7.208176851272583008e-01
6.891685724258422852e-02
3.111934363842010498e-01
1.184952616691589355e+00
-4.630339890718460083e-02
6.886880993843078613e-01
1.857919394969940186e-01
2.174335159361362457e-02
1.179233379662036896e-02
-7.869977355003356934e-01
-2.325841635465621948e-01
-1.537985682487487793e+00
1.363868266344070435e-01
-2.552004158496856689e-01
7.842771708965301514e-02
-1.803041845560073853e-01
3.503474593162536621e-01
3.492089211940765381e-01
-8.178231865167617798e-02
-1.014196425676345825e-01
9.014923870563507080e-02
3.371550142765045166e-01
9.808132648468017578e-01
3.426384329795837402e-01
1.261398643255233765e-01
-2.358927875757217407e-01
9.529331326484680176e-02
7.359736412763595581e-02
4.793781340122222900e-01
-4.073912277817726135e-02
-5.718208104372024536e-02
-2.380686402320861816e-01
-2.984267771244049072e-01
-2.053382396697998047e-01
-4.694209694862365723e-01
3.136031031608581543e-01
1.952767819166183472e-01
3.476338684558868408e-01
2.019260674715042114e-01
1.061998605728149414e+00
-2.963207364082336426e-01
2.740270197391510010e-01
-2.370268851518630981e-01
3.725568056106567383e-01
-6.893062591552734375e-01
-2.110971957445144653e-01
-4.171838164329528809e-01
-5.105399489402770996e-01
-4.845385849475860596e-01
-4.962472915649414062e-01
6.505090594291687012e-01
-1.046967878937721252e-01
2.479545772075653076e-01
2.569455504417419434e-01
