4.882398247718811035e-01
9.006278216838836670e-02
5.604511499404907227e-01
2.297286838293075562e-01
2.639265060424804688e-01
4.627631604671478271e-01
3.196421265602111816e-01
-2.247853875160217285e-01
-3.789126873016357422e-01
-2.084215730428695679e-01
-1.103810548782348633e+00
-3.891728520393371582e-01
-5.133512616157531738e-01
-3.091793507337570190e-02
-7.791281342506408691e-01
-2.462212741374969482e-01
-2.042604088783264160e-01
2.670663222670555115e-02
3.841020464897155762e-01
-1.031909286975860596e-01
-1.657197475433349609e-01
6.979167461395263672e-01
6.118991971015930176e-01
9.151678681373596191e-01
3.161785304546356201e-01
4.077919721603393555e-01
3.255122900009155273e-01
-3.902631103992462158e-01
-2.237706780433654785e-01
-8.338678479194641113e-01
-1.437977910041809082e+00
3.887663036584854126e-02
-7.959949970245361328e-01
3.393926322460174561e-01
-2.244725078344345093e-01
4.009696543216705322e-01
2.410896122455596924e-01
-1.588691025972366333e-01
-3.295348286628723145e-01
-3.249448537826538086e-01
-4.442830979824066162e-01
-3.391638696193695068e-01
-1.621261984109878540e-01
-2.504565417766571045e-01
-2.730728983879089355e-01
-8.937413245439529419e-02
-3.604816272854804993e-02
3.499531745910644531e-01
6.576718762516975403e-03
1.427567601203918457e-01
5.911307930946350098e-01
1.472347974777221680e-01
8.854862302541732788e-02
2.184737026691436768e-01
2.853842079639434814e-01
1.394838094711303711e-01
-3.125096559524536133e-01
5.558773875236511230e-02
4.717618823051452637e-01
4.808388650417327881e-01
3.167936205863952637e-01
-5.096361041069030762e-01
-1.785420030355453491e-01
-3.986916840076446533e-01
-8.278209567070007324e-01
5.404417514801025391e-01
7.439227402210235596e-02
6.290239095687866211e-02
1.663571894168853760e-01
6.926377862691879272e-02
-3.309121131896972656e-01
-8.510425686836242676e-02
-4.007282480597496033e-02
-1.090256214141845703e+00
-3.538516759872436523e-01
-4.097180366516113281e-01
-1.209334284067153931e-01
-2.855321168899536133e-01
-3.301852643489837646e-01
2.115275561809539795e-01
-2.842112481594085693e-01
3.335798978805541992e-01
1.889980286359786987e-01
8.260684609413146973e-01
-1.454476416110992432e-01
5.382566452026367188e-01
4.592245444655418396e-02
-1.056954264640808105e-02
-1.530493199825286865e-01
-8.665354549884796143e-02
-2.472113966941833496e-01
-9.264598488807678223e-01
-1.311307400465011597e-01
-4.545756280422210693e-01
4.750128388404846191e-01
3.853994309902191162e-01
1.567992866039276123e-01
2.429432123899459839e-01
1.956044584512710571e-01
3.779925405979156494e-01
-6.970148086547851562e-01
-1.124431490898132324e-01
-1.133515387773513794e-01
-1.212879717350006104e-01
5.397210717201232910e-01
8.129602670669555664e-02
1.909549832344055176e-01
-2.647630870342254639e-01
-5.550297349691390991e-02
-2.017595171928405762e-01
1.083261445164680481e-01
-2.770352959632873535e-01
-2.014027982950210571e-01
3.316798806190490723e-02
-5.146895721554756165e-02
3.720946311950683594e-01
-2.395466268062591553e-01
-2.602558210492134094e-02
2.055217623710632324e-01
2.317767962813377380e-02
1.192716509103775024e-01
3.088848590850830078e-01
3.434713184833526611e-01
2.401938140392303467e-01
-2.628491818904876709e-01
-8.148819208145141602e-02
-3.949497938156127930e-01
-9.369486570358276367e-01
-6.405013799667358398e-01
-4.067300558090209961e-01
-5.149928927421569824e-01
4.085313379764556885e-01
2.447282336652278900e-02
4.712396860122680664e-01
-2.845190167427062988e-01
2.472289279103279114e-02
-1.100799292325973511e-01
-2.390862107276916504e-01
2.133716940879821777e-01
-1.184840947389602661e-01
2.185338437557220459e-01
1.869133561849594116e-01
-1.352963596582412720e-01
-2.362836450338363647e-01
-2.778914272785186768e-01
4.330494105815887451e-01
6.851950883865356445e-01
2.866604924201965332e-01
5.477569103240966797e-01
3.508593887090682983e-02
-3.889068067073822021e-01
1.011792337521910667e-03
-6.983215212821960449e-01
6.687884777784347534e-02
-2.450989037752151489e-01
-6.372051686048507690e-02
-1.455063968896865845e-01
-8.214236050844192505e-02
1.280276626348495483e-01
5.366991758346557617e-01
3.736808598041534424e-01
-7.862851023674011230e-02
3.130835592746734619e-01
-4.078557491302490234e-01
-3.988988101482391357e-01
-3.608061075210571289e-01
7.788275927305221558e-02
-3.175793588161468506e-01
1.152286008000373840e-01
-1.617647260427474976e-01
2.319650053977966309e-01
-6.474767625331878662e-02
1.828584074974060059e-01
-2.470004558563232422e-02
5.921283960342407227e-01
1.176076829433441162e-01
8.269663155078887939e-02
-4.767992198467254639e-01
-2.098058760166168213e-01
-2.061398178339004517e-01
-1.992372125387191772e-01
7.003493607044219971e-02
3.852466121315956116e-02
9.372371435165405273e-02
2.058708667755126953e-01
3.243921399116516113e-01
-4.841947257518768311e-01
-1.966507360339164734e-02
2.467959374189376831e-01
-5.335156917572021484e-01
4.907203465700149536e-02
1.317845880985260010e-01
3.062656819820404053e-01
-6.827443093061447144e-02
1.667609810829162598e-01
-3.527311384677886963e-01
-5.274000167846679688e-01
1.992097869515419006e-02
-1.893475651741027832e-01
5.872182548046112061e-02
8.125182986259460449e-01
6.020976230502128601e-03
6.832810491323471069e-02
3.928769826889038086e-01
3.280665576457977295e-01
2.542347311973571777e-01
-1.070024371147155762e-01
-3.727529942989349365e-01
-4.784741699695587158e-01
-5.920055508613586426e-01
-1.300766021013259888e-01
-8.522710949182510376e-02
3.202935457229614258e-01
1.504985988140106201e-01
6.081579327583312988e-01
-1.581459194421768188e-01
-2.803435027599334717e-01
2.992234528064727783e-01
4.058225154876708984e-01
-6.013336181640625000e-01
-7.952646613121032715e-01
-3.847746849060058594e-01
-3.725607097148895264e-01
6.687017530202865601e-02
2.495844811201095581e-01
-4.808869585394859314e-02
6.321498751640319824e-01
-5.394216775894165039e-01
-1.129894256591796875e+00
-1.316034436225891113e+00
-4.365264773368835449e-01
7.656473517417907715e-01
1.007203906774520874e-01
6.772803068161010742e-01
6.350849866867065430e-01
3.891542553901672363e-01
5.106917619705200195e-01
9.075490832328796387e-01
7.533913850784301758e-02
1.518971323966979980e-01
-2.693665623664855957e-01
8.646260946989059448e-02
-5.394530296325683594e-01
-2.141276150941848755e-01
-7.689614295959472656e-01
3.931537270545959473e-01
-4.619369804859161377e-01
-2.757392525672912598e-01
-1.406644880771636963e-01
-7.673172354698181152e-01
3.665381669998168945e-01
-6.339858770370483398e-01
-6.839134544134140015e-02
-3.021784722805023193e-01
-3.916976600885391235e-02
-3.821217417716979980e-01
-5.526382327079772949e-01
-3.692981302738189697e-01
-2.246973477303981781e-02
2.264077663421630859e-01
-3.065622746944427490e-01
-1.673064976930618286e-01
-3.373098671436309814e-01
1.234287992119789124e-01
-1.483682729303836823e-02
-2.813044488430023193e-01
9.860581159591674805e-02
4.725722670555114746e-01
-1.033562868833541870e-01
8.332108259201049805e-01
3.276384472846984863e-01
6.535603404045104980e-01
-1.707282513380050659e-01
1.313194036483764648e-01
-4.907955527305603027e-01
-8.450128138065338135e-03
4.488005042076110840e-01
2.119598239660263062e-01
-2.701654732227325439e-01
-1.435990631580352783e-01
-3.066820800304412842e-01
4.499736800789833069e-02
-2.321322858333587646e-01
1.112171560525894165e-01
2.831884026527404785e-01
3.579964637756347656e-01
-2.462214678525924683e-01
4.189956486225128174e-01
-4.394121468067169189e-02
-2.291126102209091187e-01
-4.946135282516479492e-01
-4.929288625717163086e-01
-5.200816988945007324e-01
-4.692426323890686035e-01
-3.345697224140167236e-01
2.695052027702331543e-01
-5.064362660050392151e-02
2.823469042778015137e-01
8.237818256020545959e-03
-7.227293401956558228e-02
1.887051165103912354e-01
1.215833798050880432e-02
1.429610401391983032e-01
-1.272866576910018921e-01
4.131468832492828369e-01
2.574605494737625122e-02
-3.156933188438415527e-01
-6.646600365638732910e-01
2.275873348116874695e-02
-1.059254854917526245e-01
2.438619583845138550e-01
-2.029311805963516235e-01
-2.270921319723129272e-02
-1.911529004573822021e-01
-4.383095726370811462e-02
-7.462371885776519775e-02
1.244174242019653320e-01
5.187657475471496582e-01
-8.024515956640243530e-02
-3.870841264724731445e-01
1.615176349878311157e-01
-5.518491268157958984e-01
-4.864432848989963531e-03
-3.134280741214752197e-01
7.100419402122497559e-01
-4.395176768302917480e-01
2.923304438591003418e-01
3.752469420433044434e-01
-1.102068834006786346e-02
-9.459614008665084839e-02
-2.691516280174255371e-01
-9.565405547618865967e-02
4.041847586631774902e-01
3.701758757233619690e-02
8.156638592481613159e-02
-3.198202550411224365e-01
-4.786200225353240967e-01
-3.409063220024108887e-01
-2.266838252544403076e-01
-9.307981282472610474e-02
-2.565291896462440491e-02
3.250091373920440674e-01
-1.326029896736145020e-01
-5.193446874618530273e-01
4.393003880977630615e-01
-4.336577951908111572e-01
-6.511832028627395630e-02
-7.039944827556610107e-02
3.619790375232696533e-01
-7.094245404005050659e-02
-9.682750701904296875e-02
2.200644649565219879e-02
8.873120881617069244e-03
3.784809261560440063e-02
1.766240298748016357e-01
1.409891545772552490e-01
-1.850624084472656250e-01
2.239229828119277954e-01
-1.577228680253028870e-02
1.055513471364974976e-01
-1.284788250923156738e-01
1.661241799592971802e-01
-1.209563091397285461e-01
-4.831218346953392029e-02
-2.377746105194091797e-01
9.188250452280044556e-02
-3.307040631771087646e-01
3.120968043804168701e-01
7.986243367195129395e-01
4.525474309921264648e-01
-2.578574419021606445e-01
-8.599971234798431396e-02
-5.502094049006700516e-03
9.329493343830108643e-02
4.455392062664031982e-01
-2.928589880466461182e-01
-2.231785655021667480e-01
-3.771780729293823242e-01
-5.090523958206176758e-01
-3.738108575344085693e-01
-8.584026098251342773e-01
5.026498809456825256e-02
1.830408871173858643e-01
7.815393805503845215e-02
3.621433377265930176e-01
1.031032949686050415e-02
2.130913436412811279e-01
5.191434621810913086e-01
3.274929821491241455e-01
-1.476938575506210327e-01
-2.057171761989593506e-01
-2.083670720458030701e-02
-5.845662951469421387e-01
4.552811086177825928e-01
-2.489598691463470459e-01
2.241421937942504883e-01
2.043122798204421997e-01
2.967549562454223633e-01
-7.703262567520141602e-01
4.828664660453796387e-02
1.235683113336563110e-01
-1.379308253526687622e-01
-2.105930447578430176e-01
-3.449180424213409424e-01
8.783534169197082520e-02
1.663685142993927002e-01
-4.538557529449462891e-01
-1.977530121803283691e-01
-3.666898608207702637e-01
1.466149091720581055e-01
-6.254572868347167969e-01
3.059625625610351562e-01
-5.482608079910278320e-01
2.924145758152008057e-01
7.869078516960144043e-01
7.306807488203048706e-02
3.302684426307678223e-01
2.307323664426803589e-01
-1.249224662780761719e+00
-1.076175719499588013e-01
-3.715185821056365967e-01
1.609698683023452759e-01
-8.599676936864852905e-02
3.804196715354919434e-01
-6.312901377677917480e-01
4.410722851753234863e-01
-3.447725772857666016e-01
-8.243107199668884277e-01
3.562626242637634277e-01
-7.336583733558654785e-01
-6.222483143210411072e-02
1.582404822111129761e-01
-3.368554413318634033e-01
4.894852936267852783e-01
-2.409951537847518921e-01
-7.118020951747894287e-02
-5.046857520937919617e-02
-3.000776171684265137e-01
-1.599040254950523376e-02
4.429871737957000732e-01
2.895488739013671875e-01
1.482097953557968140e-01
4.266585707664489746e-01
7.528548240661621094e-01
9.215171337127685547e-01
2.703387439250946045e-01
2.033433765172958374e-01
-3.406652510166168213e-01
-1.889150887727737427e-01
-8.024661540985107422e-01
-9.083557873964309692e-02
-3.068632483482360840e-01
-3.695359528064727783e-01
1.307963132858276367e-01
-3.571630921214818954e-03
-7.553292065858840942e-02
-2.733586132526397705e-01
-3.085609972476959229e-01
2.786909043788909912e-01
-5.157699584960937500e-01
1.065131351351737976e-01
1.583803296089172363e-01
3.028043508529663086e-01
-2.107611745595932007e-01
-5.327598452568054199e-01
-4.341201186180114746e-01
-4.364317655563354492e-01
3.154166787862777710e-02
-5.010943412780761719e-01
1.930242180824279785e-01
6.112423539161682129e-01
2.589201331138610840e-01
3.844870626926422119e-01
1.584087847732007504e-03
-6.509915590286254883e-01
-2.616538107395172119e-01
2.109260410070419312e-01
4.445009827613830566e-01
5.964428186416625977e-01
-8.943714201450347900e-02
-3.813640400767326355e-02
-7.251868844032287598e-01
-2.595267631113529205e-02
-3.203558325767517090e-01
-1.081232354044914246e-02
3.172517716884613037e-01
8.371809124946594238e-02
-4.251553909853100777e-04
1.161091327667236328e-01
-2.779535651206970215e-01
2.565447390079498291e-01
-4.838003814220428467e-01
-2.092364281415939331e-01
-3.257834315299987793e-01
2.569560706615447998e-02
-2.326625734567642212e-01
-2.391709983348846436e-01
-4.034272432327270508e-01
-4.674475491046905518e-01
3.707239925861358643e-01
3.394984304904937744e-01
-4.668260738253593445e-02
4.659322500228881836e-01
2.467634826898574829e-01
3.627849519252777100e-01
5.528201460838317871e-01
4.011777043342590332e-01
-2.472508102655410767e-01
-6.346651315689086914e-01
-3.945893347263336182e-01
-7.525385171175003052e-02
-2.850756347179412842e-01
-6.951487660408020020e-01
