4.120496511459350586e-01
1.655308306217193604e-01
5.233348608016967773e-01
-3.106113709509372711e-02
-1.111607670783996582e+00
-7.221621870994567871e-01
7.917182147502899170e-02
-5.152615308761596680e-01
-1.052863478660583496e+00
-3.620010316371917725e-01
-5.967529490590095520e-02
5.477138757705688477e-01
5.994508862495422363e-01
1.593733876943588257e-01
7.411114573478698730e-01
1.972627788782119751e-01
7.329481840133666992e-01
-4.724453389644622803e-01
4.116808772087097168e-01
-4.107879996299743652e-01
-1.234656214714050293e+00
8.690921068191528320e-01
6.840037107467651367e-01
-7.596178911626338959e-03
-5.820705890655517578e-01
1.660042554140090942e-01
1.249495223164558411e-01
7.517166137695312500e-01
9.507089853286743164e-03
1.514269113540649414e-01
4.755038619041442871e-01
5.000208616256713867e-01
-5.456536412239074707e-01
-1.579351723194122314e-02
1.882093548774719238e-01
-9.961484074592590332e-01
-4.396887123584747314e-01
2.508760392665863037e-01
7.418903708457946777e-01
-1.092112734913825989e-01
8.288874626159667969e-01
6.619478762149810791e-02
7.697573900222778320e-01
4.847710952162742615e-02
-1.667589992284774780e-01
-6.959168910980224609e-01
5.536208748817443848e-01
1.896965742111206055e+00
1.286213159561157227e+00
6.336658000946044922e-01
8.706720918416976929e-02
3.398768007755279541e-01
-2.180235832929611206e-01
-6.088610887527465820e-01
-6.113987565040588379e-01
1.847939938306808472e-01
-8.725278377532958984e-01
-1.127254724502563477e+00
-1.409994244575500488e+00
-3.901075720787048340e-01
-8.182363510131835938e-01
4.118239581584930420e-01
-2.295017391443252563e-01
3.969669938087463379e-01
3.762077093124389648e-01
1.288750022649765015e-01
7.133479118347167969e-01
4.183411002159118652e-01
5.623645186424255371e-01
5.507249832153320312e-01
2.782842516899108887e-01
-3.365332484245300293e-01
6.922668814659118652e-01
6.572147011756896973e-01
1.388467550277709961e+00
8.710484504699707031e-01
-2.091741263866424561e-01
3.909862637519836426e-01
-1.052001833915710449e+00
-1.044552773237228394e-01
2.479837983846664429e-01
-9.832273423671722412e-02
6.337265372276306152e-01
6.721234917640686035e-01
-3.673247694969177246e-01
1.039079651236534119e-01
4.504291713237762451e-01
-4.745898246765136719e-01
-7.364321351051330566e-01
-2.753633260726928711e-01
1.138612702488899231e-01
-8.360939621925354004e-01
7.923437282443046570e-03
1.272123754024505615e-01
-1.237135604023933411e-01
4.127811491489410400e-01
4.988642930984497070e-01
-1.048181772232055664e+00
3.660429120063781738e-01
1.342833936214447021e-01
-1.878960281610488892e-01
4.245201349258422852e-01
3.631637096405029297e-01
5.056403279304504395e-01
-8.159109950065612793e-01
4.864735007286071777e-01
-6.696152035146951675e-03
4.664248526096343994e-01
-2.961521446704864502e-01
3.652196526527404785e-01
-4.293768405914306641e-01
1.599321365356445312e-01
1.197205632925033569e-01
1.023352503776550293e+00
2.676237225532531738e-01
6.590145826339721680e-01
-9.162975549697875977e-01
1.441736817359924316e-01
2.244277477264404297e+00
2.136075496673583984e-01
-3.471369743347167969e-01
-6.093916893005371094e-01
-4.529842734336853027e-01
2.553214430809020996e-01
-3.576657176017761230e-01
1.142469525337219238e+00
1.640462398529052734e+00
-8.700033426284790039e-01
-6.599435210227966309e-02
-9.075071811676025391e-01
-1.045780062675476074e+00
8.805348277091979980e-01
-8.927624225616455078e-01
7.288784384727478027e-01
1.784437447786331177e-01
5.963463187217712402e-01
1.692150712013244629e+00
1.174372792243957520e+00
9.334173202514648438e-01
-2.387677580118179321e-01
-2.281839847564697266e-01
-2.477848827838897705e-01
-5.410922169685363770e-01
-1.083792805671691895e+00
4.336908459663391113e-01
-1.131939053535461426e+00
4.421410560607910156e-01
9.630552530288696289e-01
3.378437161445617676e-01
1.167216658592224121e+00
-2.014016509056091309e-01
1.304717808961868286e-01
-9.004991650581359863e-01
-8.117458969354629517e-02
-1.133227705955505371e+00
-9.850908070802688599e-02
6.050931811332702637e-01
1.857081055641174316e-01
8.859115242958068848e-01
1.226804330945014954e-01
7.959942221641540527e-01
6.365534663200378418e-01
1.323233544826507568e-01
1.157418712973594666e-01
5.211098194122314453e-01
-1.558056771755218506e-01
-7.042501866817474365e-02
-6.158978939056396484e-01
2.356942147016525269e-01
-7.931583523750305176e-01
-4.388204216957092285e-01
-3.007631599903106689e-01
1.897345930337905884e-01
-2.058786898851394653e-01
7.118095159530639648e-01
-4.833103716373443604e-01
3.484203219413757324e-01
2.456948906183242798e-01
3.883483707904815674e-01
-1.540318578481674194e-01
-9.533692002296447754e-01
-2.300832606852054596e-02
3.161363303661346436e-02
7.430263161659240723e-01
-1.302525997161865234e-01
1.448965445160865784e-02
3.539962228387594223e-03
-4.080485701560974121e-01
-6.882006525993347168e-01
-2.849450707435607910e-01
-1.253085434436798096e-01
1.240681037306785583e-01
6.810395121574401855e-01
7.206937670707702637e-02
1.116382837295532227e+00
5.608909130096435547e-01
1.076191663742065430e+00
3.635098934173583984e-01
-3.589851260185241699e-01
-1.299625486135482788e-01
1.775732040405273438e-01
7.268207073211669922e-01
1.601831987500190735e-02
2.598264217376708984e-01
-1.125151515007019043e+00
-1.103003859519958496e+00
-6.755157113075256348e-01
2.864785194396972656e-01
5.736079216003417969e-01
-2.389973998069763184e-01
3.633803874254226685e-02
-1.140455484390258789e+00
-4.126954823732376099e-02
2.173807322978973389e-01
-3.377739191055297852e-01
-1.943546533584594727e-01
-6.764228940010070801e-01
-4.984997510910034180e-01
6.633602976799011230e-01
1.662757158279418945e+00
1.118185997009277344e+00
8.432391881942749023e-01
4.825088754296302795e-02
2.500763535499572754e-01
1.784038186073303223e+00
-7.110142707824707031e-02
5.445700287818908691e-01
5.141353607177734375e-01
-6.662715673446655273e-01
7.395322620868682861e-02
-4.359027147293090820e-01
-3.538747429847717285e-01
5.697725415229797363e-01
-4.512755870819091797e-01
5.863980054855346680e-01
1.378183364868164062e-01
-1.263495981693267822e-01
2.672722935676574707e-01
-7.995958924293518066e-01
9.915577173233032227e-01
2.183000594377517700e-01
-8.117685914039611816e-01
-1.016810417175292969e+00
-5.776061415672302246e-01
-2.919834554195404053e-01
7.858161926269531250e-01
4.643966853618621826e-01
4.238555133342742920e-01
1.263962388038635254e+00
-7.147078961133956909e-02
7.661743760108947754e-01
7.829741239547729492e-01
5.638772249221801758e-01
-7.164775580167770386e-02
-4.805724322795867920e-01
7.576382756233215332e-01
1.743841320276260376e-01
2.825487554073333740e-01
-1.236878633499145508e+00
3.505313098430633545e-01
-1.136312037706375122e-01
5.202329754829406738e-01
-5.340478196740150452e-02
9.430963993072509766e-01
-4.284171462059020996e-01
1.564131736755371094e+00
-4.861325621604919434e-01
-5.268177390098571777e-02
1.245203971862792969e+00
8.031510710716247559e-01
5.503608584403991699e-01
3.466261625289916992e-01
-3.351122140884399414e-01
2.647126317024230957e-01
-4.521888494491577148e-01
2.683145999908447266e-01
-1.677176505327224731e-01
-8.287324309349060059e-01
-6.601938009262084961e-01
-3.006319403648376465e-01
-5.442759990692138672e-01
-2.634586989879608154e-01
-1.455207586288452148e+00
-1.229533076286315918e+00
3.984477818012237549e-01
6.433596462011337280e-02
4.778524860739707947e-03
2.687568664550781250e-01
6.521288752555847168e-01
1.054681777954101562e+00
1.003598809242248535e+00
1.509400963783264160e+00
1.276940464973449707e+00
9.601770341396331787e-02
7.144583016633987427e-02
3.188914656639099121e-01
-3.313126862049102783e-01
-1.567226052284240723e-01
3.375681042671203613e-01
-4.635202884674072266e-01
2.998088002204895020e-01
8.405386656522750854e-02
5.784395933151245117e-01
-2.747248709201812744e-01
8.005193471908569336e-01
2.844584882259368896e-01
4.504359960556030273e-01
4.314902722835540771e-01
5.326836109161376953e-01
-9.545238614082336426e-01
1.149122938513755798e-01
1.453540921211242676e-01
-8.256773352622985840e-01
-1.404215455055236816e+00
-7.656241059303283691e-01
-2.990908920764923096e-01
8.213523030281066895e-01
6.221230626106262207e-01
6.277309060096740723e-01
-3.847047090530395508e-01
5.466704964637756348e-01
-8.281847834587097168e-01
-9.739964269101619720e-03
-6.690950989723205566e-01
5.432977080345153809e-01
-4.981218576431274414e-01
6.293582916259765625e-01
1.504705548286437988e+00
6.757665276527404785e-01
4.369295835494995117e-01
1.593654751777648926e+00
-3.832906782627105713e-01
3.684495985507965088e-01
-1.073289036750793457e+00
1.588256239891052246e+00
7.505541443824768066e-01
-1.529902312904596329e-02
-1.393723208457231522e-02
-2.285300344228744507e-01
7.741132378578186035e-01
-7.860735058784484863e-01
1.573737859725952148e-01
-4.930726066231727600e-02
-1.187806054949760437e-01
5.910678207874298096e-02
6.159582734107971191e-01
5.031591057777404785e-01
-1.122644782066345215e+00
3.262292444705963135e-01
-4.704738259315490723e-01
-2.540213167667388916e-01
1.547581553459167480e-01
-9.691534042358398438e-01
-4.420875906944274902e-01
-3.924448788166046143e-01
9.718251228332519531e-01
-6.166771054267883301e-02
4.450961053371429443e-01
-4.070824012160301208e-02
6.382009387016296387e-01
-2.839516103267669678e-01
2.211784422397613525e-01
5.699044466018676758e-01
4.754159972071647644e-02
-6.245455145835876465e-02
2.241209000349044800e-01
-2.643090486526489258e-01
-7.985879182815551758e-01
-1.209372729063034058e-01
4.949187636375427246e-01
4.867268800735473633e-01
-2.950618565082550049e-01
-8.367210030555725098e-01
-2.737754583358764648e-01
-1.216859929263591766e-02
-1.825966238975524902e-01
3.792289197444915771e-01
5.060235261917114258e-01
2.798993699252605438e-02
1.798049509525299072e-01
4.440371692180633545e-02
-5.383680462837219238e-01
4.935556352138519287e-01
-2.010113745927810669e-01
-2.700006365776062012e-01
6.226048469543457031e-01
1.118555292487144470e-01
-2.955893874168395996e-01
-6.163377165794372559e-01
-6.139893531799316406e-01
-5.365624427795410156e-01
5.905984640121459961e-01
-3.034559190273284912e-01
2.177899181842803955e-01
4.445345401763916016e-01
-3.787808716297149658e-01
4.213039875030517578e-01
3.148074746131896973e-01
-4.822780489921569824e-01
-1.929395347833633423e-01
9.013269543647766113e-01
6.725287437438964844e-01
4.613344073295593262e-01
6.890643239021301270e-01
-8.353272080421447754e-02
6.244136095046997070e-01
-1.005436897277832031e+00
-1.537571847438812256e-01
8.916224539279937744e-02
-1.636784672737121582e-01
2.487959414720535278e-01
4.247676730155944824e-01
4.015822410583496094e-01
1.514681577682495117e-01
5.707466006278991699e-01
2.312996089458465576e-01
6.152812838554382324e-01
-2.832108736038208008e-01
-3.617848753929138184e-01
4.174683690071105957e-01
1.293077040463685989e-02
-1.078345105051994324e-01
-2.220359891653060913e-01
-4.640698730945587158e-01
-3.657352924346923828e-01
-1.565470546483993530e-01
1.599574238061904907e-01
-1.288491249084472656e+00
4.945498406887054443e-01
3.942721486091613770e-01
2.205680608749389648e-01
7.738469243049621582e-01
5.640974044799804688e-01
-1.115622818470001221e-01
4.711956158280372620e-02
7.617028355598449707e-01
3.888514935970306396e-01
4.896426498889923096e-01
-2.992578744888305664e-01
8.174373507499694824e-01
-1.637904644012451172e-01
-8.494009375572204590e-01
1.373489350080490112e-01
-5.006051659584045410e-01
2.258232980966567993e-01
-4.421977400779724121e-01
-2.481011003255844116e-01
5.081722140312194824e-01
4.180749654769897461e-01
-2.233349680900573730e-01
6.656771302223205566e-01
4.422898590564727783e-01
7.339477539062500000e-01
-6.223916411399841309e-01
6.256552934646606445e-01
-2.654531598091125488e-01
-6.915251016616821289e-01
-5.314205884933471680e-01
-5.998631119728088379e-01
4.646404981613159180e-01
2.679456472396850586e-01
-3.282051682472229004e-01
2.509639561176300049e-01
-7.836233973503112793e-01
2.757459580898284912e-01
2.590106427669525146e-02
-3.576137423515319824e-01
1.509468406438827515e-01
5.616880655288696289e-01
-1.134009584784507751e-01
1.071207404136657715e+00
-2.091317921876907349e-01
-4.945509135723114014e-01
6.795333027839660645e-01
7.831581830978393555e-01
1.215147972106933594e+00
-1.014423519372940063e-01
3.784339725971221924e-01
-3.133560717105865479e-01
2.708434581756591797e+00
1.005991697311401367e+00
3.184123039245605469e-01
-3.672994971275329590e-01
-1.098356723785400391e+00
-2.563165426254272461e-01
7.250301241874694824e-01
-1.025542259216308594e+00
-8.232324570417404175e-02
5.387198925018310547e-01
-2.410808354616165161e-01
9.597948789596557617e-01
7.092902902513742447e-03
3.644812405109405518e-01
3.333241492509841919e-02
1.086742401123046875e+00
1.084969401359558105e+00
-5.020751953125000000e-01
3.078476786613464355e-01
-2.892972528934478760e-01
-3.548528254032135010e-01
-3.551140129566192627e-01
-1.411500930786132812e+00
-7.817882895469665527e-01
-2.572873830795288086e-01
-7.411867976188659668e-01
-1.209339857101440430e+00
4.407671988010406494e-01
1.311403870582580566e+00
7.306097745895385742e-01
-5.861607193946838379e-01
5.769554972648620605e-01
9.926154464483261108e-02
3.088465146720409393e-02
