-9.384551048278808594e-01
-1.007076427340507507e-01
-8.190304636955261230e-01
-6.990545988082885742e-01
-1.015959143638610840e+00
-4.595258831977844238e-01
-2.989869713783264160e-01
2.847186028957366943e-01
-5.754374265670776367e-01
6.304527521133422852e-01
-8.071106672286987305e-02
5.831900238990783691e-01
2.085922062397003174e-01
4.815630018711090088e-01
4.213561415672302246e-01
5.261553525924682617e-01
-2.857647277414798737e-02
5.198779106140136719e-01
4.609823226928710938e-02
-5.420405864715576172e-01
-3.546607196331024170e-01
-2.546610832214355469e-01
-3.428858816623687744e-01
-8.142372220754623413e-02
5.724440813064575195e-01
7.822101712226867676e-01
8.370150923728942871e-01
3.887181580066680908e-01
-3.096353262662887573e-03
-7.192557095550000668e-04
2.424700707197189331e-01
1.591428071260452271e-01
-2.966803610324859619e-01
4.851348698139190674e-01
-2.221239060163497925e-01
1.024669408798217773e+00
4.180898070335388184e-01
9.734902977943420410e-01
-6.588502526283264160e-01
-2.215202003717422485e-01
-1.637840390205383301e+00
2.443152219057083130e-01
-3.889841437339782715e-01
2.885955274105072021e-01
1.834015361964702606e-02
-1.192046850919723511e-01
-9.410832077264785767e-02
-9.594321250915527344e-03
-3.841131329536437988e-01
9.054173529148101807e-02
7.188921570777893066e-01
-4.710302054882049561e-01
2.733687758445739746e-01
2.724263966083526611e-01
-6.497868150472640991e-02
-6.257137060165405273e-01
7.937117218971252441e-01
-8.171414136886596680e-01
5.595763921737670898e-01
9.227895140647888184e-01
1.910945922136306763e-01
1.695127248764038086e+00
1.467756986618041992e+00
-6.993085145950317383e-02
5.906274318695068359e-01
1.573327481746673584e-01
-1.195314407348632812e+00
-2.103835791349411011e-01
-7.215321660041809082e-01
-7.847365736961364746e-01
-7.792870402336120605e-01
-7.349939942359924316e-01
4.607228338718414307e-01
-8.045601844787597656e-02
8.023504614830017090e-01
4.031319320201873779e-01
3.785847723484039307e-01
7.883305847644805908e-02
1.034770488739013672e+00
-5.209804177284240723e-01
3.176879882812500000e-02
-6.056457757949829102e-01
-3.171746730804443359e-01
-2.862567305564880371e-01
-7.461149990558624268e-02
-1.016827374696731567e-01
6.089832186698913574e-01
-2.682353854179382324e-01
4.993170201778411865e-01
3.054013252258300781e-01
1.002904534339904785e+00
6.561637520790100098e-01
8.508651256561279297e-01
2.455205470323562622e-01
2.962050139904022217e-01
-5.641145110130310059e-01
2.800501585006713867e-01
1.107272412627935410e-02
-3.282340466976165771e-01
-1.134261488914489746e+00
-6.095968484878540039e-01
8.946167230606079102e-01
-3.319507092237472534e-02
-3.052326142787933350e-01
2.665607631206512451e-01
-3.407946228981018066e-01
2.173362672328948975e-01
-2.389271408319473267e-01
-4.648597836494445801e-01
2.104422152042388916e-01
-2.066151984035968781e-02
-4.081455171108245850e-01
4.705812931060791016e-01
3.046559989452362061e-01
1.083737730979919434e+00
8.604419827461242676e-01
1.084500432014465332e+00
3.214524090290069580e-01
-2.507948577404022217e-01
-9.267802238464355469e-01
-3.427888751029968262e-01
-1.146641653031110764e-02
-2.515513896942138672e-01
-6.381061077117919922e-01
-1.891471743583679199e-01
2.413192838430404663e-01
-1.496863067150115967e-01
1.824773550033569336e-01
-9.220496751368045807e-03
2.414002120494842529e-01
4.187361299991607666e-01
4.210615456104278564e-01
1.328149288892745972e-01
2.266626432538032532e-02
-8.976433426141738892e-02
1.680030077695846558e-01
1.768114566802978516e-01
3.663993775844573975e-01
3.596063703298568726e-02
6.822717189788818359e-02
-4.490369558334350586e-02
-3.151895701885223389e-01
-4.057554155588150024e-02
-4.084480404853820801e-01
-3.521242439746856689e-01
2.629939913749694824e-01
-4.035657644271850586e-01
5.137852579355239868e-02
2.095964848995208740e-01
5.617007017135620117e-01
8.800355792045593262e-01
5.762197375297546387e-01
3.372324705123901367e-01
6.303172111511230469e-01
-1.353511810302734375e-01
1.112230569124221802e-01
-2.811191678047180176e-01
-5.603519827127456665e-02
-3.211458027362823486e-01
2.826902866363525391e-01
-2.350297719240188599e-01
3.176555335521697998e-01
-2.394446879625320435e-01
-3.277219831943511963e-01
-3.461696803569793701e-01
-3.180437088012695312e-01
-1.952743381261825562e-01
1.571796238422393799e-01
-2.505201399326324463e-01
-5.807479619979858398e-01
-5.531412959098815918e-01
-6.903787255287170410e-01
1.088850945234298706e-01
9.440183639526367188e-02
2.125273346900939941e-01
-2.166818976402282715e-01
6.734398603439331055e-01
-1.233470216393470764e-01
4.588392674922943115e-01
-8.739890903234481812e-02
1.395388245582580566e+00
7.068674564361572266e-01
9.743912816047668457e-01
4.252977669239044189e-01
5.360057950019836426e-01
-1.456331275403499603e-02
7.597303017973899841e-03
-5.987686514854431152e-01
-5.641331672668457031e-01
-6.039937138557434082e-01
-2.856450378894805908e-01
9.151788055896759033e-02
-3.017830103635787964e-02
3.395770788192749023e-01
3.640044331550598145e-01
3.465121686458587646e-01
3.831658661365509033e-01
-4.415149390697479248e-01
-3.630133569240570068e-01
-1.071915999054908752e-01
-9.129610657691955566e-01
-9.710720926523208618e-02
4.090407788753509521e-01
-2.683650143444538116e-02
2.197439372539520264e-01
6.324954628944396973e-01
-6.123325824737548828e-01
-3.763630092144012451e-01
-4.046941995620727539e-01
-2.670721411705017090e-01
1.079941153526306152e+00
1.458920717239379883e+00
1.274951934814453125e+00
6.177155300974845886e-02
2.927957773208618164e-01
-2.969359755516052246e-01
2.784065604209899902e-01
3.218041956424713135e-01
-2.529318928718566895e-01
-4.646131992340087891e-01
9.360691905021667480e-01
2.622876763343811035e-01
2.895399630069732666e-01
1.693423837423324585e-02
-2.857486717402935028e-02
-2.785596549510955811e-01
3.323888480663299561e-01
-4.565965235233306885e-01
-1.032675132155418396e-01
-3.952626883983612061e-01
7.247348427772521973e-01
5.399869680404663086e-01
-3.985591232776641846e-01
4.313357174396514893e-02
-5.673348903656005859e-01
3.973436728119850159e-02
3.682477176189422607e-01
-4.540993273258209229e-01
-5.047676563262939453e-01
-6.703423261642456055e-01
-2.439264059066772461e-01
4.876279830932617188e-01
-2.473939359188079834e-01
7.763055562973022461e-01
9.321894496679306030e-02
2.429123818874359131e-01
-7.941009104251861572e-02
1.496464014053344727e+00
8.861224055290222168e-01
5.513439774513244629e-01
2.761136591434478760e-01
3.455213084816932678e-02
5.230015516281127930e-01
3.069722950458526611e-01
6.599692106246948242e-01
6.919520497322082520e-01
2.801177203655242920e-01
-4.854241013526916504e-02
1.321460902690887451e-01
2.175350338220596313e-01
1.406877279281616211e+00
8.023630827665328979e-02
2.299385666847229004e-01
2.173976227641105652e-02
-6.395817399024963379e-01
-3.695333600044250488e-01
-7.533379793167114258e-01
-3.104512579739093781e-03
-1.564481854438781738e-01
-2.414103746414184570e-01
-1.176720738410949707e+00
8.235442042350769043e-01
-2.745848298072814941e-01
5.906180143356323242e-01
1.587936878204345703e-01
4.366019368171691895e-01
3.474016487598419189e-01
1.368365168571472168e+00
4.413403198122978210e-02
-3.454422950744628906e-01
-3.431958854198455811e-01
-8.650062233209609985e-02
-1.794031858444213867e-01
8.347715735435485840e-01
-3.276593983173370361e-01
-7.632004618644714355e-01
4.710209369659423828e-01
1.113713085651397705e-01
-2.800902724266052246e-01
8.378283381462097168e-01
2.511758822947740555e-03
3.218787908554077148e-01
3.825375437736511230e-01
1.205359458923339844e+00
-7.319465279579162598e-01
9.883224964141845703e-01
-1.025861576199531555e-01
2.557408809661865234e-01
-3.425962328910827637e-01
7.751055061817169189e-02
-4.011739790439605713e-01
2.955189943313598633e-01
3.312342166900634766e-01
1.038654521107673645e-01
3.379969596862792969e-01
-4.903661608695983887e-01
8.125836253166198730e-01
2.451298385858535767e-01
-7.444869726896286011e-03
-2.070970833301544189e-01
-2.721766531467437744e-01
-4.985488057136535645e-01
2.081888541579246521e-02
-2.227259799838066101e-02
-3.550745174288749695e-02
8.931894898414611816e-01
8.567349910736083984e-01
1.986067593097686768e-01
-5.245070457458496094e-01
6.236942410469055176e-01
-5.425539612770080566e-01
1.815742105245590210e-01
-1.894988417625427246e-01
2.539535462856292725e-01
5.055458098649978638e-02
3.186682462692260742e-01
2.723637223243713379e-01
-6.709322929382324219e-01
2.876510024070739746e-01
-2.645833492279052734e-01
3.232317417860031128e-02
9.010341167449951172e-01
6.338303536176681519e-02
7.416778802871704102e-01
2.426243573427200317e-01
2.006885260343551636e-01
2.694741785526275635e-01
1.811277747154235840e+00
-1.109527945518493652e-01
-1.402617990970611572e-01
-1.060674861073493958e-01
-7.965995669364929199e-01
-9.174056053161621094e-01
6.514621973037719727e-01
1.995264738798141479e-01
-4.278176128864288330e-01
-1.433105319738388062e-01
2.873313426971435547e-01
-2.412156015634536743e-01
6.004478931427001953e-01
-3.719875514507293701e-01
-4.885209202766418457e-01
-3.746825754642486572e-01
4.454271197319030762e-01
5.868892669677734375e-01
-1.576086692512035370e-02
-2.975537478923797607e-01
-3.310374021530151367e-01
-3.082991838455200195e-01
-4.352222979068756104e-01
-1.203887537121772766e-01
-1.839412599802017212e-01
-2.171879410743713379e-01
1.711087226867675781e-01
5.569704174995422363e-01
-2.394931912422180176e-01
7.331115603446960449e-01
-2.123329322785139084e-03
1.486289948225021362e-01
1.067995071411132812e+00
-1.473964452743530273e-01
3.491710424423217773e-01
3.571412563323974609e-01
-1.587330922484397888e-02
-6.959220767021179199e-01
-1.977684944868087769e-01
8.380065113306045532e-02
6.289438009262084961e-01
-5.148236751556396484e-01
1.831796020269393921e-01
1.992942839860916138e-01
2.525011301040649414e-01
1.281653344631195068e-01
1.187738589942455292e-02
-6.875364780426025391e-01
-1.090772628784179688e+00
-8.755778074264526367e-01
-7.274927496910095215e-01
1.490836590528488159e-01
2.338914871215820312e-01
-2.030511945486068726e-01
4.389989674091339111e-01
-9.990192949771881104e-02
1.019523143768310547e+00
3.194658160209655762e-01
4.240379035472869873e-01
-5.439453721046447754e-01
4.956243038177490234e-01
1.481107622385025024e-01
3.859638571739196777e-01
-3.321254253387451172e-01
7.997006773948669434e-01
2.852733135223388672e-01
4.723485112190246582e-01
-4.239970147609710693e-01
3.957197815179824829e-02
-2.324521541595458984e-01
-9.744813665747642517e-03
2.912298142910003662e-01
-8.448089957237243652e-01
-4.189887344837188721e-01
1.381797552108764648e+00
8.311670422554016113e-01
3.704915046691894531e-01
-2.210340201854705811e-01
9.610049724578857422e-01
-4.252266511321067810e-02
8.497013449668884277e-01
-1.167788058519363403e-01
-2.188723087310791016e-01
1.479551345109939575e-01
-2.838053703308105469e-01
-4.020181298255920410e-01
2.503820061683654785e-01
-1.472124010324478149e-01
4.768126010894775391e-01
-5.184052139520645142e-02
5.269591212272644043e-01
-7.226725220680236816e-01
-3.733384311199188232e-01
-2.285957485437393188e-01
3.916969299316406250e-01
6.584023237228393555e-01
6.793519854545593262e-01
1.842538416385650635e-01
2.622169554233551025e-01
6.900918483734130859e-01
5.683162435889244080e-02
-4.626013636589050293e-01
-7.479938864707946777e-01
-8.311271667480468750e-01
4.379645362496376038e-02
-1.314372867345809937e-01
1.008945345878601074e+00
7.957119345664978027e-01
5.229647159576416016e-01
7.772016525268554688e-01
-3.988667130470275879e-01
1.300303936004638672e-01
-6.721506118774414062e-01
-2.745985388755798340e-01
-1.029175758361816406e+00
3.089205324649810791e-01
-1.970784217119216919e-01
1.927514672279357910e-01
4.438003301620483398e-01
-4.372682869434356689e-01
-2.382471412420272827e-01
4.011415839195251465e-01
-4.016554951667785645e-01
-7.974351942539215088e-02
6.275523304939270020e-01
3.944047689437866211e-01
4.269981011748313904e-02
1.030357837677001953e+00
3.996641337871551514e-01
-2.692413330078125000e-01
-3.239327371120452881e-01
-6.084592938423156738e-01
4.536481201648712158e-01
-6.504999995231628418e-01
2.297803163528442383e-01
-2.831158041954040527e-02
3.760949969291687012e-01
-3.240397572517395020e-01
2.860986292362213135e-01
7.073873877525329590e-01
-9.962175041437149048e-03
-1.235109716653823853e-01
5.964539647102355957e-01
2.462582141160964966e-01
-2.635356485843658447e-01
8.914614915847778320e-01
-5.153808593750000000e-01
6.981418132781982422e-01
3.572067022323608398e-01
7.471221089363098145e-01
6.872724890708923340e-01
-6.821616739034652710e-02
-1.806699633598327637e-01
-8.494578003883361816e-01
-3.465052843093872070e-01
1.643880158662796021e-01
-1.546824425458908081e-01
-2.295316755771636963e-01
3.008719980716705322e-01
-2.990127801895141602e-01
1.040468513965606689e-01
6.099369525909423828e-01
2.540452778339385986e-01
-2.697081565856933594e-01
4.273181408643722534e-02
6.636913418769836426e-01
-6.135582327842712402e-01
5.308193713426589966e-02
-4.558883011341094971e-01
-9.684409499168395996e-01
-1.093363285064697266e+00
-2.003505676984786987e-01
1.853180885314941406e+00
2.712267339229583740e-01
6.120749115943908691e-01
1.609115749597549438e-01
