-7.714409232139587402e-01
4.734199866652488708e-02
-2.170197665691375732e-01
2.113339900970458984e-01
2.022947650402784348e-03
3.052613511681556702e-02
-2.117457240819931030e-01
-3.030355274677276611e-01
-2.677768170833587646e-01
9.257534146308898926e-02
-4.508213698863983154e-01
-5.601832866668701172e-01
2.004810571670532227e-01
3.121064603328704834e-01
4.334524273872375488e-01
2.124451287090778351e-02
1.017876267433166504e-01
2.763828635215759277e-01
1.508727967739105225e-01
4.371241629123687744e-01
9.931352734565734863e-02
2.544524371623992920e-01
-3.011794686317443848e-01
-5.306168645620346069e-02
-1.452088057994842529e-01
3.134374618530273438e-01
6.495764013379812241e-03
-4.307850301265716553e-01
1.136336624622344971e-01
2.253423929214477539e-01
3.172015845775604248e-01
6.166722178459167480e-01
-6.824701428413391113e-01
-3.487222790718078613e-01
-4.664169847965240479e-01
-4.667703434824943542e-02
3.334623575210571289e-01
-2.280278690159320831e-02
-2.225592732429504395e-01
3.020721375942230225e-01
1.670501977205276489e-01
8.359939455986022949e-01
1.210785031318664551e+00
3.991689682006835938e-01
6.443032026290893555e-01
1.488187909126281738e-01
5.832734107971191406e-01
1.305348575115203857e-01
-2.739502489566802979e-01
-3.217092752456665039e-01
-3.627669811248779297e-02
-5.197528004646301270e-01
-3.274586200714111328e-01
-1.709247827529907227e-01
-3.110608756542205811e-01
-4.845042228698730469e-01
-4.391364455223083496e-01
5.635182186961174011e-02
1.456849128007888794e-01
9.948004782199859619e-02
3.054995536804199219e-01
2.063868641853332520e-01
1.824140921235084534e-02
-5.399354919791221619e-02
-1.607542484998703003e-01
4.135732650756835938e-01
-3.773900270462036133e-01
2.089438289403915405e-01
-1.213634610176086426e-01
2.917383015155792236e-01
-2.689126692712306976e-02
9.082592278718948364e-02
3.347130715847015381e-01
9.031419642269611359e-03
-1.436918526887893677e-01
-9.392168372869491577e-03
-6.659488379955291748e-02
-3.853545337915420532e-02
-7.867477834224700928e-02
2.329989522695541382e-01
1.755193024873733521e-01
4.769448935985565186e-01
-1.083578169345855713e-01
-4.892729222774505615e-01
-2.695170938968658447e-01
4.474987387657165527e-01
1.066889464855194092e-01
5.067781209945678711e-01
1.855213046073913574e-01
2.928321957588195801e-01
7.069652527570724487e-02
3.778746724128723145e-01
4.528498053550720215e-01
7.759200781583786011e-02
3.381469547748565674e-01
-3.915143758058547974e-02
4.409626722335815430e-01
-2.088942229747772217e-01
-1.062216162681579590e-01
-4.995038211345672607e-01
-1.883676946163177490e-01
-1.499352157115936279e-01
2.332555800676345825e-01
-1.681576073169708252e-01
-7.543382793664932251e-02
-1.632718145847320557e-01
-3.964158296585083008e-01
-4.686363507062196732e-03
-3.464458286762237549e-01
1.721961423754692078e-02
3.942700847983360291e-02
-9.290099143981933594e-02
-2.875242233276367188e-01
-2.657449804246425629e-03
-3.849928081035614014e-02
-3.629299104213714600e-01
-9.876370429992675781e-02
3.197090029716491699e-01
2.642405033111572266e-01
4.642669856548309326e-01
2.060293257236480713e-01
2.060323655605316162e-01
2.000448405742645264e-01
2.912273108959197998e-01
8.012580871582031250e-02
1.902232170104980469e-01
2.176029533147811890e-01
-1.672120690345764160e-01
4.589991867542266846e-01
-2.275086045265197754e-01
8.864136785268783569e-02
1.424458771944046021e-01
5.540648847818374634e-02
3.442665338516235352e-01
-2.926716022193431854e-02
1.963924914598464966e-01
-2.900094091892242432e-01
-5.329407751560211182e-02
1.141205728054046631e-01
1.474013179540634155e-01
-2.959446609020233154e-01
-2.326327413320541382e-01
-1.986253261566162109e-01
-1.499232351779937744e-01
-2.485205978155136108e-01
-4.985813498497009277e-01
-1.924535483121871948e-01
1.668259799480438232e-01
4.166533946990966797e-01
3.010177612304687500e-01
-2.940817773342132568e-01
1.997039467096328735e-01
-2.331861108541488647e-01
2.989967465400695801e-01
-3.975178301334381104e-01
1.667747348546981812e-01
-3.176241815090179443e-01
-4.449813812971115112e-02
3.380623161792755127e-01
5.017617344856262207e-01
5.071016550064086914e-01
2.747507691383361816e-01
4.565843045711517334e-01
1.135277748107910156e-01
5.320211127400398254e-02
-8.398041129112243652e-02
3.216797411441802979e-01
-1.229435205459594727e-02
-1.214584894478321075e-02
-3.803284168243408203e-01
-2.520467340946197510e-01
-2.459452003240585327e-01
5.570868030190467834e-02
-7.353883385658264160e-01
-9.753255844116210938e-01
-6.793534755706787109e-01
3.723805546760559082e-01
2.763870656490325928e-01
1.098471045494079590e+00
6.774827837944030762e-01
7.686734199523925781e-01
1.481750905513763428e-01
-1.909277886152267456e-01
-1.776223182678222656e-01
-3.394848108291625977e-01
3.574190139770507812e-01
-1.089462265372276306e-01
2.258008867502212524e-01
-2.533749639987945557e-01
-1.008637323975563049e-01
-2.065057158470153809e-01
2.206117510795593262e-01
-8.777477778494358063e-03
5.802512168884277344e-01
4.139413237571716309e-01
2.119177021086215973e-03
4.448417946696281433e-02
1.417254060506820679e-01
1.044911146163940430e-01
-1.907543279230594635e-02
-7.423948496580123901e-02
-5.143048763275146484e-01
-9.249074757099151611e-02
1.889901161193847656e-01
1.523619145154953003e-01
3.745565116405487061e-01
-2.779943943023681641e-01
-2.413610816001892090e-01
-2.408526241779327393e-01
1.272225230932235718e-01
2.780498862266540527e-01
1.539283096790313721e-01
1.376980692148208618e-01
2.037802040576934814e-01
-3.726681768894195557e-01
-4.019937813282012939e-01
5.346554517745971680e-02
-1.152729243040084839e-01
2.690521180629730225e-01
8.985130488872528076e-02
2.983084022998809814e-01
-1.132034230977296829e-02
5.072489976882934570e-01
2.724213004112243652e-01
1.889402121305465698e-01
3.371898531913757324e-01
2.080736160278320312e-01
-5.316175222396850586e-01
2.983603179454803467e-01
-2.297710999846458435e-02
-1.593149900436401367e-01
-2.697619497776031494e-01
-4.003024399280548096e-01
-1.389362961053848267e-01
5.266077518463134766e-01
-3.159425258636474609e-01
-1.374201178550720215e-01
-4.461305141448974609e-01
-2.033646404743194580e-01
7.301049828529357910e-01
5.403760820627212524e-02
4.342513382434844971e-01
4.658770188689231873e-02
9.149084240198135376e-02
2.558736205101013184e-01
2.889990806579589844e-01
-1.604154855012893677e-01
2.299325317144393921e-01
3.260715901851654053e-01
1.350809633731842041e-01
3.966005444526672363e-01
2.887231763452291489e-03
2.699281573295593262e-01
3.028275072574615479e-01
1.910587549209594727e-01
5.429772734642028809e-01
2.264136821031570435e-01
4.539650380611419678e-01
-2.136813998222351074e-01
-6.005683913826942444e-02
-2.233052849769592285e-01
-1.011008769273757935e-01
8.039390295743942261e-02
3.208187222480773926e-01
-3.160322010517120361e-01
5.351759195327758789e-01
2.644112110137939453e-01
1.857410743832588196e-02
-2.545048296451568604e-01
-2.907807938754558563e-02
9.686256200075149536e-02
6.011566519737243652e-01
4.088957905769348145e-01
7.037050724029541016e-01
2.055139690637588501e-01
3.002977669239044189e-01
-4.552118778228759766e-01
-7.521140575408935547e-01
-6.551511883735656738e-01
-1.692139655351638794e-01
-7.674393057823181152e-01
-7.539612054824829102e-01
-7.478640675544738770e-01
-2.776463031768798828e-01
-2.528068423271179199e-02
-1.164524108171463013e-01
4.739914834499359131e-01
1.034668907523155212e-01
2.740930914878845215e-01
9.161374717950820923e-02
3.885113000869750977e-01
-2.559361457824707031e-01
4.756719470024108887e-01
2.959668636322021484e-01
6.936471462249755859e-01
5.846083164215087891e-01
2.939790189266204834e-01
3.255194127559661865e-01
5.417217686772346497e-02
-2.305823266506195068e-01
-1.771029531955718994e-01
-2.080354243516921997e-01
-2.248345315456390381e-02
2.875330150127410889e-01
4.840078949928283691e-01
8.347699046134948730e-01
4.595364332199096680e-01
2.585834562778472900e-01
-3.538003265857696533e-01
-7.507672905921936035e-01
-5.639402270317077637e-01
-3.642248213291168213e-01
-3.443188667297363281e-01
5.783481989055871964e-03
-2.063960582017898560e-02
5.896569043397903442e-02
-3.844162523746490479e-01
1.925881952047348022e-01
1.918266266584396362e-01
4.341938495635986328e-01
5.708009004592895508e-01
-6.667846441268920898e-02
4.603080153465270996e-01
-1.965720802545547485e-01
4.191667139530181885e-01
1.439087688922882080e-01
6.107032895088195801e-01
2.312021404504776001e-01
4.901457428932189941e-01
2.418155372142791748e-01
2.538391351699829102e-01
-8.960161358118057251e-05
-1.323553472757339478e-01
-1.529981940984725952e-02
5.877266079187393188e-02
-2.608140408992767334e-01
-1.022722050547599792e-01
-4.082564711570739746e-01
-5.116025805473327637e-01
-7.376720011234283447e-02
2.010979503393173218e-01
3.703796267509460449e-01
1.507323235273361206e-01
5.065304636955261230e-01
1.661536693572998047e-01
-1.097274497151374817e-01
-1.603108793497085571e-01
-1.154617518186569214e-01
4.262379556894302368e-02
7.650697976350784302e-02
1.983287036418914795e-01
4.573493301868438721e-01
-1.498218476772308350e-01
-4.150426387786865234e-01
-2.190074175596237183e-01
-2.279042452573776245e-02
1.228682994842529297e+00
2.368518352508544922e+00
6.353183984756469727e-01
8.676022291183471680e-01
2.248338907957077026e-01
3.270601630210876465e-01
-4.269381165504455566e-01
-3.651489019393920898e-01
-3.819146752357482910e-01
4.981333911418914795e-01
6.295825541019439697e-02
2.787654399871826172e-01
-1.452052444219589233e-01
-5.034530758857727051e-01
-2.383370846509933472e-01
-1.712636649608612061e-01
4.095426797866821289e-01
1.020495519042015076e-01
3.788839280605316162e-02
-1.462587416172027588e-01
-1.686318367719650269e-01
-6.163385137915611267e-02
7.263448834419250488e-02
2.237266749143600464e-01
5.062421038746833801e-02
3.905825018882751465e-01
4.813686013221740723e-02
3.330435231328010559e-02
-1.746152937412261963e-01
-1.883789151906967163e-01
-2.067915946245193481e-01
-3.019191622734069824e-01
-3.169270753860473633e-01
-5.621632188558578491e-02
-1.844138205051422119e-01
1.156045943498611450e-01
-7.573711872100830078e-02
-1.572710424661636353e-01
-9.249546378850936890e-02
1.227162256836891174e-01
3.729672729969024658e-01
1.936211585998535156e-01
1.613569110631942749e-01
4.343412518501281738e-01
2.059168815612792969e-01
3.677282333374023438e-01
2.150704413652420044e-01
4.771420955657958984e-01
2.744757831096649170e-01
-2.099112980067729950e-02
3.081815540790557861e-01
-1.785176992416381836e-01
-2.655756473541259766e-01
6.697033345699310303e-02
5.436164792627096176e-03
1.702264249324798584e-01
-4.112262129783630371e-01
-6.056242436170578003e-02
-3.338656127452850342e-01
-2.207244038581848145e-01
-2.533540129661560059e-02
1.846819072961807251e-01
2.743584103882312775e-02
-9.755541570484638214e-03
5.283338204026222229e-02
2.434494644403457642e-01
-9.121631272137165070e-03
5.623058676719665527e-01
-2.231698855757713318e-02
5.821394920349121094e-02
2.970211505889892578e-01
2.225293666124343872e-01
9.070618152618408203e-01
-2.315252125263214111e-01
7.144520282745361328e-01
-3.382575511932373047e-01
-3.035764023661613464e-02
-4.923941493034362793e-01
-3.863162919878959656e-02
-1.472075879573822021e-01
1.408818364143371582e-01
2.884732484817504883e-01
-2.058252692222595215e-02
5.109394192695617676e-01
-4.232239127159118652e-01
5.750986337661743164e-01
-2.161035984754562378e-01
-7.091106176376342773e-01
-6.368659138679504395e-01
-8.723272085189819336e-01
-4.402065575122833252e-01
1.399571746587753296e-01
8.101771026849746704e-02
1.025289773941040039e+00
6.097429394721984863e-01
9.670884609222412109e-01
-1.445681750774383545e-01
3.980649411678314209e-01
-2.626626491546630859e-01
-3.752225637435913086e-01
-1.574911773204803467e-01
-3.081472516059875488e-01
-1.838339567184448242e-01
-4.911600351333618164e-01
-2.652175128459930420e-01
3.291257321834564209e-01
3.844721317291259766e-01
6.414620280265808105e-01
2.889316678047180176e-01
-5.604966543614864349e-03
9.971619397401809692e-02
1.047572717070579529e-01
-3.232072889804840088e-01
-7.176207900047302246e-01
-4.538749456405639648e-01
-5.972748398780822754e-01
9.400657564401626587e-02
-3.606109619140625000e-01
-5.160843729972839355e-01
2.462404668331146240e-01
2.066976390779018402e-02
4.227003753185272217e-01
-4.080216586589813232e-02
-8.773087710142135620e-02
-1.653246581554412842e-02
6.390668749809265137e-01
7.632501721382141113e-01
7.589632868766784668e-01
-2.515284121036529541e-01
-3.969106823205947876e-02
-4.821128249168395996e-01
3.439843654632568359e-01
4.875899478793144226e-02
-2.979491464793682098e-02
4.106751084327697754e-01
7.596646994352340698e-02
2.131308764219284058e-01
3.145594596862792969e-01
7.771251350641250610e-02
-3.146308958530426025e-01
2.317432910203933716e-01
-1.384132504463195801e-01
-5.254700183868408203e-01
-1.920363157987594604e-01
3.104761242866516113e-02
2.181163243949413300e-02
4.014411568641662598e-01
8.940332382917404175e-02
5.657318979501724243e-03
-3.920170664787292480e-02
-2.344247549772262573e-01
-5.002275109291076660e-01
-4.233379662036895752e-01
-3.658736497163772583e-02
1.298785358667373657e-01
-1.523760110139846802e-01
-2.658937573432922363e-01
