6.400802731513977051e-01
-2.861630320549011230e-01
2.739737033843994141e-01
-8.470313251018524170e-02
-2.919323444366455078e-01
-2.061885893344879150e-01
-2.362652868032455444e-01
-7.520881295204162598e-01
-3.803802132606506348e-01
2.297902479767799377e-02
-2.833485603332519531e-01
-3.403565883636474609e-01
-1.607449501752853394e-01
-1.244003325700759888e-01
4.533469974994659424e-01
1.932370811700820923e-01
2.136926501989364624e-01
4.727592170238494873e-01
6.382329463958740234e-01
1.796319782733917236e-01
-1.868048161268234253e-01
-1.879683285951614380e-01
-6.519787311553955078e-01
-4.546675384044647217e-01
-6.716879606246948242e-01
-7.199893593788146973e-01
1.525287479162216187e-01
-2.509570419788360596e-01
2.891875505447387695e-01
-5.610740184783935547e-01
-9.912446141242980957e-02
-2.459901571273803711e-02
-1.649595648050308228e-01
-1.640320271253585815e-01
5.136225223541259766e-01
1.329366713762283325e-01
-7.913219928741455078e-02
-4.037521183490753174e-01
-4.228836856782436371e-03
1.109973862767219543e-01
-3.299413025379180908e-01
-3.858374953269958496e-01
5.186791345477104187e-02
-5.023342557251453400e-03
5.094144865870475769e-02
2.571427822113037109e-01
7.252766489982604980e-01
6.641572117805480957e-01
5.569925904273986816e-02
-3.725876808166503906e-01
-1.917885392904281616e-01
-4.485198855400085449e-02
-6.339688897132873535e-01
1.371500045061111450e-01
-5.135091021656990051e-03
-1.556835472583770752e-01
-1.024172902107238770e+00
-9.885324239730834961e-01
-5.491809844970703125e-01
-2.191669344902038574e-01
1.880940794944763184e-01
3.168988227844238281e-01
9.930071979761123657e-02
1.032494381070137024e-01
2.979000508785247803e-01
9.821627736091613770e-01
8.248629570007324219e-01
1.013170957565307617e+00
2.729002237319946289e-01
-3.113162219524383545e-01
-2.143948078155517578e-01
-3.086092174053192139e-01
5.799291133880615234e-01
1.483237892389297485e-01
-3.502312004566192627e-01
-4.371286630630493164e-01
-6.088023781776428223e-01
-6.806222796440124512e-01
-1.963156312704086304e-01
-3.630251586437225342e-01
-4.960732534527778625e-02
4.076581075787544250e-02
6.443588137626647949e-01
6.268771886825561523e-01
7.548094540834426880e-02
2.266367152333259583e-02
-3.630438446998596191e-02
-1.940520852804183960e-01
-1.821158379316329956e-01
-2.116667479276657104e-01
-4.969470202922821045e-01
-1.438457071781158447e-01
8.011519908905029297e-02
-4.236438274383544922e-01
-3.083365261554718018e-01
-7.082539200782775879e-01
1.006998196244239807e-01
7.148640602827072144e-02
5.793361663818359375e-01
-1.018614768981933594e-01
-5.842779874801635742e-01
-3.872756063938140869e-01
2.098076194524765015e-01
-3.757818937301635742e-01
5.630003213882446289e-01
4.121868908405303955e-01
-4.679818451404571533e-01
-3.932749480009078979e-02
6.693518161773681641e-02
3.587549924850463867e-01
3.125814497470855713e-01
5.804113745689392090e-01
9.511732459068298340e-01
9.026275277137756348e-01
4.298208057880401611e-01
1.002532690763473511e-01
-3.882694840431213379e-01
-2.110171616077423096e-01
1.309660375118255615e-01
-7.533345818519592285e-01
-3.539847731590270996e-01
-6.585912108421325684e-01
1.536249928176403046e-02
-6.512575596570968628e-02
-6.518681645393371582e-01
2.227331101894378662e-01
6.209592819213867188e-01
4.572101831436157227e-01
6.353034377098083496e-01
2.476758211851119995e-01
-6.986072659492492676e-01
-1.390820384025573730e+00
-1.410349011421203613e+00
-9.995368123054504395e-01
-7.356681823730468750e-01
-1.193111091852188110e-01
7.657257467508316040e-02
2.968997508287429810e-02
4.259043633937835693e-01
6.821902990341186523e-01
6.383638978004455566e-01
1.023064255714416504e+00
5.930218696594238281e-01
8.320798277854919434e-01
2.006776481866836548e-01
2.600097656250000000e-01
-2.613236308097839355e-01
-6.070448160171508789e-01
-6.621905565261840820e-01
-6.408997774124145508e-01
-7.542386054992675781e-01
-7.179255485534667969e-01
-6.025823354721069336e-01
-7.307390123605728149e-02
1.542914211750030518e-01
1.648570746183395386e-01
9.021577239036560059e-01
7.480643987655639648e-01
4.545460641384124756e-01
1.915129572153091431e-01
9.954690188169479370e-02
-1.083170063793659210e-02
4.368516802787780762e-01
4.064311087131500244e-01
2.258696556091308594e-01
2.060769051313400269e-01
-1.831299364566802979e-01
-5.545449256896972656e-01
-5.455326437950134277e-01
-4.901428520679473877e-01
-3.253280371427536011e-02
1.521736383438110352e-01
2.316055595874786377e-01
-1.638048887252807617e-01
-4.737756848335266113e-01
-5.870456695556640625e-01
-8.891447782516479492e-01
-7.213438749313354492e-01
-1.316062361001968384e-01
2.640741169452667236e-01
4.858517944812774658e-01
-3.413572534918785095e-02
5.374551415443420410e-01
4.594967961311340332e-01
1.814359575510025024e-01
2.771736085414886475e-01
6.327617913484573364e-02
6.094490289688110352e-01
4.352751076221466064e-01
2.861735820770263672e-01
2.836085557937622070e-01
-1.784886419773101807e-01
-6.288456916809082031e-01
-2.819322645664215088e-01
-3.280331492424011230e-01
-1.457111984491348267e-01
9.892734140157699585e-02
3.180790543556213379e-01
7.970704138278961182e-02
-4.679549634456634521e-01
-2.062928080558776855e-01
-4.903807640075683594e-01
-9.386668205261230469e-01
1.831579059362411499e-01
-1.058460697531700134e-01
3.614490330219268799e-01
3.403172791004180908e-01
1.404818333685398102e-02
-2.235241681337356567e-01
-4.020791947841644287e-01
2.026363462209701538e-01
7.281084060668945312e-01
1.787377744913101196e-01
1.883334815502166748e-01
-6.539120338857173920e-03
3.056488037109375000e-01
-1.722175776958465576e-01
-7.897986471652984619e-02
-3.998255729675292969e-01
-3.110727965831756592e-01
2.237780243158340454e-01
-9.562579393386840820e-01
-4.049189686775207520e-01
-6.734334230422973633e-01
-1.523189306259155273e+00
-3.694743290543556213e-02
7.894583791494369507e-02
2.857197821140289307e-01
9.798418730497360229e-03
1.037895083427429199e+00
2.937900125980377197e-01
1.152248501777648926e+00
5.233776569366455078e-01
1.886609196662902832e-01
2.014388144016265869e-01
-5.505594015121459961e-01
-1.699258834123611450e-01
6.468514353036880493e-02
-4.141036272048950195e-01
-3.697635233402252197e-02
-2.333466857671737671e-01
-3.941909074783325195e-01
-1.533218920230865479e-01
-3.072266280651092529e-01
-4.115634262561798096e-01
-4.243911504745483398e-01
-2.530649304389953613e-01
-2.894156277179718018e-01
5.755719542503356934e-01
-6.774577498435974121e-02
2.197243124246597290e-01
-4.518253505229949951e-01
-1.079190373420715332e-01
-5.415702462196350098e-01
-3.095873296260833740e-01
-1.855007410049438477e-01
-5.167411565780639648e-01
7.624687999486923218e-02
2.128293663263320923e-01
-2.113671004772186279e-01
4.265817403793334961e-01
1.203549578785896301e-01
-9.172293543815612793e-02
9.873193502426147461e-02
-6.162482500076293945e-02
-2.241960316896438599e-01
1.602427065372467041e-01
-6.864073872566223145e-02
2.380277216434478760e-02
-2.839314341545104980e-01
-4.178394675254821777e-01
-2.134962975978851318e-01
1.072914451360702515e-01
-3.909294605255126953e-01
-1.281101107597351074e-01
-3.911666870117187500e-01
1.312109678983688354e-01
1.848458498716354370e-01
1.291313618421554565e-01
3.200643956661224365e-01
1.806113570928573608e-01
6.740055084228515625e-01
-4.315179213881492615e-02
-1.732519418001174927e-01
4.877871870994567871e-01
5.642781406641006470e-02
-3.121795654296875000e-01
-1.885319501161575317e-01
1.794831454753875732e-01
-5.646037459373474121e-01
-1.877626180648803711e-01
-1.183262243866920471e-01
-1.454429468140006065e-03
-1.262801885604858398e-01
4.725469350814819336e-01
-3.047157526016235352e-01
-2.896171808242797852e-01
-3.112777173519134521e-01
2.702050209045410156e-01
-7.991153001785278320e-02
1.492175459861755371e-01
3.499715626239776611e-01
-4.617435932159423828e-01
-4.804294705390930176e-01
-6.325763463973999023e-01
-3.557246625423431396e-01
-2.271192967891693115e-01
6.329109426587820053e-03
3.497377932071685791e-01
4.507005214691162109e-01
5.573770999908447266e-01
-2.935978174209594727e-01
-5.703883618116378784e-02
-1.493376344442367554e-01
2.280893623828887939e-01
-7.091108709573745728e-02
-5.422398075461387634e-02
-6.677687168121337891e-01
-3.733001947402954102e-01
-4.794584512710571289e-01
5.998303294181823730e-01
-2.845043241977691650e-01
2.799986004829406738e-01
1.341325044631958008e-01
2.598975598812103271e-01
-9.783448651432991028e-03
1.058859676122665405e-01
-3.396829962730407715e-01
-4.135397970676422119e-01
-3.585595488548278809e-01
5.412181466817855835e-02
-3.779383897781372070e-01
3.803204596042633057e-01
1.023615077137947083e-01
1.625873595476150513e-01
-2.409271001815795898e-01
7.743180543184280396e-02
-7.597931474447250366e-02
5.483688116073608398e-01
-9.117344021797180176e-01
1.188340596854686737e-02
-2.599788308143615723e-01
-5.880106687545776367e-01
-4.124337434768676758e-01
-2.023848742246627808e-01
-1.065010875463485718e-01
-2.598346471786499023e-01
-1.109579280018806458e-01
2.336362600326538086e-01
5.145560503005981445e-01
6.505756378173828125e-01
-4.445340111851692200e-02
1.223272979259490967e-01
3.804767131805419922e-02
4.360410571098327637e-01
5.339387059211730957e-01
3.196908831596374512e-01
-8.704357594251632690e-02
1.808396577835083008e-01
1.458827108144760132e-01
3.241303935647010803e-02
1.234378293156623840e-01
-2.486513704061508179e-01
-1.659389019012451172e+00
-4.931237697601318359e-01
-1.591432094573974609e-02
-4.412732422351837158e-01
1.256269365549087524e-01
-5.764026567339897156e-02
1.650762557983398438e-01
2.563474178314208984e-01
3.965372145175933838e-01
3.253075182437896729e-01
1.042264699935913086e-01
1.192860677838325500e-02
-8.924371004104614258e-02
-1.320513896644115448e-02
1.636020988225936890e-01
-3.091004788875579834e-01
-2.388574555516242981e-02
-9.577073156833648682e-02
-6.308946013450622559e-01
-2.199000567197799683e-01
-2.587689459323883057e-01
3.288517892360687256e-01
4.642184674739837646e-01
-1.103936806321144104e-01
4.731889069080352783e-01
4.731312096118927002e-01
5.493527650833129883e-01
1.414092630147933960e-01
-2.233633249998092651e-01
-3.962330520153045654e-01
-1.896257251501083374e-01
1.717258095741271973e-01
-5.739815533161163330e-02
6.039255261421203613e-01
-2.788668498396873474e-02
-3.161439895629882812e-01
-2.425790131092071533e-01
2.943209931254386902e-02
-7.493169903755187988e-01
-3.551531732082366943e-01
-3.895449638366699219e-01
4.297684645280241966e-04
-6.891297101974487305e-01
-6.303141713142395020e-01
-4.019822776317596436e-01
6.526420712471008301e-01
5.940986871719360352e-01
7.409498095512390137e-02
3.348425030708312988e-01
7.865966111421585083e-02
-3.058497011661529541e-01
-7.829040288925170898e-01
-1.039341926574707031e+00
-1.581160783767700195e+00
-3.245514333248138428e-01
3.405022323131561279e-01
3.256090581417083740e-01
3.923143446445465088e-01
9.813963770866394043e-01
5.036301016807556152e-01
6.618898510932922363e-01
5.074718594551086426e-01
1.651559323072433472e-01
3.107270598411560059e-01
-6.673385202884674072e-02
6.517668813467025757e-02
-6.010732054710388184e-01
-5.894253849983215332e-01
-6.143202185630798340e-01
1.712088733911514282e-01
-8.949624001979827881e-02
1.445533782243728638e-01
-4.846278131008148193e-01
-4.681249260902404785e-01
-2.900433838367462158e-01
-7.774840593338012695e-01
-2.848449721932411194e-02
-2.822145223617553711e-01
-2.961206994950771332e-02
-1.257734000682830811e-01
-4.753114283084869385e-01
3.160593211650848389e-01
2.117157876491546631e-01
2.810084223747253418e-01
2.758935466408729553e-02
-3.015394508838653564e-01
-2.734098434448242188e-01
2.462576776742935181e-01
6.523271799087524414e-01
3.633693158626556396e-01
3.385351300239562988e-01
4.261525273323059082e-01
-1.621497422456741333e-01
-3.511466979980468750e-01
-1.535464525222778320e-01
2.440009564161300659e-01
3.967640697956085205e-01
-5.379060506820678711e-01
-2.516828477382659912e-01
-6.017811894416809082e-01
1.078879088163375854e-01
1.706282943487167358e-01
4.854547977447509766e-01
-9.288182854652404785e-02
1.941940337419509888e-01
-2.259217649698257446e-01
-2.340840101242065430e-01
1.584787815809249878e-01
-5.549053549766540527e-01
-4.695533961057662964e-02
1.012704223394393921e-01
-3.578996360301971436e-01
-5.437782406806945801e-01
5.102855339646339417e-02
-6.392405368387699127e-03
1.993553340435028076e-01
6.964221596717834473e-02
-5.846360921859741211e-01
-6.518387794494628906e-01
-2.965083420276641846e-01
1.605355590581893921e-01
1.212154477834701538e-01
5.245806574821472168e-01
-2.362108044326305389e-02
1.634999662637710571e-01
6.635671015828847885e-03
2.292942553758621216e-01
4.896908998489379883e-01
-3.597925305366516113e-01
-2.266680002212524414e-01
-7.091431021690368652e-01
-1.231984123587608337e-01
2.798312306404113770e-01
-2.245644181966781616e-01
-2.185604423284530640e-01
1.362322643399238586e-02
-2.856200039386749268e-01
1.270525604486465454e-01
-1.093323603272438049e-01
1.925326138734817505e-01
6.356220245361328125e-01
-1.773918122053146362e-01
5.968292355537414551e-01
4.206693172454833984e-01
3.525693118572235107e-01
-5.991646647453308105e-01
-8.605739474296569824e-01
1.404547989368438721e-01
-7.120487689971923828e-01
2.516462234780192375e-03
