3.702650964260101318e-01
-6.745826601982116699e-01
3.683995008468627930e-01
1.324156045913696289e+00
6.955620646476745605e-01
-8.964550495147705078e-01
6.296824216842651367e-01
2.405460476875305176e-01
1.594486087560653687e-01
-1.695973239839076996e-02
-2.225830256938934326e-01
4.774866998195648193e-01
1.264703571796417236e-01
6.635749340057373047e-01
-9.001885056495666504e-01
6.727607846260070801e-01
-1.146902322769165039e+00
-5.831215381622314453e-01
-2.116865292191505432e-02
-4.504917263984680176e-01
-1.309176087379455566e-01
-2.998597919940948486e-01
-6.068367362022399902e-01
-3.396358489990234375e-01
2.065255492925643921e-01
-5.032820105552673340e-01
9.164677858352661133e-01
-6.900097727775573730e-01
7.827913165092468262e-01
-3.996824324131011963e-01
8.724990487098693848e-02
-1.083124518394470215e+00
-7.005248069763183594e-01
-1.668894052505493164e+00
-4.110427498817443848e-01
4.286931157112121582e-01
-1.044234037399291992e+00
1.975657820701599121e+00
1.824927330017089844e-01
-7.077961564064025879e-01
4.472663998603820801e-01
-1.185540914535522461e+00
-1.026060223579406738e+00
-3.608365952968597412e-01
-3.531521856784820557e-01
-7.499282360076904297e-01
-7.917896509170532227e-01
2.327847182750701904e-01
-1.452989816665649414e+00
-1.343427449464797974e-01
-6.320112943649291992e-01
-9.339417517185211182e-02
7.751838564872741699e-01
1.204879283905029297e+00
-9.353324770927429199e-01
1.172136902809143066e+00
-8.997352123260498047e-01
-5.169098377227783203e-01
5.971316099166870117e-01
4.767784774303436279e-01
-9.623563289642333984e-01
9.930477142333984375e-01
4.141649305820465088e-01
-8.013768196105957031e-01
4.102997183799743652e-01
1.960024684667587280e-01
-7.767333984375000000e-01
-1.046754002571105957e+00
-8.071218729019165039e-01
2.993165254592895508e-01
-8.461034297943115234e-02
-6.273282766342163086e-01
-6.465343832969665527e-01
-1.913784742355346680e-01
-2.173934698104858398e+00
-1.192658424377441406e+00
5.585346221923828125e-01
4.853249192237854004e-01
8.503558635711669922e-01
-1.073746800422668457e+00
1.056756734848022461e+00
2.283121198415756226e-01
-5.753876641392707825e-02
-6.728110909461975098e-01
-1.839254617691040039e+00
-1.530600905418395996e+00
-3.614271581172943115e-01
-8.736889958381652832e-01
-3.018284440040588379e-01
1.458274871110916138e-01
-3.403617739677429199e-01
-7.742046564817428589e-02
9.435817599296569824e-01
4.334203898906707764e-01
1.123994350433349609e+00
-1.296547651290893555e-01
-8.596555590629577637e-01
9.384421706199645996e-01
-1.268846273422241211e+00
3.155835866928100586e-01
-1.676268875598907471e-01
4.311855435371398926e-01
1.092333570122718811e-01
-3.293296396732330322e-01
1.654771715402603149e-01
-5.800093412399291992e-01
1.868272423744201660e-01
1.568804681301116943e-01
8.833231329917907715e-01
2.416997849941253662e-01
6.593284010887145996e-01
6.026742458343505859e-01
-4.177568852901458740e-01
-1.029893875122070312e+00
-1.860534906387329102e+00
-1.915113925933837891e+00
-1.010917901992797852e+00
-2.514711022377014160e-02
9.436298012733459473e-01
-9.957240223884582520e-01
5.670590400695800781e-01
-9.446775913238525391e-02
-1.001970410346984863e+00
7.008762955665588379e-01
-3.770706653594970703e-01
2.854703068733215332e-01
9.601592319086194038e-04
-5.511828064918518066e-01
-6.852747201919555664e-01
2.314834855496883392e-02
-2.065945118665695190e-01
2.619890123605728149e-02
3.601939082145690918e-01
3.085525631904602051e-01
-2.361966967582702637e-01
2.199202477931976318e-01
2.374705672264099121e-01
9.396793842315673828e-01
-5.333254933357238770e-01
1.562977910041809082e+00
5.309960842132568359e-01
5.638015270233154297e-01
-4.585159420967102051e-01
-1.724652647972106934e-01
2.099280655384063721e-01
-7.058213949203491211e-01
-8.846061825752258301e-01
-7.733778357505798340e-01
-4.103414416313171387e-01
5.016962885856628418e-01
-3.548407077789306641e+00
-1.170915484428405762e+00
-1.105433702468872070e+00
4.441276192665100098e-01
-5.202720165252685547e-01
-1.064290165901184082e+00
-9.131104350090026855e-01
2.115063965320587158e-01
1.098440766334533691e+00
9.633433818817138672e-01
-3.823030591011047363e-01
1.341852903366088867e+00
6.393806338310241699e-01
-1.273153066635131836e+00
3.074580430984497070e-01
-1.329007029533386230e+00
-2.276557087898254395e-01
-1.370121836662292480e+00
-3.234085440635681152e-01
-7.786769419908523560e-02
1.117654561996459961e+00
-3.287726044654846191e-01
-1.276753187179565430e+00
7.560791373252868652e-01
4.316195547580718994e-01
6.735862493515014648e-01
-1.093168973922729492e+00
5.329354852437973022e-02
-6.685249209403991699e-01
9.514199197292327881e-02
-6.456610560417175293e-01
1.039182320237159729e-01
-1.206777244806289673e-01
-2.521399855613708496e-01
-9.337827563285827637e-02
-6.332269906997680664e-01
-1.394440885633230209e-03
-1.116780638694763184e+00
3.447053134441375732e-01
-5.739908814430236816e-01
6.615416407585144043e-01
8.097810745239257812e-01
9.433893859386444092e-02
1.387527585029602051e-01
-7.042395472526550293e-01
3.625997304916381836e-01
4.182738661766052246e-01
5.823939442634582520e-01
-5.656146407127380371e-01
-3.016328066587448120e-02
4.914945662021636963e-01
-1.583167910575866699e-01
-9.797896146774291992e-01
-6.292490363121032715e-01
4.306822717189788818e-01
1.090059161186218262e+00
1.235876560211181641e+00
2.543129324913024902e-01
-6.589268445968627930e-01
-1.284943968057632446e-01
-3.658159077167510986e-01
-4.375191032886505127e-01
-1.252267837524414062e+00
-2.933554947376251221e-01
-3.483958169817924500e-02
-4.287816882133483887e-01
-3.820418417453765869e-01
-2.845359444618225098e-01
-5.456309318542480469e-01
6.810209751129150391e-01
9.163867831230163574e-01
5.769250988960266113e-01
-4.994227886199951172e-01
8.768840432167053223e-01
-1.017419174313545227e-01
-3.341633677482604980e-01
1.043674871325492859e-01
5.868432521820068359e-01
6.979591846466064453e-01
-1.344047427177429199e+00
1.553356051445007324e-01
-1.153007984161376953e+00
4.415326714515686035e-01
-6.237415075302124023e-01
3.536011278629302979e-01
3.577915579080581665e-02
-9.347677230834960938e-01
5.377875566482543945e-01
-3.571517765522003174e-02
1.827675551176071167e-01
-1.094550788402557373e-01
-5.241728425025939941e-01
-7.536640018224716187e-02
-6.725234985351562500e-01
-4.881502985954284668e-01
1.215403620153665543e-02
-5.074272751808166504e-01
-5.881643295288085938e-01
-4.931252896785736084e-01
-4.528418481349945068e-01
-1.503582119941711426e+00
-7.051029801368713379e-02
3.228155672550201416e-01
4.281456470489501953e-01
1.053202152252197266e+00
-2.042733579874038696e-01
1.876576542854309082e+00
1.197674632072448730e+00
-1.002472996711730957e+00
5.292240381240844727e-01
-2.903335392475128174e-01
-5.087302327156066895e-01
-4.012617170810699463e-01
-3.235436081886291504e-01
-9.566887021064758301e-01
-7.831048369407653809e-01
-5.299834012985229492e-01
2.597924768924713135e-01
1.584489494562149048e-01
-5.594161748886108398e-01
-3.236480951309204102e-01
3.186239302158355713e-01
8.838131427764892578e-01
9.451653361320495605e-01
-1.078353524208068848e+00
5.357686281204223633e-01
-3.805064037442207336e-02
7.123916745185852051e-01
3.095614016056060791e-01
8.036069273948669434e-01
5.934844613075256348e-01
1.479273676872253418e+00
-1.713572889566421509e-01
4.702256321907043457e-01
-4.262182116508483887e-01
-5.252923965454101562e-01
-3.757860362529754639e-01
-9.506907463073730469e-01
-3.169708847999572754e-01
-9.462633728981018066e-01
-4.132196307182312012e-01
-1.240873932838439941e+00
-1.029386043548583984e+00
-8.601353764533996582e-01
-4.728608131408691406e-01
5.848169922828674316e-01
1.181779950857162476e-01
9.891552925109863281e-01
4.398425295948982239e-02
-3.603393733501434326e-01
9.615065455436706543e-01
5.050749778747558594e-01
-5.736340880393981934e-01
7.677154541015625000e-01
9.822250604629516602e-01
-1.132635831832885742e+00
-2.971067130565643311e-01
-4.344711080193519592e-02
-3.828421831130981445e-01
5.962903052568435669e-02
-1.356549739837646484e+00
3.465009331703186035e-01
-1.750324517488479614e-01
2.840355634689331055e-01
-1.213091984391212463e-02
5.968563631176948547e-02
-1.325633525848388672e-01
1.069686412811279297e+00
-4.253260195255279541e-01
-1.996719002723693848e+00
-1.038907170295715332e+00
3.443518280982971191e-01
9.108375310897827148e-01
-4.493565261363983154e-01
1.016959190368652344e+00
6.900817900896072388e-02
-1.269710958003997803e-01
-9.765928983688354492e-01
-6.585668921470642090e-01
-1.179642677307128906e+00
-1.552142858505249023e+00
-1.595271706581115723e+00
-1.529667377471923828e+00
-3.861962854862213135e-01
5.806468725204467773e-01
-6.012778282165527344e-01
-5.075008273124694824e-01
5.560983419418334961e-01
4.342392683029174805e-01
5.303738117218017578e-01
5.904576778411865234e-01
-3.114708960056304932e-01
4.321963489055633545e-01
2.471977174282073975e-01
3.618789315223693848e-01
5.943634510040283203e-01
6.596397608518600464e-02
-3.929573595523834229e-01
9.551316499710083008e-01
1.034933775663375854e-01
5.026484727859497070e-01
7.552400827407836914e-01
-1.926012486219406128e-01
-5.100624561309814453e-01
-9.741482734680175781e-01
-4.850403070449829102e-01
2.689628601074218750e-01
3.909499943256378174e-01
-2.466238141059875488e-01
1.798886954784393311e-01
-4.109005928039550781e-01
5.757172107696533203e-01
1.572454929351806641e+00
4.610462784767150879e-01
2.193964421749114990e-01
-1.397474482655525208e-02
-1.196905821561813354e-01
-9.895159602165222168e-01
7.895971536636352539e-01
2.309269607067108154e-01
-2.568316459655761719e-01
-4.671485424041748047e-01
4.471117854118347168e-01
-4.922779798507690430e-01
-6.906851530075073242e-01
-7.784903645515441895e-01
-1.078107118606567383e+00
-3.434791266918182373e-01
5.175502896308898926e-01
-7.557075023651123047e-01
8.361657857894897461e-01
-1.113438963890075684e+00
6.620569229125976562e-01
-1.671498268842697144e-01
1.067299842834472656e+00
1.165524244308471680e+00
9.115730971097946167e-02
-8.396282196044921875e-01
5.231266021728515625e-01
3.770208954811096191e-01
7.879506349563598633e-01
-2.268618047237396240e-01
-6.185693740844726562e-01
-2.270509004592895508e-01
-4.704683721065521240e-01
-3.513558804988861084e-01
3.145156800746917725e-02
-7.705720067024230957e-01
6.424203515052795410e-01
-7.252315282821655273e-01
5.637562274932861328e-01
-5.849258303642272949e-01
4.318690299987792969e-01
-5.925086736679077148e-01
9.055682420730590820e-01
-1.926477313041687012e+00
6.007074192166328430e-02
-1.935904659330844879e-02
-3.092878758907318115e-01
-8.237134814262390137e-01
-6.639698743820190430e-01
-6.160977482795715332e-01
-8.040853589773178101e-02
-1.241653442382812500e+00
-2.783669531345367432e-01
-5.537762641906738281e-01
-6.046673655509948730e-01
-1.763722896575927734e-01
1.070122495293617249e-01
-4.207849204540252686e-01
3.146779537200927734e-02
-5.937097072601318359e-01
9.033486247062683105e-01
-8.953875899314880371e-01
1.029665708541870117e+00
9.468162059783935547e-01
9.218720793724060059e-01
1.521575637161731720e-02
-2.244677782058715820e+00
5.133548974990844727e-01
-6.801199316978454590e-01
-6.748282909393310547e-01
-1.020111322402954102e+00
5.040896683931350708e-02
7.802634965628385544e-03
-5.853974223136901855e-01
1.455057114362716675e-01
-3.403281867504119873e-01
5.878992080688476562e-01
6.985949873924255371e-01
-3.694072961807250977e-01
9.004012495279312134e-02
-1.728105068206787109e+00
-4.273439645767211914e-01
-1.487126350402832031e+00
1.435679495334625244e-01
4.222446382045745850e-01
-1.385703980922698975e-01
5.031347870826721191e-01
3.197742104530334473e-01
-3.496120572090148926e-01
7.013475298881530762e-01
-4.405336678028106689e-01
-8.850574493408203125e-01
-1.294816017150878906e+00
-9.316470623016357422e-01
-7.671796083450317383e-01
-4.852293729782104492e-01
1.562052071094512939e-01
-2.091967105865478516e+00
5.550050139427185059e-01
5.923228263854980469e-01
7.227568030357360840e-01
-1.012085795402526855e+00
9.552639126777648926e-01
9.040658473968505859e-01
9.017926454544067383e-01
-1.147316932678222656e+00
2.252519130706787109e-01
-9.361428208649158478e-03
-1.216104850172996521e-01
-2.346238344907760620e-01
3.160660266876220703e-01
-1.287962943315505981e-01
-5.229749083518981934e-01
-9.540899395942687988e-01
-2.494986295700073242e+00
-6.802194714546203613e-01
8.249545097351074219e-01
-1.392354607582092285e+00
4.093913435935974121e-01
-6.112998127937316895e-01
-2.177071571350097656e+00
-9.739628434181213379e-01
-1.719408512115478516e+00
-1.886042952537536621e+00
1.763129532337188721e-01
-8.869015574455261230e-01
1.049945831298828125e+00
-1.237853646278381348e+00
6.608219742774963379e-01
-6.296937912702560425e-02
-4.325636923313140869e-01
-2.966767847537994385e-01
6.601471304893493652e-01
3.394976556301116943e-01
-1.276030659675598145e+00
1.928557604551315308e-01
-1.289231032133102417e-01
-3.915568292140960693e-01
6.830098032951354980e-01
-5.429032444953918457e-01
4.957934617996215820e-01
2.141682654619216919e-01
1.220372617244720459e-01
-1.133473038673400879e+00
5.337976217269897461e-01
4.680489599704742432e-01
-2.231597751379013062e-01
-1.076524376869201660e+00
-6.561242938041687012e-01
-1.081750355660915375e-02
-7.183910161256790161e-02
